0.198 0.315 4.433
0.189 0.151 2.432
0.178 0.183 2.631
0.189 0.257 2.976
0.170 0.131 1.780
0.160 0.180 1.908
0.182 0.241 1.983
0.401 0.372 4.854
0.401 0.150 2.439
0.397 0.182 2.696
0.396 0.298 3.016
0.403 0.125 1.768
0.401 0.178 1.940
0.391 0.271 1.989
0.669 0.412 5.070
0.668 0.150 2.445
0.674 0.182 2.691
0.672 0.311 3.013
0.670 0.126 1.759
0.681 0.179 1.895
0.681 0.274 1.971
1.694 0.442 5.120
1.814 0.149 2.441
1.558 0.183 2.686
1.528 0.323 2.982
1.614 0.125 1.768
1.391 0.180 1.900
1.343 0.273 1.975
