1 0.06
1 0.07
1 0.08
1 0.09
1 0.1
1 0.11
1 0.12
1 0.13
1 0.14
1 0.15
1 0.16
1 0.17
1 0.18
1 0.19
1 0.2
1 0.21
1 0.22
1 0.23
1 0.24
1 0.25
1 0.26
1 0.27
1 0.28
1 0.29
1 0.3
1.1 0.06
1.1 0.07
1.1 0.08
1.1 0.09
1.1 0.1
1.1 0.11
1.1 0.12
1.1 0.13
1.1 0.14
1.1 0.15
1.1 0.16
1.1 0.17
1.1 0.18
1.1 0.19
1.1 0.2
1.1 0.21
1.1 0.22
1.1 0.23
1.1 0.24
1.1 0.25
1.1 0.26
1.1 0.27
1.1 0.28
1.1 0.29
1.1 0.3
1.2 0.07
1.2 0.08
1.2 0.09
1.2 0.1
1.2 0.11
1.2 0.12
1.2 0.13
1.2 0.14
1.2 0.15
1.2 0.16
1.2 0.17
1.2 0.18
1.2 0.19
1.2 0.2
1.2 0.21
1.2 0.22
1.2 0.23
1.2 0.24
1.2 0.25
1.2 0.26
1.2 0.27
1.2 0.28
1.2 0.29
1.2 0.3
1.3 0.07
1.3 0.08
1.3 0.09
1.3 0.1
1.3 0.11
1.3 0.12
1.3 0.13
1.3 0.14
1.3 0.15
1.3 0.16
1.3 0.17
1.3 0.18
1.3 0.19
1.3 0.2
1.3 0.21
1.3 0.22
1.3 0.23
1.3 0.24
1.3 0.25
1.3 0.26
1.3 0.27
1.3 0.28
1.3 0.29
1.3 0.3
1.4 0.08
1.4 0.09
1.4 0.1
1.4 0.11
1.4 0.12
1.4 0.13
1.4 0.14
1.4 0.15
1.4 0.16
1.4 0.17
1.4 0.18
1.4 0.19
1.4 0.2
1.4 0.21
1.4 0.22
1.4 0.23
1.4 0.24
1.4 0.25
1.4 0.26
1.4 0.27
1.4 0.28
1.4 0.29
1.4 0.3
1.5 0.08
1.5 0.09
1.5 0.1
1.5 0.11
1.5 0.12
1.5 0.13
1.5 0.14
1.5 0.15
1.5 0.16
1.5 0.17
1.5 0.18
1.5 0.19
1.5 0.2
1.5 0.21
1.5 0.22
1.5 0.23
1.5 0.24
1.5 0.25
1.5 0.26
1.5 0.27
1.5 0.28
1.5 0.29
1.6 0.09
1.6 0.1
1.6 0.11
1.6 0.12
1.6 0.13
1.6 0.14
1.6 0.15
1.6 0.16
1.6 0.17
1.6 0.18
1.6 0.19
1.6 0.2
1.6 0.21
1.6 0.22
1.6 0.23
1.6 0.24
1.6 0.25
1.6 0.26
1.6 0.27
1.6 0.28
1.6 0.29
1.7 0.09
1.7 0.1
1.7 0.11
1.7 0.12
1.7 0.13
1.7 0.14
1.7 0.15
1.7 0.16
1.7 0.17
1.7 0.18
1.7 0.19
1.7 0.2
1.7 0.21
1.7 0.22
1.7 0.23
1.7 0.24
1.7 0.25
1.7 0.26
1.7 0.27
1.7 0.28
1.7 0.29
1.8 0.1
1.8 0.11
1.8 0.12
1.8 0.13
1.8 0.14
1.8 0.15
1.8 0.16
1.8 0.17
1.8 0.18
1.8 0.19
1.8 0.2
1.8 0.21
1.8 0.22
1.8 0.23
1.8 0.24
1.8 0.25
1.8 0.26
1.8 0.27
1.8 0.28
1.8 0.29
1.9 0.1
1.9 0.11
1.9 0.12
1.9 0.13
1.9 0.14
1.9 0.15
1.9 0.16
1.9 0.17
1.9 0.18
1.9 0.19
1.9 0.2
1.9 0.21
1.9 0.22
1.9 0.23
1.9 0.24
1.9 0.25
1.9 0.26
1.9 0.27
1.9 0.28
1.9 0.29
2 0.11
2 0.12
2 0.13
2 0.14
2 0.15
2 0.16
2 0.17
2 0.18
2 0.19
2 0.2
2 0.21
2 0.22
2 0.23
2 0.24
2 0.25
2 0.26
2 0.27
2 0.28
2 0.29
2.1 0.11
2.1 0.12
2.1 0.13
2.1 0.14
2.1 0.15
2.1 0.16
2.1 0.17
2.1 0.18
2.1 0.19
2.1 0.2
2.1 0.21
2.1 0.22
2.1 0.23
2.1 0.24
2.1 0.25
2.1 0.26
2.1 0.27
2.1 0.28
2.1 0.29
2.2 0.12
2.2 0.13
2.2 0.14
2.2 0.15
2.2 0.16
2.2 0.17
2.2 0.18
2.2 0.19
2.2 0.2
2.2 0.21
2.2 0.22
2.2 0.23
2.2 0.24
2.2 0.25
2.2 0.26
2.2 0.27
2.2 0.28
2.2 0.29
2.3 0.12
2.3 0.13
2.3 0.14
2.3 0.15
2.3 0.16
2.3 0.17
2.3 0.18
2.3 0.19
2.3 0.2
2.3 0.21
2.3 0.22
2.3 0.23
2.3 0.24
2.3 0.25
2.3 0.26
2.3 0.27
2.3 0.28
2.3 0.29
2.4 0.13
2.4 0.14
2.4 0.15
2.4 0.16
2.4 0.17
2.4 0.18
2.4 0.19
2.4 0.2
2.4 0.21
2.4 0.22
2.4 0.23
2.4 0.24
2.4 0.25
2.4 0.26
2.4 0.27
2.4 0.28
2.4 0.29
2.5 0.13
2.5 0.14
2.5 0.15
2.5 0.16
2.5 0.17
2.5 0.18
2.5 0.19
2.5 0.2
2.5 0.21
2.5 0.22
2.5 0.23
2.5 0.24
2.5 0.25
2.5 0.26
2.5 0.27
2.5 0.28
2.5 0.29
2.6 0.14
2.6 0.15
2.6 0.16
2.6 0.17
2.6 0.18
2.6 0.19
2.6 0.2
2.6 0.21
2.6 0.22
2.6 0.23
2.6 0.24
2.6 0.25
2.6 0.26
2.6 0.27
2.6 0.28
2.6 0.29
2.7 0.14
2.7 0.15
2.7 0.16
2.7 0.17
2.7 0.18
2.7 0.19
2.7 0.2
2.7 0.21
2.7 0.22
2.7 0.23
2.7 0.24
2.7 0.25
2.7 0.26
2.7 0.27
2.7 0.28
2.7 0.29
2.8 0.15
2.8 0.16
2.8 0.17
2.8 0.18
2.8 0.19
2.8 0.2
2.8 0.21
2.8 0.22
2.8 0.23
2.8 0.24
2.8 0.25
2.8 0.26
2.8 0.27
2.8 0.28
2.8 0.29
2.9 0.15
2.9 0.16
2.9 0.17
2.9 0.18
2.9 0.19
2.9 0.2
2.9 0.21
2.9 0.22
2.9 0.23
2.9 0.24
2.9 0.25
2.9 0.26
2.9 0.27
2.9 0.28
2.9 0.29
3 0.16
3 0.17
3 0.18
3 0.19
3 0.2
3 0.21
3 0.22
3 0.23
3 0.24
3 0.25
3 0.26
3 0.27
3 0.28
3 0.29
3.1 0.16
3.1 0.17
3.1 0.18
3.1 0.19
3.1 0.2
3.1 0.21
3.1 0.22
3.1 0.23
3.1 0.24
3.1 0.25
3.1 0.26
3.1 0.27
3.1 0.28
3.1 0.29
3.2 0.17
3.2 0.18
3.2 0.19
3.2 0.2
3.2 0.21
3.2 0.22
3.2 0.23
3.2 0.24
3.2 0.25
3.2 0.26
3.2 0.27
3.2 0.28
3.2 0.29
3.3 0.17
3.3 0.18
3.3 0.19
3.3 0.2
3.3 0.21
3.3 0.22
3.3 0.23
3.3 0.24
3.3 0.25
3.3 0.26
3.3 0.27
3.3 0.28
3.3 0.29
3.4 0.18
3.4 0.19
3.4 0.2
3.4 0.21
3.4 0.22
3.4 0.23
3.4 0.24
3.4 0.25
3.4 0.26
3.4 0.27
3.4 0.28
3.4 0.29
3.5 0.18
3.5 0.19
3.5 0.2
3.5 0.21
3.5 0.22
3.5 0.23
3.5 0.24
3.5 0.25
3.5 0.26
3.5 0.27
3.5 0.28
3.5 0.29
3.6 0.19
3.6 0.2
3.6 0.21
3.6 0.22
3.6 0.23
3.6 0.24
3.6 0.25
3.6 0.26
3.6 0.27
3.6 0.28
3.6 0.29
3.7 0.19
3.7 0.2
3.7 0.21
3.7 0.22
3.7 0.23
3.7 0.24
3.7 0.25
3.7 0.26
3.7 0.27
3.7 0.28
3.7 0.29
3.8 0.2
3.8 0.21
3.8 0.22
3.8 0.23
3.8 0.24
3.8 0.25
3.8 0.26
3.8 0.27
3.8 0.28
3.8 0.29
3.9 0.2
3.9 0.21
3.9 0.22
3.9 0.23
3.9 0.24
3.9 0.25
3.9 0.26
3.9 0.27
3.9 0.28
3.9 0.29
4 0.21
4 0.22
4 0.23
4 0.24
4 0.25
4 0.26
4 0.27
4 0.28
4 0.29
4.1 0.21
4.1 0.22
4.1 0.23
4.1 0.24
4.1 0.25
4.1 0.26
4.1 0.27
4.1 0.28
4.1 0.29
4.2 0.22
4.2 0.23
4.2 0.24
4.2 0.25
4.2 0.26
4.2 0.27
4.2 0.28
4.3 0.22
4.3 0.23
4.3 0.24
4.3 0.25
4.3 0.26
4.3 0.27
4.3 0.28
4.4 0.23
4.4 0.24
4.4 0.25
4.4 0.26
4.4 0.27
4.4 0.28
4.5 0.23
4.5 0.24
4.5 0.25
4.5 0.26
4.5 0.27
4.5 0.28
4.6 0.24
4.6 0.25
4.6 0.26
4.6 0.27
4.6 0.28
4.7 0.24
4.7 0.25
4.7 0.26
4.7 0.27
4.7 0.28
4.8 0.25
4.8 0.26
4.8 0.27
4.8 0.28
4.9 0.25
4.9 0.26
4.9 0.27
4.9 0.28
5 0.26
5 0.27
5 0.28
5.1 0.26
5.1 0.27
5.1 0.28
5.2 0.27
5.2 0.28
5.3 0.27
5.3 0.28
5.4 0.28
5.5 0.28
