1 0.06
1 0.07
1 0.08
1 0.09
1 0.1
1 0.11
1 0.12
1 0.13
1 0.14
1 0.15
1 0.16
1 0.17
1 0.18
1 0.19
1 0.2
1 0.21
1 0.22
1 0.23
1 0.24
1 0.25
1 0.26
1 0.27
1 0.28
1 0.29
1 0.3
1 0.31
1 0.32
1 0.33
1 0.34
1 0.35
1 0.36
1 0.37
1 0.38
1 0.39
1 0.4
1 0.41
1 0.42
1 0.43
1 0.44
1 0.45
1 0.46
1 0.47
1 0.48
1 0.49
1 0.5
1 0.51
1 0.52
1 0.53
1 0.54
1 0.55
1 0.56
1 0.57
1 0.58
1 0.59
1 0.6
1 0.61
1 0.62
1 0.63
1 0.64
1 0.65
1 0.66
1 0.67
1 0.68
1 0.69
1 0.7
1.1 0.06
1.1 0.07
1.1 0.08
1.1 0.09
1.1 0.1
1.1 0.11
1.1 0.12
1.1 0.13
1.1 0.14
1.1 0.15
1.1 0.16
1.1 0.17
1.1 0.18
1.1 0.19
1.1 0.2
1.1 0.21
1.1 0.22
1.1 0.23
1.1 0.24
1.1 0.25
1.1 0.26
1.1 0.27
1.1 0.28
1.1 0.29
1.1 0.3
1.1 0.31
1.1 0.32
1.1 0.33
1.1 0.34
1.1 0.35
1.1 0.36
1.1 0.37
1.1 0.38
1.1 0.39
1.1 0.4
1.1 0.41
1.1 0.42
1.1 0.43
1.1 0.44
1.1 0.45
1.1 0.46
1.1 0.47
1.1 0.48
1.1 0.49
1.1 0.5
1.1 0.51
1.1 0.52
1.1 0.53
1.1 0.54
1.1 0.55
1.1 0.56
1.1 0.57
1.1 0.58
1.1 0.59
1.1 0.6
1.1 0.61
1.1 0.62
1.1 0.63
1.1 0.64
1.1 0.65
1.1 0.66
1.1 0.67
1.1 0.68
1.1 0.69
1.1 0.7
1.2 0.07
1.2 0.08
1.2 0.09
1.2 0.1
1.2 0.11
1.2 0.12
1.2 0.13
1.2 0.14
1.2 0.15
1.2 0.16
1.2 0.17
1.2 0.18
1.2 0.19
1.2 0.2
1.2 0.21
1.2 0.22
1.2 0.23
1.2 0.24
1.2 0.25
1.2 0.26
1.2 0.27
1.2 0.28
1.2 0.29
1.2 0.3
1.2 0.31
1.2 0.32
1.2 0.33
1.2 0.34
1.2 0.35
1.2 0.36
1.2 0.37
1.2 0.38
1.2 0.39
1.2 0.4
1.2 0.41
1.2 0.42
1.2 0.43
1.2 0.44
1.2 0.45
1.2 0.46
1.2 0.47
1.2 0.48
1.2 0.49
1.2 0.5
1.2 0.51
1.2 0.52
1.2 0.53
1.2 0.54
1.2 0.55
1.2 0.56
1.2 0.57
1.2 0.58
1.2 0.59
1.2 0.6
1.2 0.61
1.2 0.62
1.2 0.63
1.2 0.64
1.2 0.65
1.2 0.66
1.2 0.67
1.2 0.68
1.2 0.69
1.2 0.7
1.3 0.07
1.3 0.08
1.3 0.09
1.3 0.1
1.3 0.11
1.3 0.12
1.3 0.13
1.3 0.14
1.3 0.15
1.3 0.16
1.3 0.17
1.3 0.18
1.3 0.19
1.3 0.2
1.3 0.21
1.3 0.22
1.3 0.23
1.3 0.24
1.3 0.25
1.3 0.26
1.3 0.27
1.3 0.28
1.3 0.29
1.3 0.3
1.3 0.31
1.3 0.32
1.3 0.33
1.3 0.34
1.3 0.35
1.3 0.36
1.3 0.37
1.3 0.38
1.3 0.39
1.3 0.4
1.3 0.41
1.3 0.42
1.3 0.43
1.3 0.44
1.3 0.45
1.3 0.46
1.3 0.47
1.3 0.48
1.3 0.49
1.3 0.5
1.3 0.51
1.3 0.52
1.3 0.53
1.3 0.54
1.3 0.55
1.3 0.56
1.3 0.57
1.3 0.58
1.3 0.59
1.3 0.6
1.3 0.61
1.3 0.62
1.3 0.63
1.3 0.64
1.3 0.65
1.3 0.66
1.3 0.67
1.3 0.68
1.3 0.69
1.3 0.7
1.4 0.08
1.4 0.09
1.4 0.1
1.4 0.11
1.4 0.12
1.4 0.13
1.4 0.14
1.4 0.15
1.4 0.16
1.4 0.17
1.4 0.18
1.4 0.19
1.4 0.2
1.4 0.21
1.4 0.22
1.4 0.23
1.4 0.24
1.4 0.25
1.4 0.26
1.4 0.27
1.4 0.28
1.4 0.29
1.4 0.3
1.4 0.31
1.4 0.32
1.4 0.33
1.4 0.34
1.4 0.35
1.4 0.36
1.4 0.37
1.4 0.38
1.4 0.39
1.4 0.4
1.4 0.41
1.4 0.42
1.4 0.43
1.4 0.44
1.4 0.45
1.4 0.46
1.4 0.47
1.4 0.48
1.4 0.49
1.4 0.5
1.4 0.51
1.4 0.52
1.4 0.53
1.4 0.54
1.4 0.55
1.4 0.56
1.4 0.57
1.4 0.58
1.4 0.59
1.4 0.6
1.4 0.61
1.4 0.62
1.4 0.63
1.4 0.64
1.4 0.65
1.4 0.66
1.4 0.67
1.4 0.68
1.4 0.69
1.4 0.7
1.5 0.08
1.5 0.09
1.5 0.1
1.5 0.11
1.5 0.12
1.5 0.13
1.5 0.14
1.5 0.15
1.5 0.16
1.5 0.17
1.5 0.18
1.5 0.19
1.5 0.2
1.5 0.21
1.5 0.22
1.5 0.23
1.5 0.24
1.5 0.25
1.5 0.26
1.5 0.27
1.5 0.28
1.5 0.29
1.5 0.3
1.5 0.31
1.5 0.32
1.5 0.33
1.5 0.34
1.5 0.35
1.5 0.36
1.5 0.37
1.5 0.38
1.5 0.39
1.5 0.4
1.5 0.41
1.5 0.42
1.5 0.43
1.5 0.44
1.5 0.45
1.5 0.46
1.5 0.47
1.5 0.48
1.5 0.49
1.5 0.5
1.5 0.51
1.5 0.52
1.5 0.53
1.5 0.54
1.5 0.55
1.5 0.56
1.5 0.57
1.5 0.58
1.5 0.59
1.5 0.6
1.5 0.61
1.5 0.62
1.5 0.63
1.5 0.64
1.5 0.65
1.5 0.66
1.5 0.67
1.5 0.68
1.5 0.69
1.5 0.7
1.6 0.09
1.6 0.1
1.6 0.11
1.6 0.12
1.6 0.13
1.6 0.14
1.6 0.15
1.6 0.16
1.6 0.17
1.6 0.18
1.6 0.19
1.6 0.2
1.6 0.21
1.6 0.22
1.6 0.23
1.6 0.24
1.6 0.25
1.6 0.26
1.6 0.27
1.6 0.28
1.6 0.29
1.6 0.3
1.6 0.31
1.6 0.32
1.6 0.33
1.6 0.34
1.6 0.35
1.6 0.36
1.6 0.37
1.6 0.38
1.6 0.39
1.6 0.4
1.6 0.41
1.6 0.42
1.6 0.43
1.6 0.44
1.6 0.45
1.6 0.46
1.6 0.47
1.6 0.48
1.6 0.49
1.6 0.5
1.6 0.51
1.6 0.52
1.6 0.53
1.6 0.54
1.6 0.55
1.6 0.56
1.6 0.57
1.6 0.58
1.6 0.59
1.6 0.6
1.6 0.61
1.6 0.62
1.6 0.63
1.6 0.64
1.6 0.65
1.6 0.66
1.6 0.67
1.6 0.68
1.6 0.69
1.6 0.7
1.7 0.09
1.7 0.1
1.7 0.11
1.7 0.12
1.7 0.13
1.7 0.14
1.7 0.15
1.7 0.16
1.7 0.17
1.7 0.18
1.7 0.19
1.7 0.2
1.7 0.21
1.7 0.22
1.7 0.23
1.7 0.24
1.7 0.25
1.7 0.26
1.7 0.27
1.7 0.28
1.7 0.29
1.7 0.3
1.7 0.31
1.7 0.32
1.7 0.33
1.7 0.34
1.7 0.35
1.7 0.36
1.7 0.37
1.7 0.38
1.7 0.39
1.7 0.4
1.7 0.41
1.7 0.42
1.7 0.43
1.7 0.44
1.7 0.45
1.7 0.46
1.7 0.47
1.7 0.48
1.7 0.49
1.7 0.5
1.7 0.51
1.7 0.52
1.7 0.53
1.7 0.54
1.7 0.55
1.7 0.56
1.7 0.57
1.7 0.58
1.7 0.59
1.7 0.6
1.7 0.61
1.7 0.62
1.7 0.63
1.7 0.64
1.7 0.65
1.7 0.66
1.7 0.67
1.7 0.68
1.7 0.69
1.7 0.7
1.8 0.1
1.8 0.11
1.8 0.12
1.8 0.13
1.8 0.14
1.8 0.15
1.8 0.16
1.8 0.17
1.8 0.18
1.8 0.19
1.8 0.2
1.8 0.21
1.8 0.22
1.8 0.23
1.8 0.24
1.8 0.25
1.8 0.26
1.8 0.27
1.8 0.28
1.8 0.29
1.8 0.3
1.8 0.31
1.8 0.32
1.8 0.33
1.8 0.34
1.8 0.35
1.8 0.36
1.8 0.37
1.8 0.38
1.8 0.39
1.8 0.4
1.8 0.41
1.8 0.42
1.8 0.43
1.8 0.44
1.8 0.45
1.8 0.46
1.8 0.47
1.8 0.48
1.8 0.49
1.8 0.5
1.8 0.51
1.8 0.52
1.8 0.53
1.8 0.54
1.8 0.55
1.8 0.56
1.8 0.57
1.8 0.58
1.8 0.59
1.8 0.6
1.8 0.61
1.8 0.62
1.8 0.63
1.8 0.64
1.8 0.65
1.8 0.66
1.8 0.67
1.8 0.68
1.8 0.69
1.9 0.1
1.9 0.11
1.9 0.12
1.9 0.13
1.9 0.14
1.9 0.15
1.9 0.16
1.9 0.17
1.9 0.18
1.9 0.19
1.9 0.2
1.9 0.21
1.9 0.22
1.9 0.23
1.9 0.24
1.9 0.25
1.9 0.26
1.9 0.27
1.9 0.28
1.9 0.29
1.9 0.3
1.9 0.31
1.9 0.32
1.9 0.33
1.9 0.34
1.9 0.35
1.9 0.36
1.9 0.37
1.9 0.38
1.9 0.39
1.9 0.4
1.9 0.41
1.9 0.42
1.9 0.43
1.9 0.44
1.9 0.45
1.9 0.46
1.9 0.47
1.9 0.48
1.9 0.49
1.9 0.5
1.9 0.51
1.9 0.52
1.9 0.53
1.9 0.54
1.9 0.55
1.9 0.56
1.9 0.57
1.9 0.58
1.9 0.59
1.9 0.6
1.9 0.61
1.9 0.62
1.9 0.63
1.9 0.64
1.9 0.65
1.9 0.66
1.9 0.67
1.9 0.68
2 0.11
2 0.12
2 0.13
2 0.14
2 0.15
2 0.16
2 0.17
2 0.18
2 0.19
2 0.2
2 0.21
2 0.22
2 0.23
2 0.24
2 0.25
2 0.26
2 0.27
2 0.28
2 0.29
2 0.3
2 0.31
2 0.32
2 0.33
2 0.34
2 0.35
2 0.36
2 0.37
2 0.38
2 0.39
2 0.4
2 0.41
2 0.42
2 0.43
2 0.44
2 0.45
2 0.46
2 0.47
2 0.48
2 0.49
2 0.5
2 0.51
2 0.52
2 0.53
2 0.54
2 0.55
2 0.56
2 0.57
2 0.58
2 0.59
2 0.6
2 0.61
2 0.62
2 0.63
2 0.64
2 0.65
2 0.66
2 0.67
2.1 0.11
2.1 0.12
2.1 0.13
2.1 0.14
2.1 0.15
2.1 0.16
2.1 0.17
2.1 0.18
2.1 0.19
2.1 0.2
2.1 0.21
2.1 0.22
2.1 0.23
2.1 0.24
2.1 0.25
2.1 0.26
2.1 0.27
2.1 0.28
2.1 0.29
2.1 0.3
2.1 0.31
2.1 0.32
2.1 0.33
2.1 0.34
2.1 0.35
2.1 0.36
2.1 0.37
2.1 0.38
2.1 0.39
2.1 0.4
2.1 0.41
2.1 0.42
2.1 0.43
2.1 0.44
2.1 0.45
2.1 0.46
2.1 0.47
2.1 0.48
2.1 0.49
2.1 0.5
2.1 0.51
2.1 0.52
2.1 0.53
2.1 0.54
2.1 0.55
2.1 0.56
2.1 0.57
2.1 0.58
2.1 0.59
2.1 0.6
2.1 0.61
2.1 0.62
2.1 0.63
2.1 0.64
2.1 0.65
2.1 0.66
2.1 0.67
2.2 0.12
2.2 0.13
2.2 0.14
2.2 0.15
2.2 0.16
2.2 0.17
2.2 0.18
2.2 0.19
2.2 0.2
2.2 0.21
2.2 0.22
2.2 0.23
2.2 0.24
2.2 0.25
2.2 0.26
2.2 0.27
2.2 0.28
2.2 0.29
2.2 0.3
2.2 0.31
2.2 0.32
2.2 0.33
2.2 0.34
2.2 0.35
2.2 0.36
2.2 0.37
2.2 0.38
2.2 0.39
2.2 0.4
2.2 0.41
2.2 0.42
2.2 0.43
2.2 0.44
2.2 0.45
2.2 0.46
2.2 0.47
2.2 0.48
2.2 0.49
2.2 0.5
2.2 0.51
2.2 0.52
2.2 0.53
2.2 0.54
2.2 0.55
2.2 0.56
2.2 0.57
2.2 0.58
2.2 0.59
2.2 0.6
2.2 0.61
2.2 0.62
2.2 0.63
2.2 0.64
2.2 0.65
2.2 0.66
2.3 0.12
2.3 0.13
2.3 0.14
2.3 0.15
2.3 0.16
2.3 0.17
2.3 0.18
2.3 0.19
2.3 0.2
2.3 0.21
2.3 0.22
2.3 0.23
2.3 0.24
2.3 0.25
2.3 0.26
2.3 0.27
2.3 0.28
2.3 0.29
2.3 0.3
2.3 0.31
2.3 0.32
2.3 0.33
2.3 0.34
2.3 0.35
2.3 0.36
2.3 0.37
2.3 0.38
2.3 0.39
2.3 0.4
2.3 0.41
2.3 0.42
2.3 0.43
2.3 0.44
2.3 0.45
2.3 0.46
2.3 0.47
2.3 0.48
2.3 0.49
2.3 0.5
2.3 0.51
2.3 0.52
2.3 0.53
2.3 0.54
2.3 0.55
2.3 0.56
2.3 0.57
2.3 0.58
2.3 0.59
2.3 0.6
2.3 0.61
2.3 0.62
2.3 0.63
2.3 0.64
2.3 0.65
2.3 0.66
2.4 0.13
2.4 0.14
2.4 0.15
2.4 0.16
2.4 0.17
2.4 0.18
2.4 0.19
2.4 0.2
2.4 0.21
2.4 0.22
2.4 0.23
2.4 0.24
2.4 0.25
2.4 0.26
2.4 0.27
2.4 0.28
2.4 0.29
2.4 0.3
2.4 0.31
2.4 0.32
2.4 0.33
2.4 0.34
2.4 0.35
2.4 0.36
2.4 0.37
2.4 0.38
2.4 0.39
2.4 0.4
2.4 0.41
2.4 0.42
2.4 0.43
2.4 0.44
2.4 0.45
2.4 0.46
2.4 0.47
2.4 0.48
2.4 0.49
2.4 0.5
2.4 0.51
2.4 0.52
2.4 0.53
2.4 0.54
2.4 0.55
2.4 0.56
2.4 0.57
2.4 0.58
2.4 0.59
2.4 0.6
2.4 0.61
2.4 0.62
2.4 0.63
2.4 0.64
2.4 0.65
2.5 0.13
2.5 0.14
2.5 0.15
2.5 0.16
2.5 0.17
2.5 0.18
2.5 0.19
2.5 0.2
2.5 0.21
2.5 0.22
2.5 0.23
2.5 0.24
2.5 0.25
2.5 0.26
2.5 0.27
2.5 0.28
2.5 0.29
2.5 0.3
2.5 0.31
2.5 0.32
2.5 0.33
2.5 0.34
2.5 0.35
2.5 0.36
2.5 0.37
2.5 0.38
2.5 0.39
2.5 0.4
2.5 0.41
2.5 0.42
2.5 0.43
2.5 0.44
2.5 0.45
2.5 0.46
2.5 0.47
2.5 0.48
2.5 0.49
2.5 0.5
2.5 0.51
2.5 0.52
2.5 0.53
2.5 0.54
2.5 0.55
2.5 0.56
2.5 0.57
2.5 0.58
2.5 0.59
2.5 0.6
2.5 0.61
2.5 0.62
2.5 0.63
2.5 0.64
2.5 0.65
2.6 0.14
2.6 0.15
2.6 0.16
2.6 0.17
2.6 0.18
2.6 0.19
2.6 0.2
2.6 0.21
2.6 0.22
2.6 0.23
2.6 0.24
2.6 0.25
2.6 0.26
2.6 0.27
2.6 0.28
2.6 0.29
2.6 0.3
2.6 0.31
2.6 0.32
2.6 0.33
2.6 0.34
2.6 0.35
2.6 0.36
2.6 0.37
2.6 0.38
2.6 0.39
2.6 0.4
2.6 0.41
2.6 0.42
2.6 0.43
2.6 0.44
2.6 0.45
2.6 0.46
2.6 0.47
2.6 0.48
2.6 0.49
2.6 0.5
2.6 0.51
2.6 0.52
2.6 0.53
2.6 0.54
2.6 0.55
2.6 0.56
2.6 0.57
2.6 0.58
2.6 0.59
2.6 0.6
2.6 0.61
2.6 0.62
2.6 0.63
2.6 0.64
2.6 0.65
2.7 0.14
2.7 0.15
2.7 0.16
2.7 0.17
2.7 0.18
2.7 0.19
2.7 0.2
2.7 0.21
2.7 0.22
2.7 0.23
2.7 0.24
2.7 0.25
2.7 0.26
2.7 0.27
2.7 0.28
2.7 0.29
2.7 0.3
2.7 0.31
2.7 0.32
2.7 0.33
2.7 0.34
2.7 0.35
2.7 0.36
2.7 0.37
2.7 0.38
2.7 0.39
2.7 0.4
2.7 0.41
2.7 0.42
2.7 0.43
2.7 0.44
2.7 0.45
2.7 0.46
2.7 0.47
2.7 0.48
2.7 0.49
2.7 0.5
2.7 0.51
2.7 0.52
2.7 0.53
2.7 0.54
2.7 0.55
2.7 0.56
2.7 0.57
2.7 0.58
2.7 0.59
2.7 0.6
2.7 0.61
2.7 0.62
2.7 0.63
2.7 0.64
2.8 0.15
2.8 0.16
2.8 0.17
2.8 0.18
2.8 0.19
2.8 0.2
2.8 0.21
2.8 0.22
2.8 0.23
2.8 0.24
2.8 0.25
2.8 0.26
2.8 0.27
2.8 0.28
2.8 0.29
2.8 0.3
2.8 0.31
2.8 0.32
2.8 0.33
2.8 0.34
2.8 0.35
2.8 0.36
2.8 0.37
2.8 0.38
2.8 0.39
2.8 0.4
2.8 0.41
2.8 0.42
2.8 0.43
2.8 0.44
2.8 0.45
2.8 0.46
2.8 0.47
2.8 0.48
2.8 0.49
2.8 0.5
2.8 0.51
2.8 0.52
2.8 0.53
2.8 0.54
2.8 0.55
2.8 0.56
2.8 0.57
2.8 0.58
2.8 0.59
2.8 0.6
2.8 0.61
2.8 0.62
2.8 0.63
2.8 0.64
2.9 0.15
2.9 0.16
2.9 0.17
2.9 0.18
2.9 0.19
2.9 0.2
2.9 0.21
2.9 0.22
2.9 0.23
2.9 0.24
2.9 0.25
2.9 0.26
2.9 0.27
2.9 0.28
2.9 0.29
2.9 0.3
2.9 0.31
2.9 0.32
2.9 0.33
2.9 0.34
2.9 0.35
2.9 0.36
2.9 0.37
2.9 0.38
2.9 0.39
2.9 0.4
2.9 0.41
2.9 0.42
2.9 0.43
2.9 0.44
2.9 0.45
2.9 0.46
2.9 0.47
2.9 0.48
2.9 0.49
2.9 0.5
2.9 0.51
2.9 0.52
2.9 0.53
2.9 0.54
2.9 0.55
2.9 0.56
2.9 0.57
2.9 0.58
2.9 0.59
2.9 0.6
2.9 0.61
2.9 0.62
2.9 0.63
2.9 0.64
3 0.16
3 0.17
3 0.18
3 0.19
3 0.2
3 0.21
3 0.22
3 0.23
3 0.24
3 0.25
3 0.26
3 0.27
3 0.28
3 0.29
3 0.3
3 0.31
3 0.32
3 0.33
3 0.34
3 0.35
3 0.36
3 0.37
3 0.38
3 0.39
3 0.4
3 0.41
3 0.42
3 0.43
3 0.44
3 0.45
3 0.46
3 0.47
3 0.48
3 0.49
3 0.5
3 0.51
3 0.52
3 0.53
3 0.54
3 0.55
3 0.56
3 0.57
3 0.58
3 0.59
3 0.6
3 0.61
3 0.62
3 0.63
3 0.64
3.1 0.16
3.1 0.17
3.1 0.18
3.1 0.19
3.1 0.2
3.1 0.21
3.1 0.22
3.1 0.23
3.1 0.24
3.1 0.25
3.1 0.26
3.1 0.27
3.1 0.28
3.1 0.29
3.1 0.3
3.1 0.31
3.1 0.32
3.1 0.33
3.1 0.34
3.1 0.35
3.1 0.36
3.1 0.37
3.1 0.38
3.1 0.39
3.1 0.4
3.1 0.41
3.1 0.42
3.1 0.43
3.1 0.44
3.1 0.45
3.1 0.46
3.1 0.47
3.1 0.48
3.1 0.49
3.1 0.5
3.1 0.51
3.1 0.52
3.1 0.53
3.1 0.54
3.1 0.55
3.1 0.56
3.1 0.57
3.1 0.58
3.1 0.59
3.1 0.6
3.1 0.61
3.1 0.62
3.1 0.63
3.2 0.17
3.2 0.18
3.2 0.19
3.2 0.2
3.2 0.21
3.2 0.22
3.2 0.23
3.2 0.24
3.2 0.25
3.2 0.26
3.2 0.27
3.2 0.28
3.2 0.29
3.2 0.3
3.2 0.31
3.2 0.32
3.2 0.33
3.2 0.34
3.2 0.35
3.2 0.36
3.2 0.37
3.2 0.38
3.2 0.39
3.2 0.4
3.2 0.41
3.2 0.42
3.2 0.43
3.2 0.44
3.2 0.45
3.2 0.46
3.2 0.47
3.2 0.48
3.2 0.49
3.2 0.5
3.2 0.51
3.2 0.52
3.2 0.53
3.2 0.54
3.2 0.55
3.2 0.56
3.2 0.57
3.2 0.58
3.2 0.59
3.2 0.6
3.2 0.61
3.2 0.62
3.2 0.63
3.3 0.17
3.3 0.18
3.3 0.19
3.3 0.2
3.3 0.21
3.3 0.22
3.3 0.23
3.3 0.24
3.3 0.25
3.3 0.26
3.3 0.27
3.3 0.28
3.3 0.29
3.3 0.3
3.3 0.31
3.3 0.32
3.3 0.33
3.3 0.34
3.3 0.35
3.3 0.36
3.3 0.37
3.3 0.38
3.3 0.39
3.3 0.4
3.3 0.41
3.3 0.42
3.3 0.43
3.3 0.44
3.3 0.45
3.3 0.46
3.3 0.47
3.3 0.48
3.3 0.49
3.3 0.5
3.3 0.51
3.3 0.52
3.3 0.53
3.3 0.54
3.3 0.55
3.3 0.56
3.3 0.57
3.3 0.58
3.3 0.59
3.3 0.6
3.3 0.61
3.3 0.62
3.3 0.63
3.4 0.18
3.4 0.19
3.4 0.2
3.4 0.21
3.4 0.22
3.4 0.23
3.4 0.24
3.4 0.25
3.4 0.26
3.4 0.27
3.4 0.28
3.4 0.29
3.4 0.3
3.4 0.31
3.4 0.32
3.4 0.33
3.4 0.34
3.4 0.35
3.4 0.36
3.4 0.37
3.4 0.38
3.4 0.39
3.4 0.4
3.4 0.41
3.4 0.42
3.4 0.43
3.4 0.44
3.4 0.45
3.4 0.46
3.4 0.47
3.4 0.48
3.4 0.49
3.4 0.5
3.4 0.51
3.4 0.52
3.4 0.53
3.4 0.54
3.4 0.55
3.4 0.56
3.4 0.57
3.4 0.58
3.4 0.59
3.4 0.6
3.4 0.61
3.4 0.62
3.4 0.63
3.5 0.18
3.5 0.19
3.5 0.2
3.5 0.21
3.5 0.22
3.5 0.23
3.5 0.24
3.5 0.25
3.5 0.26
3.5 0.27
3.5 0.28
3.5 0.29
3.5 0.3
3.5 0.31
3.5 0.32
3.5 0.33
3.5 0.34
3.5 0.35
3.5 0.36
3.5 0.37
3.5 0.38
3.5 0.39
3.5 0.4
3.5 0.41
3.5 0.42
3.5 0.43
3.5 0.44
3.5 0.45
3.5 0.46
3.5 0.47
3.5 0.48
3.5 0.49
3.5 0.5
3.5 0.51
3.5 0.52
3.5 0.53
3.5 0.54
3.5 0.55
3.5 0.56
3.5 0.57
3.5 0.58
3.5 0.59
3.5 0.6
3.5 0.61
3.5 0.62
3.5 0.63
3.6 0.19
3.6 0.2
3.6 0.21
3.6 0.22
3.6 0.23
3.6 0.24
3.6 0.25
3.6 0.26
3.6 0.27
3.6 0.28
3.6 0.29
3.6 0.3
3.6 0.31
3.6 0.32
3.6 0.33
3.6 0.34
3.6 0.35
3.6 0.36
3.6 0.37
3.6 0.38
3.6 0.39
3.6 0.4
3.6 0.41
3.6 0.42
3.6 0.43
3.6 0.44
3.6 0.45
3.6 0.46
3.6 0.47
3.6 0.48
3.6 0.49
3.6 0.5
3.6 0.51
3.6 0.52
3.6 0.53
3.6 0.54
3.6 0.55
3.6 0.56
3.6 0.57
3.6 0.58
3.6 0.59
3.6 0.6
3.6 0.61
3.6 0.62
3.6 0.63
3.7 0.19
3.7 0.2
3.7 0.21
3.7 0.22
3.7 0.23
3.7 0.24
3.7 0.25
3.7 0.26
3.7 0.27
3.7 0.28
3.7 0.29
3.7 0.3
3.7 0.31
3.7 0.32
3.7 0.33
3.7 0.34
3.7 0.35
3.7 0.36
3.7 0.37
3.7 0.38
3.7 0.39
3.7 0.4
3.7 0.41
3.7 0.42
3.7 0.43
3.7 0.44
3.7 0.45
3.7 0.46
3.7 0.47
3.7 0.48
3.7 0.49
3.7 0.5
3.7 0.51
3.7 0.52
3.7 0.53
3.7 0.54
3.7 0.55
3.7 0.56
3.7 0.57
3.7 0.58
3.7 0.59
3.7 0.6
3.7 0.61
3.7 0.62
3.8 0.2
3.8 0.21
3.8 0.22
3.8 0.23
3.8 0.24
3.8 0.25
3.8 0.26
3.8 0.27
3.8 0.28
3.8 0.29
3.8 0.3
3.8 0.31
3.8 0.32
3.8 0.33
3.8 0.34
3.8 0.35
3.8 0.36
3.8 0.37
3.8 0.38
3.8 0.39
3.8 0.4
3.8 0.41
3.8 0.42
3.8 0.43
3.8 0.44
3.8 0.45
3.8 0.46
3.8 0.47
3.8 0.48
3.8 0.49
3.8 0.5
3.8 0.51
3.8 0.52
3.8 0.53
3.8 0.54
3.8 0.55
3.8 0.56
3.8 0.57
3.8 0.58
3.8 0.59
3.8 0.6
3.8 0.61
3.8 0.62
3.9 0.2
3.9 0.21
3.9 0.22
3.9 0.23
3.9 0.24
3.9 0.25
3.9 0.26
3.9 0.27
3.9 0.28
3.9 0.29
3.9 0.3
3.9 0.31
3.9 0.32
3.9 0.33
3.9 0.34
3.9 0.35
3.9 0.36
3.9 0.37
3.9 0.38
3.9 0.39
3.9 0.4
3.9 0.41
3.9 0.42
3.9 0.43
3.9 0.44
3.9 0.45
3.9 0.46
3.9 0.47
3.9 0.48
3.9 0.49
3.9 0.5
3.9 0.51
3.9 0.52
3.9 0.53
3.9 0.54
3.9 0.55
3.9 0.56
3.9 0.57
3.9 0.58
3.9 0.59
3.9 0.6
3.9 0.61
3.9 0.62
4 0.21
4 0.22
4 0.23
4 0.24
4 0.25
4 0.26
4 0.27
4 0.28
4 0.29
4 0.3
4 0.31
4 0.32
4 0.33
4 0.34
4 0.35
4 0.36
4 0.37
4 0.38
4 0.39
4 0.4
4 0.41
4 0.42
4 0.43
4 0.44
4 0.45
4 0.46
4 0.47
4 0.48
4 0.49
4 0.5
4 0.51
4 0.52
4 0.53
4 0.54
4 0.55
4 0.56
4 0.57
4 0.58
4 0.59
4 0.6
4 0.61
4 0.62
4.1 0.21
4.1 0.22
4.1 0.23
4.1 0.24
4.1 0.25
4.1 0.26
4.1 0.27
4.1 0.28
4.1 0.29
4.1 0.3
4.1 0.31
4.1 0.32
4.1 0.33
4.1 0.34
4.1 0.35
4.1 0.36
4.1 0.37
4.1 0.38
4.1 0.39
4.1 0.4
4.1 0.41
4.1 0.42
4.1 0.43
4.1 0.44
4.1 0.45
4.1 0.46
4.1 0.47
4.1 0.48
4.1 0.49
4.1 0.5
4.1 0.51
4.1 0.52
4.1 0.53
4.1 0.54
4.1 0.55
4.1 0.56
4.1 0.57
4.1 0.58
4.1 0.59
4.1 0.6
4.1 0.61
4.1 0.62
4.2 0.22
4.2 0.23
4.2 0.24
4.2 0.25
4.2 0.26
4.2 0.27
4.2 0.28
4.2 0.29
4.2 0.3
4.2 0.31
4.2 0.32
4.2 0.33
4.2 0.34
4.2 0.35
4.2 0.36
4.2 0.37
4.2 0.38
4.2 0.39
4.2 0.4
4.2 0.41
4.2 0.42
4.2 0.43
4.2 0.44
4.2 0.45
4.2 0.46
4.2 0.47
4.2 0.48
4.2 0.49
4.2 0.5
4.2 0.51
4.2 0.52
4.2 0.53
4.2 0.54
4.2 0.55
4.2 0.56
4.2 0.57
4.2 0.58
4.2 0.59
4.2 0.6
4.2 0.61
4.2 0.62
4.3 0.22
4.3 0.23
4.3 0.24
4.3 0.25
4.3 0.26
4.3 0.27
4.3 0.28
4.3 0.29
4.3 0.3
4.3 0.31
4.3 0.32
4.3 0.33
4.3 0.34
4.3 0.35
4.3 0.36
4.3 0.37
4.3 0.38
4.3 0.39
4.3 0.4
4.3 0.41
4.3 0.42
4.3 0.43
4.3 0.44
4.3 0.45
4.3 0.46
4.3 0.47
4.3 0.48
4.3 0.49
4.3 0.5
4.3 0.51
4.3 0.52
4.3 0.53
4.3 0.54
4.3 0.55
4.3 0.56
4.3 0.57
4.3 0.58
4.3 0.59
4.3 0.6
4.3 0.61
4.3 0.62
4.4 0.23
4.4 0.24
4.4 0.25
4.4 0.26
4.4 0.27
4.4 0.28
4.4 0.29
4.4 0.3
4.4 0.31
4.4 0.32
4.4 0.33
4.4 0.34
4.4 0.35
4.4 0.36
4.4 0.37
4.4 0.38
4.4 0.39
4.4 0.4
4.4 0.41
4.4 0.42
4.4 0.43
4.4 0.44
4.4 0.45
4.4 0.46
4.4 0.47
4.4 0.48
4.4 0.49
4.4 0.5
4.4 0.51
4.4 0.52
4.4 0.53
4.4 0.54
4.4 0.55
4.4 0.56
4.4 0.57
4.4 0.58
4.4 0.59
4.4 0.6
4.4 0.61
4.4 0.62
4.5 0.23
4.5 0.24
4.5 0.25
4.5 0.26
4.5 0.27
4.5 0.28
4.5 0.29
4.5 0.3
4.5 0.31
4.5 0.32
4.5 0.33
4.5 0.34
4.5 0.35
4.5 0.36
4.5 0.37
4.5 0.38
4.5 0.39
4.5 0.4
4.5 0.41
4.5 0.42
4.5 0.43
4.5 0.44
4.5 0.45
4.5 0.46
4.5 0.47
4.5 0.48
4.5 0.49
4.5 0.5
4.5 0.51
4.5 0.52
4.5 0.53
4.5 0.54
4.5 0.55
4.5 0.56
4.5 0.57
4.5 0.58
4.5 0.59
4.5 0.6
4.5 0.61
4.6 0.24
4.6 0.25
4.6 0.26
4.6 0.27
4.6 0.28
4.6 0.29
4.6 0.3
4.6 0.31
4.6 0.32
4.6 0.33
4.6 0.34
4.6 0.35
4.6 0.36
4.6 0.37
4.6 0.38
4.6 0.39
4.6 0.4
4.6 0.41
4.6 0.42
4.6 0.43
4.6 0.44
4.6 0.45
4.6 0.46
4.6 0.47
4.6 0.48
4.6 0.49
4.6 0.5
4.6 0.51
4.6 0.52
4.6 0.53
4.6 0.54
4.6 0.55
4.6 0.56
4.6 0.57
4.6 0.58
4.6 0.59
4.6 0.6
4.6 0.61
4.7 0.24
4.7 0.25
4.7 0.26
4.7 0.27
4.7 0.28
4.7 0.29
4.7 0.3
4.7 0.31
4.7 0.32
4.7 0.33
4.7 0.34
4.7 0.35
4.7 0.36
4.7 0.37
4.7 0.38
4.7 0.39
4.7 0.4
4.7 0.41
4.7 0.42
4.7 0.43
4.7 0.44
4.7 0.45
4.7 0.46
4.7 0.47
4.7 0.48
4.7 0.49
4.7 0.5
4.7 0.51
4.7 0.52
4.7 0.53
4.7 0.54
4.7 0.55
4.7 0.56
4.7 0.57
4.7 0.58
4.7 0.59
4.7 0.6
4.7 0.61
4.8 0.25
4.8 0.26
4.8 0.27
4.8 0.28
4.8 0.29
4.8 0.3
4.8 0.31
4.8 0.32
4.8 0.33
4.8 0.34
4.8 0.35
4.8 0.36
4.8 0.37
4.8 0.38
4.8 0.39
4.8 0.4
4.8 0.41
4.8 0.42
4.8 0.43
4.8 0.44
4.8 0.45
4.8 0.46
4.8 0.47
4.8 0.48
4.8 0.49
4.8 0.5
4.8 0.51
4.8 0.52
4.8 0.53
4.8 0.54
4.8 0.55
4.8 0.56
4.8 0.57
4.8 0.58
4.8 0.59
4.8 0.6
4.8 0.61
4.9 0.25
4.9 0.26
4.9 0.27
4.9 0.28
4.9 0.29
4.9 0.3
4.9 0.31
4.9 0.32
4.9 0.33
4.9 0.34
4.9 0.35
4.9 0.36
4.9 0.37
4.9 0.38
4.9 0.39
4.9 0.4
4.9 0.41
4.9 0.42
4.9 0.43
4.9 0.44
4.9 0.45
4.9 0.46
4.9 0.47
4.9 0.48
4.9 0.49
4.9 0.5
4.9 0.51
4.9 0.52
4.9 0.53
4.9 0.54
4.9 0.55
4.9 0.56
4.9 0.57
4.9 0.58
4.9 0.59
4.9 0.6
4.9 0.61
5 0.26
5 0.27
5 0.28
5 0.29
5 0.3
5 0.31
5 0.32
5 0.33
5 0.34
5 0.35
5 0.36
5 0.37
5 0.38
5 0.39
5 0.4
5 0.41
5 0.42
5 0.43
5 0.44
5 0.45
5 0.46
5 0.47
5 0.48
5 0.49
5 0.5
5 0.51
5 0.52
5 0.53
5 0.54
5 0.55
5 0.56
5 0.57
5 0.58
5 0.59
5 0.6
5 0.61
5.1 0.26
5.1 0.27
5.1 0.28
5.1 0.29
5.1 0.3
5.1 0.31
5.1 0.32
5.1 0.33
5.1 0.34
5.1 0.35
5.1 0.36
5.1 0.37
5.1 0.38
5.1 0.39
5.1 0.4
5.1 0.41
5.1 0.42
5.1 0.43
5.1 0.44
5.1 0.45
5.1 0.46
5.1 0.47
5.1 0.48
5.1 0.49
5.1 0.5
5.1 0.51
5.1 0.52
5.1 0.53
5.1 0.54
5.1 0.55
5.1 0.56
5.1 0.57
5.1 0.58
5.1 0.59
5.1 0.6
5.1 0.61
5.2 0.27
5.2 0.28
5.2 0.29
5.2 0.3
5.2 0.31
5.2 0.32
5.2 0.33
5.2 0.34
5.2 0.35
5.2 0.36
5.2 0.37
5.2 0.38
5.2 0.39
5.2 0.4
5.2 0.41
5.2 0.42
5.2 0.43
5.2 0.44
5.2 0.45
5.2 0.46
5.2 0.47
5.2 0.48
5.2 0.49
5.2 0.5
5.2 0.51
5.2 0.52
5.2 0.53
5.2 0.54
5.2 0.55
5.2 0.56
5.2 0.57
5.2 0.58
5.2 0.59
5.2 0.6
5.2 0.61
5.3 0.27
5.3 0.28
5.3 0.29
5.3 0.3
5.3 0.31
5.3 0.32
5.3 0.33
5.3 0.34
5.3 0.35
5.3 0.36
5.3 0.37
5.3 0.38
5.3 0.39
5.3 0.4
5.3 0.41
5.3 0.42
5.3 0.43
5.3 0.44
5.3 0.45
5.3 0.46
5.3 0.47
5.3 0.48
5.3 0.49
5.3 0.5
5.3 0.51
5.3 0.52
5.3 0.53
5.3 0.54
5.3 0.55
5.3 0.56
5.3 0.57
5.3 0.58
5.3 0.59
5.3 0.6
5.3 0.61
5.4 0.28
5.4 0.29
5.4 0.3
5.4 0.31
5.4 0.32
5.4 0.33
5.4 0.34
5.4 0.35
5.4 0.36
5.4 0.37
5.4 0.38
5.4 0.39
5.4 0.4
5.4 0.41
5.4 0.42
5.4 0.43
5.4 0.44
5.4 0.45
5.4 0.46
5.4 0.47
5.4 0.48
5.4 0.49
5.4 0.5
5.4 0.51
5.4 0.52
5.4 0.53
5.4 0.54
5.4 0.55
5.4 0.56
5.4 0.57
5.4 0.58
5.4 0.59
5.4 0.6
5.4 0.61
5.5 0.28
5.5 0.29
5.5 0.3
5.5 0.31
5.5 0.32
5.5 0.33
5.5 0.34
5.5 0.35
5.5 0.36
5.5 0.37
5.5 0.38
5.5 0.39
5.5 0.4
5.5 0.41
5.5 0.42
5.5 0.43
5.5 0.44
5.5 0.45
5.5 0.46
5.5 0.47
5.5 0.48
5.5 0.49
5.5 0.5
5.5 0.51
5.5 0.52
5.5 0.53
5.5 0.54
5.5 0.55
5.5 0.56
5.5 0.57
5.5 0.58
5.5 0.59
5.5 0.6
5.5 0.61
5.6 0.29
5.6 0.3
5.6 0.31
5.6 0.32
5.6 0.33
5.6 0.34
5.6 0.35
5.6 0.36
5.6 0.37
5.6 0.38
5.6 0.39
5.6 0.4
5.6 0.41
5.6 0.42
5.6 0.43
5.6 0.44
5.6 0.45
5.6 0.46
5.6 0.47
5.6 0.48
5.6 0.49
5.6 0.5
5.6 0.51
5.6 0.52
5.6 0.53
5.6 0.54
5.6 0.55
5.6 0.56
5.6 0.57
5.6 0.58
5.6 0.59
5.6 0.6
5.6 0.61
5.7 0.3
5.7 0.31
5.7 0.32
5.7 0.33
5.7 0.34
5.7 0.35
5.7 0.36
5.7 0.37
5.7 0.38
5.7 0.39
5.7 0.4
5.7 0.41
5.7 0.42
5.7 0.43
5.7 0.44
5.7 0.45
5.7 0.46
5.7 0.47
5.7 0.48
5.7 0.49
5.7 0.5
5.7 0.51
5.7 0.52
5.7 0.53
5.7 0.54
5.7 0.55
5.7 0.56
5.7 0.57
5.7 0.58
5.7 0.59
5.7 0.6
5.7 0.61
5.8 0.3
5.8 0.31
5.8 0.32
5.8 0.33
5.8 0.34
5.8 0.35
5.8 0.36
5.8 0.37
5.8 0.38
5.8 0.39
5.8 0.4
5.8 0.41
5.8 0.42
5.8 0.43
5.8 0.44
5.8 0.45
5.8 0.46
5.8 0.47
5.8 0.48
5.8 0.49
5.8 0.5
5.8 0.51
5.8 0.52
5.8 0.53
5.8 0.54
5.8 0.55
5.8 0.56
5.8 0.57
5.8 0.58
5.8 0.59
5.8 0.6
5.9 0.31
5.9 0.32
5.9 0.33
5.9 0.34
5.9 0.35
5.9 0.36
5.9 0.37
5.9 0.38
5.9 0.39
5.9 0.4
5.9 0.41
5.9 0.42
5.9 0.43
5.9 0.44
5.9 0.45
5.9 0.46
5.9 0.47
5.9 0.48
5.9 0.49
5.9 0.5
5.9 0.51
5.9 0.52
5.9 0.53
5.9 0.54
5.9 0.55
5.9 0.56
5.9 0.57
5.9 0.58
5.9 0.59
5.9 0.6
6 0.31
6 0.32
6 0.33
6 0.34
6 0.35
6 0.36
6 0.37
6 0.38
6 0.39
6 0.4
6 0.41
6 0.42
6 0.43
6 0.44
6 0.45
6 0.46
6 0.47
6 0.48
6 0.49
6 0.5
6 0.51
6 0.52
6 0.53
6 0.54
6 0.55
6 0.56
6 0.57
6 0.58
6 0.59
6 0.6
6.1 0.32
6.1 0.33
6.1 0.34
6.1 0.35
6.1 0.36
6.1 0.37
6.1 0.38
6.1 0.39
6.1 0.4
6.1 0.41
6.1 0.42
6.1 0.43
6.1 0.44
6.1 0.45
6.1 0.46
6.1 0.47
6.1 0.48
6.1 0.49
6.1 0.5
6.1 0.51
6.1 0.52
6.1 0.53
6.1 0.54
6.1 0.55
6.1 0.56
6.1 0.57
6.1 0.58
6.1 0.59
6.1 0.6
6.2 0.32
6.2 0.33
6.2 0.34
6.2 0.35
6.2 0.36
6.2 0.37
6.2 0.38
6.2 0.39
6.2 0.4
6.2 0.41
6.2 0.42
6.2 0.43
6.2 0.44
6.2 0.45
6.2 0.46
6.2 0.47
6.2 0.48
6.2 0.49
6.2 0.5
6.2 0.51
6.2 0.52
6.2 0.53
6.2 0.54
6.2 0.55
6.2 0.56
6.2 0.57
6.2 0.58
6.2 0.59
6.2 0.6
6.3 0.33
6.3 0.34
6.3 0.35
6.3 0.36
6.3 0.37
6.3 0.38
6.3 0.39
6.3 0.4
6.3 0.41
6.3 0.42
6.3 0.43
6.3 0.44
6.3 0.45
6.3 0.46
6.3 0.47
6.3 0.48
6.3 0.49
6.3 0.5
6.3 0.51
6.3 0.52
6.3 0.53
6.3 0.54
6.3 0.55
6.3 0.56
6.3 0.57
6.3 0.58
6.3 0.59
6.3 0.6
6.4 0.33
6.4 0.34
6.4 0.35
6.4 0.36
6.4 0.37
6.4 0.38
6.4 0.39
6.4 0.4
6.4 0.41
6.4 0.42
6.4 0.43
6.4 0.44
6.4 0.45
6.4 0.46
6.4 0.47
6.4 0.48
6.4 0.49
6.4 0.5
6.4 0.51
6.4 0.52
6.4 0.53
6.4 0.54
6.4 0.55
6.4 0.56
6.4 0.57
6.4 0.58
6.4 0.59
6.4 0.6
6.5 0.34
6.5 0.35
6.5 0.36
6.5 0.37
6.5 0.38
6.5 0.39
6.5 0.4
6.5 0.41
6.5 0.42
6.5 0.43
6.5 0.44
6.5 0.45
6.5 0.46
6.5 0.47
6.5 0.48
6.5 0.49
6.5 0.5
6.5 0.51
6.5 0.52
6.5 0.53
6.5 0.54
6.5 0.55
6.5 0.56
6.5 0.57
6.5 0.58
6.5 0.59
6.5 0.6
6.6 0.34
6.6 0.35
6.6 0.36
6.6 0.37
6.6 0.38
6.6 0.39
6.6 0.4
6.6 0.41
6.6 0.42
6.6 0.43
6.6 0.44
6.6 0.45
6.6 0.46
6.6 0.47
6.6 0.48
6.6 0.49
6.6 0.5
6.6 0.51
6.6 0.52
6.6 0.53
6.6 0.54
6.6 0.55
6.6 0.56
6.6 0.57
6.6 0.58
6.6 0.59
6.6 0.6
6.7 0.35
6.7 0.36
6.7 0.37
6.7 0.38
6.7 0.39
6.7 0.4
6.7 0.41
6.7 0.42
6.7 0.43
6.7 0.44
6.7 0.45
6.7 0.46
6.7 0.47
6.7 0.48
6.7 0.49
6.7 0.5
6.7 0.51
6.7 0.52
6.7 0.53
6.7 0.54
6.7 0.55
6.7 0.56
6.7 0.57
6.7 0.58
6.7 0.59
6.7 0.6
6.8 0.35
6.8 0.36
6.8 0.37
6.8 0.38
6.8 0.39
6.8 0.4
6.8 0.41
6.8 0.42
6.8 0.43
6.8 0.44
6.8 0.45
6.8 0.46
6.8 0.47
6.8 0.48
6.8 0.49
6.8 0.5
6.8 0.51
6.8 0.52
6.8 0.53
6.8 0.54
6.8 0.55
6.8 0.56
6.8 0.57
6.8 0.58
6.8 0.59
6.8 0.6
6.9 0.36
6.9 0.37
6.9 0.38
6.9 0.39
6.9 0.4
6.9 0.41
6.9 0.42
6.9 0.43
6.9 0.44
6.9 0.45
6.9 0.46
6.9 0.47
6.9 0.48
6.9 0.49
6.9 0.5
6.9 0.51
6.9 0.52
6.9 0.53
6.9 0.54
6.9 0.55
6.9 0.56
6.9 0.57
6.9 0.58
6.9 0.59
6.9 0.6
7 0.36
7 0.37
7 0.38
7 0.39
7 0.4
7 0.41
7 0.42
7 0.43
7 0.44
7 0.45
7 0.46
7 0.47
7 0.48
7 0.49
7 0.5
7 0.51
7 0.52
7 0.53
7 0.54
7 0.55
7 0.56
7 0.57
7 0.58
7 0.59
7 0.6
