0.031415926535897934 0.005175425213471256
0.0942477796076938 0.01550927327788328
0.15707963267948966 0.025792146435660544
0.21991148575128552 0.03599016857446071
0.2827433388230814 0.046069623943626806
0.34557519189487723 0.05599702059041129
0.4084070449666731 0.06573915318987691
0.47123889803846897 0.07526316523724473
0.5340707511102649 0.08453661067125809
0.5969026041820606 0.09352751511181667
0.6597344572538566 0.10220443702056485
0.7225663103256523 0.11053652922460028
0.7853981633974483 0.1184936013758089
0.8482300164692442 0.12604618404595422
0.91106186954104 0.13316559527467153
0.9738937226128359 0.13982401048783255
1.0367255756846319 0.14599453678112512
1.0995574287564276 0.15165129261189672
1.1623892818282235 0.15676949395519682
1.2252211349000193 0.16132554795161522
1.2880529879718152 0.16529715499945455
1.350884841043611 0.16866342011710472
1.413716694115407 0.17140497421915996
1.4765485471872026 0.17350410570889155
1.5393804002589986 0.174944902488716
1.6022122533307945 0.17571340412958963
1.6650441064025903 0.1757977635223677
1.7278759594743862 0.17518841686420897
1.7907078125461822 0.1738782603191878
1.853539665617978 0.17186283114576126
1.9163715186897736 0.1691404905195147
1.9792033717615696 0.1657126047160892
2.0420352248333655 0.1615837207782638
2.104867077905162 0.1567617322976666
2.1676989309769574 0.15125803052278453
2.230530784048753 0.1450876356893603
2.2933626371205493 0.13826930328546433
2.356194490192345 0.1308255999384281
2.4190263432641403 0.1227829437678296
2.4818581963359367 0.11417160440574278
2.5446900494077322 0.1050256584529014
2.607521902479528 0.09538289691838106
2.670353755551324 0.08528468217120069
2.7331856086231197 0.07477575309351142
2.796017461694916 0.06390397843365031
2.8588493147667116 0.05272005976891177
2.9216811678385075 0.04127718694860499
2.9845130209103035 0.029630650336912083
3.047344873982099 0.017837415547541393
3.1101767270538954 0.00595566759362704
3.173008580125691 -0.00595566759362704
3.2358404331974873 -0.017837415547541393
3.2986722862692828 -0.029630650336912083
3.3615041393410787 -0.04127718694860499
3.4243359924128747 -0.05272005976891177
3.48716784548467 -0.06390397843365031
3.549999698556466 -0.0747757530935114
3.612831551628262 -0.08528468217120069
3.675663404700058 -0.09538289691838106
3.7384952577718535 -0.10502565845290121
3.8013271108436495 -0.11417160440574278
3.8641589639154454 -0.1227829437678296
3.9269908169872414 -0.1308255999384281
3.989822670059038 -0.1382693032854645
4.052654523130833 -0.1450876356893603
4.115486376202629 -0.15125803052278453
4.178318229274425 -0.15676173229766663
4.241150082346222 -0.16158372077826402
4.303981935418017 -0.16571260471608923
4.366813788489813 -0.1691404905195147
4.429645641561608 -0.17186283114576126
4.4924774946334045 -0.17387826031918768
4.5553093477052 -0.17518841686420897
4.618141200776996 -0.17579776352236762
4.680973053848792 -0.17571340412958963
4.743804906920587 -0.17494490248871597
4.806636759992383 -0.17350410570889155
4.869468613064179 -0.17140497421915996
4.932300466135976 -0.16866342011710475
4.995132319207771 -0.16529715499945463
5.057964172279567 -0.16132554795161533
5.120796025351362 -0.15676949395519676
5.183627878423159 -0.15165129261189672
5.246459731494955 -0.1459945367811252
5.3092915845667505 -0.13982401048783255
5.372123437638546 -0.13316559527467153
5.434955290710342 -0.12604618404595425
5.497787143782137 -0.11849360137580897
5.560618996853934 -0.11053652922460022
5.62345084992573 -0.10220443702056485
5.686282702997525 -0.09352751511181667
5.749114556069321 -0.08453661067125816
5.811946409141116 -0.0752631652372448
5.874778262212914 -0.06573915318987689
5.937610115284709 -0.05599702059041129
6.000441968356505 -0.046069623943626806
6.0632738214283 -0.03599016857446081
6.126105674500097 -0.025792146435660544
6.188937527571893 -0.015509273277883179
6.2517693806436885 -0.005175425213471256