0.031415926535897934 0.006835446217956071
0.0942477796076938 0.02039417033834478
0.15707963267948966 0.03362098150515465
0.21991148575128552 0.04630954890617473
0.2827433388230814 0.05827473769640406
0.34557519189487723 0.06935880526834856
0.4084070449666731 0.07943565694927332
0.47123889803846897 0.08841302428979711
0.5340707511102649 0.09623263845373561
0.5969026041820606 0.10286864334603481
0.6597344572538566 0.10832461030362055
0.7225663103256523 0.11262957302748992
0.7853981633974483 0.11583350320449701
0.8482300164692442 0.11800260631176972
0.91106186954104 0.11921474883735364
0.9738937226128359 0.11955524761035707
1.0367255756846319 0.11911317143413234
1.0995574287564276 0.11797823332962386
1.1623892818282235 0.11623829321864393
1.2252211349000193 0.11397744744312427
1.2880529879718152 0.11127465249594327
1.350884841043611 0.10820281373982708
1.413716694115407 0.10482826311249605
1.4765485471872026 0.10121055018984304
1.5393804002589986 0.09740247610001726
1.6022122533307945 0.09345030767282271
1.6650441064025903 0.0893941183645337
1.7278759594743862 0.08526821185188675
1.7907078125461822 0.08110159304644429
1.853539665617978 0.07691845923900215
1.9163715186897736 0.07273869095422981
1.9792033717615696 0.06857832783610565
2.0420352248333655 0.06445001954598048
2.104867077905162 0.06036344534162964
2.1676989309769574 0.05632569884657628
2.230530784048753 0.05234163664943043
2.2933626371205493 0.04841419092236413
2.356194490192345 0.04454464733318809
2.4190263432641403 0.04073289024863718
2.4818581963359367 0.03697761767328971
2.5446900494077322 0.033276528609735304
2.607521902479528 0.029626485618153037
2.670353755551324 0.02602365534247233
2.7331856086231197 0.022463629690873774
2.796017461694916 0.018941530237413372
2.8588493147667116 0.015452098269312823
2.9216811678385075 0.011989772755976283
2.9845130209103035 0.008548758372061264
3.047344873982099 0.005123085575812562
3.1101767270538954 0.0017066646309121436
3.173008580125691 -0.0017066646309121436
3.2358404331974873 -0.005123085575812562
3.2986722862692828 -0.008548758372061264
3.3615041393410787 -0.011989772755976283
3.4243359924128747 -0.015452098269312823
3.48716784548467 -0.018941530237413372
3.549999698556466 -0.022463629690873774
3.612831551628262 -0.02602365534247233
3.675663404700058 -0.029626485618153037
3.7384952577718535 -0.033276528609735304
3.8013271108436495 -0.03697761767328971
3.8641589639154454 -0.04073289024863718
3.9269908169872414 -0.04454464733318809
3.989822670059038 -0.04841419092236422
4.052654523130833 -0.05234163664943043
4.115486376202629 -0.05632569884657628
4.178318229274425 -0.060363445341629726
4.241150082346222 -0.06445001954598048
4.303981935418017 -0.06857832783610565
4.366813788489813 -0.07273869095422981
4.429645641561608 -0.07691845923900208
4.4924774946334045 -0.08110159304644429
4.5553093477052 -0.08526821185188675
4.618141200776996 -0.0893941183645337
4.680973053848792 -0.09345030767282264
4.743804906920587 -0.09740247610001718
4.806636759992383 -0.10121055018984304
4.869468613064179 -0.10482826311249605
4.932300466135976 -0.10820281373982714
4.995132319207771 -0.11127465249594327
5.057964172279567 -0.11397744744312427
5.120796025351362 -0.11623829321864383
5.183627878423159 -0.11797823332962386
5.246459731494955 -0.11911317143413234
5.3092915845667505 -0.11955524761035707
5.372123437638546 -0.11921474883735364
5.434955290710342 -0.11800260631176979
5.497787143782137 -0.11583350320449701
5.560618996853934 -0.11262957302748992
5.62345084992573 -0.10832461030362055
5.686282702997525 -0.10286864334603481
5.749114556069321 -0.0962326384537357
5.811946409141116 -0.08841302428979735
5.874778262212914 -0.07943565694927332
5.937610115284709 -0.06935880526834856
6.000441968356505 -0.05827473769640406
6.0632738214283 -0.04630954890617487
6.126105674500097 -0.03362098150515465
6.188937527571893 -0.02039417033834471
6.2517693806436885 -0.006835446217956071