0.031415926535897934 0.00474765663043481
0.0942477796076938 0.014229387201409068
0.15707963267948966 0.023670368643464
0.21991148575128552 0.03304343152401849
0.2827433388230814 0.04232140204368814
0.34557519189487723 0.05147710162684053
0.4084070449666731 0.06048334792101228
0.47123889803846897 0.0693129577082066
0.5340707511102649 0.07793875230330416
0.5969026041820606 0.08633356609947478
0.6597344572538566 0.09447025901532492
0.7225663103256523 0.10232173370074724
0.7853981633974483 0.10986095846469726
0.8482300164692442 0.11706099699442489
0.91106186954104 0.1238950460373899
0.9738937226128359 0.13033648230880468
1.0367255756846319 0.13635891996336313
1.0995574287564276 0.1419362800223358
1.1623892818282235 0.14704287316922265
1.2252211349000193 0.1516534973102578
1.2880529879718152 0.1557435512314273
1.350884841043611 0.15928916556215927
1.413716694115407 0.16226735206829815
1.4765485471872026 0.1646561720346535
1.5393804002589986 0.1664349241525199
1.6022122533307945 0.16758435189393994
1.6650441064025903 0.16808686982837212
1.7278759594743862 0.16792680771844204
1.7907078125461822 0.16709067052341875
1.853539665617978 0.16556741165115366
1.9163715186897736 0.16334871594672906
1.9792033717615696 0.16042928801125866
2.0420352248333655 0.15680714053680495
2.104867077905162 0.15248387646029576
2.1676989309769574 0.1474649579246943
2.230530784048753 0.14175995433920804
2.2933626371205493 0.13538276130566157
2.356194490192345 0.1283517818799052
2.4190263432641403 0.12069006161756166
2.4818581963359367 0.11242536915826791
2.5446900494077322 0.10359021476662986
2.607521902479528 0.09422180029071821
2.670353755551324 0.08436189541996196
2.7331856086231197 0.07405663690093932
2.796017461694916 0.06335624945463417
2.8588493147667116 0.05231468946068318
2.9216811678385075 0.04098921493925119
2.9845130209103035 0.02943988785789361
3.047344873982099 0.01772901719611376
3.1101767270538954 0.005920553387941567
3.173008580125691 -0.005920553387941567
3.2358404331974873 -0.01772901719611376
3.2986722862692828 -0.02943988785789361
3.3615041393410787 -0.04098921493925119
3.4243359924128747 -0.05231468946068318
3.48716784548467 -0.06335624945463417
3.549999698556466 -0.07405663690093921
3.612831551628262 -0.08436189541996196
3.675663404700058 -0.09422180029071821
3.7384952577718535 -0.10359021476662976
3.8013271108436495 -0.11242536915826791
3.8641589639154454 -0.12069006161756171
3.9269908169872414 -0.1283517818799052
3.989822670059038 -0.13538276130566163
4.052654523130833 -0.14175995433920804
4.115486376202629 -0.1474649579246943
4.178318229274425 -0.15248387646029588
4.241150082346222 -0.1568071405368049
4.303981935418017 -0.16042928801125866
4.366813788489813 -0.16334871594672906
4.429645641561608 -0.16556741165115366
4.4924774946334045 -0.1670906705234189
4.5553093477052 -0.16792680771844204
4.618141200776996 -0.1680868698283722
4.680973053848792 -0.16758435189393994
4.743804906920587 -0.16643492415252006
4.806636759992383 -0.16465617203465352
4.869468613064179 -0.16226735206829815
4.932300466135976 -0.15928916556215927
4.995132319207771 -0.15574355123142727
5.057964172279567 -0.15165349731025785
5.120796025351362 -0.1470428731692227
5.183627878423159 -0.1419362800223358
5.246459731494955 -0.136358919963363
5.3092915845667505 -0.13033648230880468
5.372123437638546 -0.1238950460373899
5.434955290710342 -0.11706099699442497
5.497787143782137 -0.10986095846469743
5.560618996853934 -0.10232173370074724
5.62345084992573 -0.09447025901532492
5.686282702997525 -0.08633356609947478
5.749114556069321 -0.07793875230330416
5.811946409141116 -0.0693129577082066
5.874778262212914 -0.06048334792101214
5.937610115284709 -0.05147710162684053
6.000441968356505 -0.04232140204368814
6.0632738214283 -0.03304343152401849
6.126105674500097 -0.023670368643464
6.188937527571893 -0.014229387201408846
6.2517693806436885 -0.00474765663043481