0.031415926535897934 0.00996920041700158
0.0942477796076938 0.029840679320259623
0.15707963267948966 0.04951221199174292
0.21991148575128552 0.06885321677171612
0.2827433388230814 0.08773712995059195
0.34557519189487723 0.10604290262036067
0.4084070449666731 0.12365639013052485
0.47123889803846897 0.1404716076571979
0.5340707511102649 0.1563918285261202
0.5969026041820606 0.1713305057123583
0.6597344572538566 0.18521200130627763
0.7225663103256523 0.19797211358657546
0.7853981633974483 0.20955839653930955
0.8482300164692442 0.21993027203560314
0.91106186954104 0.2290589402326976
0.9738937226128359 0.23692709888201519
1.0367255756846319 0.2435284869035978
1.0995574287564276 0.24886727162539513
1.1623892818282235 0.252957302327113
1.2252211349000193 0.2558212550548332
1.2880529879718152 0.25748969502031727
1.350884841043611 0.2580000832598871
1.413716694115407 0.2573957536486446
1.4765485471872026 0.2557248849414548
1.5393804002589986 0.25303949037585455
1.6022122533307945 0.2493944446833619
1.6650441064025903 0.24484656528722104
1.7278759594743862 0.23945376118953846
1.7907078125461822 0.23327425973167698
1.853539665617978 0.22636591819193155
1.9163715186897736 0.21878562418191005
1.9792033717615696 0.2105887861071823
2.0420352248333655 0.20182891262896882
2.104867077905162 0.19255727813467308
2.1676989309769574 0.18282266970409664
2.230530784048753 0.17267120993303517
2.2933626371205493 0.16214624921860976
2.356194490192345 0.15128832068196255
2.4190263432641403 0.1401351507577716
2.4818581963359367 0.1287217185672366
2.5446900494077322 0.1170803574624702
2.607521902479528 0.10524089253859871
2.670353755551324 0.09323080841221625
2.7331856086231197 0.08107544212282487
2.796017461694916 0.06879819659464737
2.8588493147667116 0.05642077067211114
2.9216811678385075 0.04396340229089984
2.9845130209103035 0.03144512184995875
3.047344873982099 0.018884013294402844
3.1101767270538954 0.006297480794613015
3.173008580125691 -0.006297480794613015
3.2358404331974873 -0.018884013294402844
3.2986722862692828 -0.03144512184995875
3.3615041393410787 -0.04396340229089984
3.4243359924128747 -0.05642077067211114
3.48716784548467 -0.06879819659464737
3.549999698556466 -0.08107544212282487
3.612831551628262 -0.09323080841221625
3.675663404700058 -0.10524089253859871
3.7384952577718535 -0.11708035746247007
3.8013271108436495 -0.1287217185672366
3.8641589639154454 -0.14013515075777153
3.9269908169872414 -0.15128832068196255
3.989822670059038 -0.16214624921860993
4.052654523130833 -0.17267120993303517
4.115486376202629 -0.18282266970409664
4.178318229274425 -0.19255727813467324
4.241150082346222 -0.201828912628969
4.303981935418017 -0.2105887861071823
4.366813788489813 -0.21878562418191005
4.429645641561608 -0.22636591819193144
4.4924774946334045 -0.23327425973167704
4.5553093477052 -0.23945376118953846
4.618141200776996 -0.2448465652872211
4.680973053848792 -0.2493944446833619
4.743804906920587 -0.25303949037585444
4.806636759992383 -0.2557248849414548
4.869468613064179 -0.2573957536486446
4.932300466135976 -0.25800008325988727
4.995132319207771 -0.2574896950203172
5.057964172279567 -0.2558212550548332
5.120796025351362 -0.25295730232711316
5.183627878423159 -0.24886727162539513
5.246459731494955 -0.24352848690359769
5.3092915845667505 -0.23692709888201519
5.372123437638546 -0.2290589402326976
5.434955290710342 -0.2199302720356032
5.497787143782137 -0.20955839653930977
5.560618996853934 -0.19797211358657527
5.62345084992573 -0.18521200130627763
5.686282702997525 -0.1713305057123583
5.749114556069321 -0.15639182852612035
5.811946409141116 -0.14047160765719816
5.874778262212914 -0.1236563901305246
5.937610115284709 -0.10604290262036067
6.000441968356505 -0.08773712995059195
6.0632738214283 -0.06885321677171621
6.126105674500097 -0.04951221199174292
6.188937527571893 -0.02984067932025947
6.2517693806436885 -0.00996920041700158