0.031415926535897934 0.006745046077773641
0.0942477796076938 0.020211853324674116
0.15707963267948966 0.03360886890229556
0.21991148575128552 0.046889774728674824
0.2827433388230814 0.06000856557239831
0.34557519189487723 0.07291967088617675
0.4084070449666731 0.0855780735288268
0.47123889803846897 0.09793942475742048
0.5340707511102649 0.10996015506098902
0.5969026041820606 0.12159758062452608
0.6597344572538566 0.13281000544923494
0.7225663103256523 0.1435568194032824
0.7853981633974483 0.15379859272747012
0.8482300164692442 0.1634971677625741
0.91106186954104 0.1726157488899365
0.9738937226128359 0.18111899187458455
1.0367255756846319 0.18897309396144538
1.0995574287564276 0.1961458861913191
1.1623892818282235 0.20260692946608402
1.2252211349000193 0.2083276158948492
1.2880529879718152 0.21328127688822643
1.350884841043611 0.21744329933152137
1.413716694115407 0.22079125095583277
1.4765485471872026 0.22330501573690154
1.5393804002589986 0.22496693978508742
1.6022122533307945 0.2257619877484357
1.6650441064025903 0.225677909239419
1.7278759594743862 0.22470541422256926
1.7907078125461822 0.22283835567619198
1.853539665617978 0.22007391718157535
1.9163715186897736 0.21641280241623032
1.9792033717615696 0.21185942285613346
2.0420352248333655 0.2064220793515952
2.104867077905162 0.20011313266116315
2.1676989309769574 0.19294915753901123
2.230530784048753 0.18495107460568966
2.2933626371205493 0.176144254021607
2.356194490192345 0.16655858495658393
2.4190263432641403 0.15622850503234978
2.4818581963359367 0.1451929843266026
2.5446900494077322 0.13349545917724662
2.607521902479528 0.12118371191323164
2.670353755551324 0.10830969375163178
2.7331856086231197 0.0949292894139354
2.796017461694916 0.08110202348983353
2.8588493147667116 0.0668907101638348
2.9216811678385075 0.05236104955837695
2.9845130209103035 0.03758117556887607
3.047344873982099 0.02262116159965475
3.1101767270538954 0.007552491983613277
3.173008580125691 -0.007552491983613277
3.2358404331974873 -0.02262116159965475
3.2986722862692828 -0.03758117556887607
3.3615041393410787 -0.05236104955837695
3.4243359924128747 -0.0668907101638348
3.48716784548467 -0.08110202348983353
3.549999698556466 -0.09492928941393532
3.612831551628262 -0.10830969375163178
3.675663404700058 -0.12118371191323164
3.7384952577718535 -0.13349545917724645
3.8013271108436495 -0.1451929843266026
3.8641589639154454 -0.15622850503234967
3.9269908169872414 -0.16655858495658393
3.989822670059038 -0.17614425402160716
4.052654523130833 -0.18495107460568966
4.115486376202629 -0.19294915753901123
4.178318229274425 -0.2001131326611633
4.241150082346222 -0.20642207935159534
4.303981935418017 -0.21185942285613366
4.366813788489813 -0.21641280241623032
4.429645641561608 -0.2200739171815753
4.4924774946334045 -0.22283835567619206
4.5553093477052 -0.22470541422256926
4.618141200776996 -0.22567790923941905
4.680973053848792 -0.2257619877484357
4.743804906920587 -0.22496693978508742
4.806636759992383 -0.22330501573690162
4.869468613064179 -0.22079125095583277
4.932300466135976 -0.2174432993315213
4.995132319207771 -0.21328127688822643
5.057964172279567 -0.2083276158948492
5.120796025351362 -0.20260692946608408
5.183627878423159 -0.1961458861913191
5.246459731494955 -0.1889730939614453
5.3092915845667505 -0.18111899187458455
5.372123437638546 -0.1726157488899365
5.434955290710342 -0.1634971677625741
5.497787143782137 -0.15379859272747018
5.560618996853934 -0.1435568194032824
5.62345084992573 -0.13281000544923494
5.686282702997525 -0.12159758062452608
5.749114556069321 -0.10996015506098915
5.811946409141116 -0.09793942475742072
5.874778262212914 -0.08557807352882674
5.937610115284709 -0.07291967088617675
6.000441968356505 -0.06000856557239831
6.0632738214283 -0.04688977472867486
6.126105674500097 -0.03360886890229556
6.188937527571893 -0.020211853324674033
6.2517693806436885 -0.006745046077773641