0.031415926535897934 0.00925979720162268
0.0942477796076938 0.027658822225694865
0.15707963267948966 0.045699807404937065
0.21991148575128552 0.06315608062310062
0.2827433388230814 0.07981829696529372
0.34557519189487723 0.09550002447632575
0.4084070449666731 0.11004212546904525
0.47123889803846897 0.1233157704718942
0.5340707511102649 0.13522402687114213
0.5969026041820606 0.14570206458622403
0.6597344572538566 0.15471610725009946
0.7225663103256523 0.16226132270877242
0.7853981633974483 0.1683588878805724
0.8482300164692442 0.17305248002496787
0.91106186954104 0.17640444182430265
0.9738937226128359 0.17849184576577978
1.0367255756846319 0.17940264941518339
1.0995574287564276 0.17923209265743
1.1623892818282235 0.178079445629945
1.2252211349000193 0.17604517570940775
1.2880529879718152 0.17322856620802915
1.350884841043611 0.1697257899523721
1.413716694115407 0.16562841824982483
1.4765485471872026 0.16102232974211758
1.5393804002589986 0.1559869736384059
1.6022122533307945 0.15059493685678224
1.6650441064025903 0.1449117636135629
1.7278759594743862 0.1389959779331552
1.7907078125461822 0.13289926346005987
1.853539665617978 0.12666676004048483
1.9163715186897736 0.12033744217172207
1.9792033717615696 0.11394455012124911
2.0420352248333655 0.10751604996625935
2.104867077905162 0.1010751037894922
2.1676989309769574 0.09464053567469312
2.230530784048753 0.08822728293120032
2.2933626371205493 0.0818468251479818
2.356194490192345 0.0755075862713622
2.4190263432641403 0.06921530697511878
2.4818581963359367 0.06297338621311913
2.5446900494077322 0.05678319208186639
2.607521902479528 0.05064434303928413
2.670353755551324 0.044554961187604075
2.7331856086231197 0.03851189978625506
2.796017461694916 0.03251094746184762
2.8588493147667116 0.026547011766090457
2.9216811678385075 0.020614284831395633
2.9845130209103035 0.01470639391455485
3.047344873982099 0.008816539622341916
3.1101767270538954 0.0029376245957396544
3.173008580125691 -0.0029376245957396544
3.2358404331974873 -0.008816539622341916
3.2986722862692828 -0.01470639391455485
3.3615041393410787 -0.020614284831395633
3.4243359924128747 -0.026547011766090457
3.48716784548467 -0.03251094746184762
3.549999698556466 -0.03851189978625496
3.612831551628262 -0.044554961187604075
3.675663404700058 -0.05064434303928413
3.7384952577718535 -0.05678319208186639
3.8013271108436495 -0.06297338621311913
3.8641589639154454 -0.06921530697511868
3.9269908169872414 -0.0755075862713622
3.989822670059038 -0.0818468251479818
4.052654523130833 -0.08822728293120032
4.115486376202629 -0.09464053567469312
4.178318229274425 -0.10107510378949226
4.241150082346222 -0.10751604996625952
4.303981935418017 -0.11394455012124911
4.366813788489813 -0.12033744217172207
4.429645641561608 -0.12666676004048474
4.4924774946334045 -0.13289926346005995
4.5553093477052 -0.1389959779331552
4.618141200776996 -0.14491176361356295
4.680973053848792 -0.15059493685678232
4.743804906920587 -0.155986973638406
4.806636759992383 -0.16102232974211755
4.869468613064179 -0.16562841824982483
4.932300466135976 -0.1697257899523721
4.995132319207771 -0.17322856620802912
5.057964172279567 -0.17604517570940778
5.120796025351362 -0.17807944562994496
5.183627878423159 -0.17923209265743
5.246459731494955 -0.17940264941518333
5.3092915845667505 -0.17849184576577978
5.372123437638546 -0.17640444182430265
5.434955290710342 -0.17305248002496776
5.497787143782137 -0.1683588878805725
5.560618996853934 -0.16226132270877242
5.62345084992573 -0.15471610725009946
5.686282702997525 -0.14570206458622403
5.749114556069321 -0.1352240268711422
5.811946409141116 -0.12331577047189439
5.874778262212914 -0.11004212546904503
5.937610115284709 -0.09550002447632575
6.000441968356505 -0.07981829696529372
6.0632738214283 -0.06315608062310071
6.126105674500097 -0.045699807404937065
6.188937527571893 -0.027658822225694768
6.2517693806436885 -0.00925979720162268