0.031415926535897934 0.010143119215978795
0.0942477796076938 0.030362841575315117
0.15707963267948966 0.050383794480287555
0.21991148575128552 0.0700760467110868
0.2827433388230814 0.08931349047091769
0.34557519189487723 0.10797527325322022
0.4084070449666731 0.12594713433417196
0.47123889803846897 0.1431226217339615
0.5340707511102649 0.1594041678851843
0.5969026041820606 0.17470400521939405
0.6597344572538566 0.18894490641544828
0.7225663103256523 0.20206073809410774
0.7853981633974483 0.21399682120185134
0.8482300164692442 0.22471009607352566
0.91106186954104 0.23416909503447697
0.9738937226128359 0.24235373020989073
1.0367255756846319 0.24925490875254294
1.0995574287564276 0.25487399178457537
1.1623892818282235 0.2592221167986631
1.2252211349000193 0.26231940593751163
1.2880529879718152 0.26419408437144004
1.350884841043611 0.2648815338768933
1.413716694115407 0.26442330669236364
1.4765485471872026 0.2628661238509208
1.5393804002589986 0.2602608805618273
1.6022122533307945 0.25666167897183945
1.6650441064025903 0.2521249059347943
1.7278759594743862 0.24670837041937826
1.7907078125461822 0.24047051204988304
1.853539665617978 0.23346968915061844
1.9163715186897736 0.22576355167849457
1.9792033717615696 0.21740850168204837
2.0420352248333655 0.20845924149348763
2.104867077905162 0.19896840779066347
2.1676989309769574 0.1889862879805474
2.230530784048753 0.17856061405520082
2.2933626371205493 0.16773642813794434
2.356194490192345 0.1565560133406239
2.4190263432641403 0.1450588832524697
2.4818581963359367 0.13328182333178107
2.5446900494077322 0.12125897762626223
2.607521902479528 0.1090219745597469
2.670353755551324 0.09660008594839378
2.7331856086231197 0.08402041390833834
2.796017461694916 0.0713081008541134
2.8588493147667116 0.05848655833289056
2.9216811678385075 0.04557771096867245
2.9845130209103035 0.03260225228270924
3.047344873982099 0.01957990959550204
3.1101767270538954 0.006529715589477796
3.173008580125691 -0.006529715589477796
3.2358404331974873 -0.01957990959550204
3.2986722862692828 -0.03260225228270924
3.3615041393410787 -0.04557771096867245
3.4243359924128747 -0.05848655833289056
3.48716784548467 -0.0713081008541134
3.549999698556466 -0.08402041390833834
3.612831551628262 -0.09660008594839378
3.675663404700058 -0.1090219745597469
3.7384952577718535 -0.12125897762626223
3.8013271108436495 -0.13328182333178107
3.8641589639154454 -0.1450588832524697
3.9269908169872414 -0.1565560133406239
3.989822670059038 -0.1677364281379444
4.052654523130833 -0.17856061405520082
4.115486376202629 -0.1889862879805474
4.178318229274425 -0.1989684077906636
4.241150082346222 -0.20845924149348774
4.303981935418017 -0.21740850168204837
4.366813788489813 -0.22576355167849457
4.429645641561608 -0.23346968915061844
4.4924774946334045 -0.24047051204988318
4.5553093477052 -0.24670837041937826
4.618141200776996 -0.2521249059347944
4.680973053848792 -0.25666167897183934
4.743804906920587 -0.2602608805618273
4.806636759992383 -0.26286612385092084
4.869468613064179 -0.26442330669236364
4.932300466135976 -0.26488153387689317
4.995132319207771 -0.26419408437144
5.057964172279567 -0.26231940593751163
5.120796025351362 -0.2592221167986633
5.183627878423159 -0.25487399178457537
5.246459731494955 -0.24925490875254286
5.3092915845667505 -0.24235373020989073
5.372123437638546 -0.23416909503447697
5.434955290710342 -0.22471009607352574
5.497787143782137 -0.21399682120185146
5.560618996853934 -0.20206073809410782
5.62345084992573 -0.18894490641544828
5.686282702997525 -0.17470400521939405
5.749114556069321 -0.1594041678851844
5.811946409141116 -0.14312262173396173
5.874778262212914 -0.12594713433417182
5.937610115284709 -0.10797527325322022
6.000441968356505 -0.08931349047091769
6.0632738214283 -0.07007604671108697
6.126105674500097 -0.050383794480287555
6.188937527571893 -0.030362841575314922
6.2517693806436885 -0.010143119215978795