0.031415926535897934 0.0057985052217091725
0.0942477796076938 0.0173797834515463
0.15707963267948966 0.02891385896870092
0.21991148575128552 0.040369243089197114
0.2827433388230814 0.05171441693981476
0.34557519189487723 0.06291781968691869
0.4084070449666731 0.07394783720078052
0.47123889803846897 0.08477279146494399
0.5340707511102649 0.095360931175523
0.5969026041820606 0.10568042413673087
0.6597344572538566 0.11569935224383465
0.7225663103256523 0.1253857100498994
0.7853981633974483 0.1347074081341645
0.8482300164692442 0.14363228272286588
0.91106186954104 0.1521281132519192
0.9738937226128359 0.16016264979812217
1.0367255756846319 0.16770365253300482
1.0995574287564276 0.17471894556126424
1.1623892818282235 0.18117648768223663
1.2252211349000193 0.1870444627446268
1.2880529879718152 0.19229139233645443
1.350884841043611 0.19688627354672278
1.413716694115407 0.2007987444339843
1.4765485471872026 0.20399927961985995
1.5393804002589986 0.20645941807232887
1.6022122533307945 0.20815202463437912
1.6650441064025903 0.2090515861704585
1.7278759594743862 0.20913454233171036
1.7907078125461822 0.20837964987257163
1.853539665617978 0.20676837818538996
1.9163715186897736 0.20428533226643808
1.9792033717615696 0.20091869770961907
2.0420352248333655 0.19666070058252394
2.104867077905162 0.19150807323032384
2.1676989309769574 0.18546251525175747
2.230530784048753 0.17853113719188266
2.2933626371205493 0.17072687300799957
2.356194490192345 0.1620688462094566
2.4190263432641403 0.1525826738754033
2.4818581963359367 0.14230069263958248
2.5446900494077322 0.13126209130621794
2.607521902479528 0.11951293610786284
2.670353755551324 0.10710607677823585
2.7331856086231197 0.09410092458485839
2.796017461694916 0.08056309718465415
2.8588493147667116 0.0665639295062296
2.9216811678385075 0.05217985464132356
2.9845130209103035 0.03749166370904187
3.047344873982099 0.02258365856637774
3.1101767270538954 0.007542715785382005
3.173008580125691 -0.007542715785382005
3.2358404331974873 -0.02258365856637774
3.2986722862692828 -0.03749166370904187
3.3615041393410787 -0.05217985464132356
3.4243359924128747 -0.0665639295062296
3.48716784548467 -0.08056309718465415
3.549999698556466 -0.09410092458485828
3.612831551628262 -0.10710607677823585
3.675663404700058 -0.11951293610786284
3.7384952577718535 -0.13126209130621788
3.8013271108436495 -0.14230069263958248
3.8641589639154454 -0.1525826738754033
3.9269908169872414 -0.1620688462094566
3.989822670059038 -0.17072687300799963
4.052654523130833 -0.17853113719188266
4.115486376202629 -0.18546251525175747
4.178318229274425 -0.1915080732303239
4.241150082346222 -0.19666070058252388
4.303981935418017 -0.20091869770961923
4.366813788489813 -0.20428533226643808
4.429645641561608 -0.20676837818538996
4.4924774946334045 -0.20837964987257168
4.5553093477052 -0.20913454233171036
4.618141200776996 -0.20905158617045838
4.680973053848792 -0.20815202463437898
4.743804906920587 -0.20645941807232876
4.806636759992383 -0.20399927961985984
4.869468613064179 -0.2007987444339843
4.932300466135976 -0.19688627354672275
4.995132319207771 -0.19229139233645443
5.057964172279567 -0.1870444627446268
5.120796025351362 -0.1811764876822366
5.183627878423159 -0.17471894556126424
5.246459731494955 -0.16770365253300468
5.3092915845667505 -0.16016264979812217
5.372123437638546 -0.1521281132519192
5.434955290710342 -0.1436322827228658
5.497787143782137 -0.1347074081341647
5.560618996853934 -0.12538571004989937
5.62345084992573 -0.11569935224383465
5.686282702997525 -0.10568042413673087
5.749114556069321 -0.095360931175523
5.811946409141116 -0.0847727914649441
5.874778262212914 -0.07394783720078044
5.937610115284709 -0.06291781968691869
6.000441968356505 -0.05171441693981476
6.0632738214283 -0.040369243089197114
6.126105674500097 -0.02891385896870092
6.188937527571893 -0.01737978345154622
6.2517693806436885 -0.0057985052217091725