0.031415926535897934 0.0013698862931761453
0.0942477796076938 0.004104819449149499
0.15707963267948966 0.00682524543920675
0.21991148575128552 0.009521529954391069
0.2827433388230814 0.01218409456565564
0.34557519189487723 0.014803439427834504
0.4084070449666731 0.01737016632893283
0.47123889803846897 0.019875002173760103
0.5340707511102649 0.02230882298355118
0.5969026041820606 0.02466267848404727
0.6597344572538566 0.02692781734347451
0.7225663103256523 0.0290957131088645
0.7853981633974483 0.031158090874160244
0.8482300164692442 0.03310695469647136
0.91106186954104 0.034934615757649584
0.9738937226128359 0.036633721247058194
1.0367255756846319 0.038197283918023045
1.0995574287564276 0.039618712245086875
1.1623892818282235 0.04089184108197168
1.2252211349000193 0.042010962691307586
1.2880529879718152 0.04297085798700515
1.350884841043611 0.04376682779899212
1.413716694115407 0.044394723938382064
1.4765485471872026 0.04485097980952813
1.5393804002589986 0.04513264028448847
1.6022122533307945 0.045237390525908965
1.6650441064025903 0.045163583417013445
1.7278759594743862 0.04491026523314882
1.7907078125461822 0.044477199169058804
1.853539665617978 0.0438648863206933
1.9163715186897736 0.04307458371081674
1.9792033717615696 0.042108318944855436
2.0420352248333655 0.04096890108811827
2.104867077905162 0.039659927368469634
2.1676989309769574 0.03818578533026325
2.230530784048753 0.036551650096253704
2.2933626371205493 0.0347634764344385
2.356194490192345 0.032827985376246815
2.4190263432641403 0.030752645190821683
2.4818581963359367 0.028545646586670564
2.5446900494077322 0.026215872085727
2.607521902479528 0.023772859594625932
2.670353755551324 0.02122676028223112
2.7331856086231197 0.01858829095939043
2.796017461694916 0.015868681244597605
2.8588493147667116 0.013079615885599461
2.9216811678385075 0.010233172689843303
2.9845130209103035 0.007341756593856315
3.047344873982099 0.004418030471084648
3.1101767270538954 0.001474843337480912
3.173008580125691 -0.001474843337480912
3.2358404331974873 -0.004418030471084648
3.2986722862692828 -0.007341756593856315
3.3615041393410787 -0.010233172689843303
3.4243359924128747 -0.013079615885599461
3.48716784548467 -0.015868681244597605
3.549999698556466 -0.01858829095939043
3.612831551628262 -0.02122676028223112
3.675663404700058 -0.023772859594625932
3.7384952577718535 -0.026215872085727
3.8013271108436495 -0.028545646586670564
3.8641589639154454 -0.030752645190821683
3.9269908169872414 -0.032827985376246815
3.989822670059038 -0.034763476434438605
4.052654523130833 -0.036551650096253704
4.115486376202629 -0.03818578533026325
4.178318229274425 -0.039659927368469634
4.241150082346222 -0.04096890108811826
4.303981935418017 -0.04210831894485542
4.366813788489813 -0.04307458371081674
4.429645641561608 -0.0438648863206933
4.4924774946334045 -0.044477199169058804
4.5553093477052 -0.04491026523314882
4.618141200776996 -0.045163583417013445
4.680973053848792 -0.045237390525908965
4.743804906920587 -0.04513264028448847
4.806636759992383 -0.04485097980952813
4.869468613064179 -0.044394723938382064
4.932300466135976 -0.0437668277989922
4.995132319207771 -0.04297085798700515
5.057964172279567 -0.042010962691307586
5.120796025351362 -0.04089184108197169
5.183627878423159 -0.039618712245086875
5.246459731494955 -0.038197283918023045
5.3092915845667505 -0.036633721247058194
5.372123437638546 -0.034934615757649584
5.434955290710342 -0.03310695469647136
5.497787143782137 -0.03115809087416043
5.560618996853934 -0.0290957131088645
5.62345084992573 -0.02692781734347451
5.686282702997525 -0.02466267848404727
5.749114556069321 -0.02230882298355118
5.811946409141116 -0.019875002173760183
5.874778262212914 -0.01737016632893283
5.937610115284709 -0.014803439427834504
6.000441968356505 -0.01218409456565564
6.0632738214283 -0.009521529954391154
6.126105674500097 -0.00682524543920675
6.188937527571893 -0.004104819449149499
6.2517693806436885 -0.0013698862931761453