0.031415926535897934 0.0009265147231263658
0.0942477796076938 0.0027743195364947934
0.15707963267948966 0.0046065024531408375
0.21991148575128552 0.006412821226526201
0.2827433388230814 0.008183288707747987
0.34557519189487723 0.00990826813426695
0.4084070449666731 0.011578561915917511
0.47123889803846897 0.013185492401621245
0.5340707511102649 0.014720973345387989
0.5969026041820606 0.01617757105601175
0.6597344572538566 0.0175485545004639
0.7225663103256523 0.018827933925108866
0.7853981633974483 0.020010487850540364
0.8482300164692442 0.021091778574864897
0.91106186954104 0.022068156577699484
0.9738937226128359 0.02293675444564002
1.0367255756846319 0.02369547113394612
1.0995574287564276 0.024342947535044443
1.1623892818282235 0.02487853444042056
1.2252211349000193 0.02530225405857978
1.2880529879718152 0.025614756289598018
1.350884841043611 0.025817270959256945
1.413716694115407 0.02591155718677689
1.4765485471872026 0.025899851004317933
1.5393804002589986 0.025784812268763342
1.6022122533307945 0.025569471811917384
1.6650441064025903 0.025257179669207423
1.7278759594743862 0.024851555113962732
1.7907078125461822 0.024356439108611665
1.853539665617978 0.02377584966938806
1.9163715186897736 0.023113940530440365
1.9792033717615696 0.02237496338903911
2.0420352248333655 0.021563233917692645
2.104867077905162 0.020683101642645252
2.1676989309769574 0.019738923712156124
2.230530784048753 0.018735042512387664
2.2933626371205493 0.01767576703353729
2.356194490192345 0.016565357843580004
2.4190263432641403 0.015408015490972291
2.4818581963359367 0.014207872130053863
2.5446900494077322 0.012968986142707101
2.607521902479528 0.011695339516084107
2.670353755551324 0.010390837727853696
2.7331856086231197 0.009059311886443938
2.796017461694916 0.007704522873195036
2.8588493147667116 0.006330167235297586
2.9216811678385075 0.004939884582053129
2.9845130209103035 0.0035372662416270715
3.047344873982099 0.0021258649404544893
3.1101767270538954 0.0007092052722499441
3.173008580125691 -0.0007092052722499441
3.2358404331974873 -0.0021258649404544893
3.2986722862692828 -0.0035372662416270715
3.3615041393410787 -0.004939884582053129
3.4243359924128747 -0.006330167235297586
3.48716784548467 -0.007704522873195036
3.549999698556466 -0.009059311886443938
3.612831551628262 -0.010390837727853696
3.675663404700058 -0.011695339516084107
3.7384952577718535 -0.012968986142707101
3.8013271108436495 -0.014207872130053863
3.8641589639154454 -0.015408015490972291
3.9269908169872414 -0.016565357843580004
3.989822670059038 -0.01767576703353738
4.052654523130833 -0.018735042512387664
4.115486376202629 -0.019738923712156124
4.178318229274425 -0.020683101642645255
4.241150082346222 -0.021563233917692645
4.303981935418017 -0.02237496338903911
4.366813788489813 -0.023113940530440365
4.429645641561608 -0.02377584966938806
4.4924774946334045 -0.024356439108611665
4.5553093477052 -0.024851555113962732
4.618141200776996 -0.025257179669207434
4.680973053848792 -0.025569471811917384
4.743804906920587 -0.02578481226876326
4.806636759992383 -0.02589985100431784
4.869468613064179 -0.02591155718677689
4.932300466135976 -0.025817270959256945
4.995132319207771 -0.025614756289598018
5.057964172279567 -0.02530225405857978
5.120796025351362 -0.02487853444042056
5.183627878423159 -0.024342947535044443
5.246459731494955 -0.023695471133946207
5.3092915845667505 -0.02293675444564002
5.372123437638546 -0.022068156577699484
5.434955290710342 -0.0210917785748649
5.497787143782137 -0.02001048785054045
5.560618996853934 -0.018827933925108866
5.62345084992573 -0.0175485545004639
5.686282702997525 -0.01617757105601175
5.749114556069321 -0.014720973345387989
5.811946409141116 -0.013185492401621245
5.874778262212914 -0.011578561915917511
5.937610115284709 -0.00990826813426695
6.000441968356505 -0.008183288707747987
6.0632738214283 -0.006412821226526201
6.126105674500097 -0.0046065024531408375
6.188937527571893 -0.0027743195364948806
6.2517693806436885 -0.0009265147231263658