0.031415926535897934 0.0050400223848436196
0.0942477796076938 0.015103864212190465
0.15707963267948966 0.025119119348560915
0.21991148575128552 0.03505347056670087
0.2827433388230814 0.044874711892530415
0.34557519189487723 0.054550793936443485
0.4084070449666731 0.06404987010939808
0.47123889803846897 0.07334034405240387
0.5340707511102649 0.08239091866064806
0.5969026041820606 0.09117064714319649
0.6597344572538566 0.09964898662324066
0.7225663103256523 0.10779585484906327
0.7853981633974483 0.11558169064873074
0.8482300164692442 0.12297751881803709
0.91106186954104 0.1299550201771824
0.9738937226128359 0.13648660756258488
1.0367255756846319 0.14254550853136203
1.0995574287564276 0.1481058555426516
1.1623892818282235 0.15314278433725573
1.2252211349000193 0.15763254116053055
1.2880529879718152 0.16155259935873112
1.350884841043611 0.16488178572244436
1.413716694115407 0.16760041674938336
1.4765485471872026 0.169690444750799
1.5393804002589986 0.1711356134305787
1.6022122533307945 0.17192162222495797
1.6650441064025903 0.17203629830681136
1.7278759594743862 0.17146977473728844
1.7907078125461822 0.17021467279719282
1.853539665617978 0.16826628606190475
1.9163715186897736 0.16562276331062317
1.9792033717615696 0.16228528689989372
2.0420352248333655 0.15825824280205522
2.104867077905162 0.1535493781327875
2.1676989309769574 0.14816994169126568
2.230530784048753 0.14213480283493407
2.2933626371205493 0.13546254393140048
2.356194490192345 0.12817552169319352
2.4190263432641403 0.12029989292437533
2.4818581963359367 0.11186560060342791
2.5446900494077322 0.10290631680000309
2.607521902479528 0.09345933967169442
2.670353755551324 0.08356544269974214
2.7331856086231197 0.0732686753788669
2.796017461694916 0.06261611574632629
2.8588493147667116 0.05165757638023889
2.9216811678385075 0.04044526677155871
2.9845130209103035 0.029033416227062736
3.047344873982099 0.01747786263915368
3.1101767270538954 0.00583561350965729
3.173008580125691 -0.00583561350965729
3.2358404331974873 -0.01747786263915368
3.2986722862692828 -0.029033416227062736
3.3615041393410787 -0.04044526677155871
3.4243359924128747 -0.05165757638023889
3.48716784548467 -0.06261611574632629
3.549999698556466 -0.07326867537886692
3.612831551628262 -0.08356544269974214
3.675663404700058 -0.09345933967169442
3.7384952577718535 -0.10290631680000292
3.8013271108436495 -0.11186560060342791
3.8641589639154454 -0.12029989292437533
3.9269908169872414 -0.12817552169319352
3.989822670059038 -0.13546254393140053
4.052654523130833 -0.14213480283493407
4.115486376202629 -0.14816994169126568
4.178318229274425 -0.15354937813278755
4.241150082346222 -0.15825824280205517
4.303981935418017 -0.16228528689989372
4.366813788489813 -0.16562276331062317
4.429645641561608 -0.16826628606190475
4.4924774946334045 -0.17021467279719285
4.5553093477052 -0.17146977473728844
4.618141200776996 -0.17203629830681136
4.680973053848792 -0.17192162222495797
4.743804906920587 -0.17113561343057881
4.806636759992383 -0.169690444750799
4.869468613064179 -0.16760041674938336
4.932300466135976 -0.16488178572244427
4.995132319207771 -0.16155259935873112
5.057964172279567 -0.15763254116053055
5.120796025351362 -0.15314278433725573
5.183627878423159 -0.1481058555426516
5.246459731494955 -0.14254550853136183
5.3092915845667505 -0.13648660756258488
5.372123437638546 -0.1299550201771824
5.434955290710342 -0.12297751881803709
5.497787143782137 -0.11558169064873088
5.560618996853934 -0.10779585484906315
5.62345084992573 -0.09964898662324066
5.686282702997525 -0.09117064714319649
5.749114556069321 -0.08239091866064817
5.811946409141116 -0.07334034405240415
5.874778262212914 -0.06404987010939808
5.937610115284709 -0.054550793936443485
6.000441968356505 -0.044874711892530415
6.0632738214283 -0.03505347056670087
6.126105674500097 -0.025119119348560915
6.188937527571893 -0.015103864212190567
6.2517693806436885 -0.0050400223848436196