0.031415926535897934 0.0032330834361987233
0.0942477796076938 0.0096870668081907
0.15707963267948966 0.016104540847411003
0.21991148575128552 0.02246130310147174
0.2827433388230814 0.028733356335614933
0.34557519189487723 0.034896989754423416
0.4084070449666731 0.04092885937594735
0.47123889803846897 0.046806067340519106
0.5340707511102649 0.052506239953224204
0.5969026041820606 0.05800760427769912
0.6597344572538566 0.06328906311868025
0.7225663103256523 0.06833026825052153
0.7853981633974483 0.07311169176767897
0.8482300164692442 0.07761469544985035
0.91106186954104 0.08182159804804529
0.9738937226128359 0.08571574040738272
1.0367255756846319 0.08928154834705472
1.0995574287564276 0.0925045932169777
1.1623892818282235 0.09537165004369232
1.2252211349000193 0.09787075316481879
1.2880529879718152 0.09999124923180151
1.350884841043611 0.10172384743503105
1.413716694115407 0.10306066677423228
1.4765485471872026 0.10399528016104442
1.5393804002589986 0.10452275510104032
1.6022122533307945 0.10463969066036732
1.6650441064025903 0.10434425037926204
1.7278759594743862 0.10363619075263991
1.7907078125461822 0.10251688485867126
1.853539665617978 0.10098934068170999
1.9163715186897736 0.09905821364816879
1.9792033717615696 0.09672981287491969
2.0420352248333655 0.09401210062144584
2.104867077905162 0.09091468444097417
2.1676989309769574 0.08744880154364923
2.230530784048753 0.0836272949175726
2.2933626371205493 0.07946458080194978
2.356194490192345 0.07497660717090482
2.4190263432641403 0.07018080296647576
2.4818581963359367 0.06509601791406688
2.5446900494077322 0.059742452861842384
2.607521902479528 0.05414158070525709
2.670353755551324 0.048316058086689706
2.7331856086231197 0.04228962819505829
2.796017461694916 0.036087015128052846
2.8588493147667116 0.029733810416656885
2.9216811678385075 0.02325635244418568
2.9845130209103035 0.016681599616417363
3.047344873982099 0.010036998251857516
3.1101767270538954 0.0033503462583972096
3.173008580125691 -0.0033503462583972096
3.2358404331974873 -0.010036998251857516
3.2986722862692828 -0.016681599616417363
3.3615041393410787 -0.02325635244418568
3.4243359924128747 -0.029733810416656885
3.48716784548467 -0.036087015128052846
3.549999698556466 -0.04228962819505822
3.612831551628262 -0.048316058086689706
3.675663404700058 -0.05414158070525709
3.7384952577718535 -0.05974245286184239
3.8013271108436495 -0.06509601791406688
3.8641589639154454 -0.0701808029664757
3.9269908169872414 -0.07497660717090482
3.989822670059038 -0.07946458080194976
4.052654523130833 -0.0836272949175726
4.115486376202629 -0.08744880154364923
4.178318229274425 -0.0909146844409741
4.241150082346222 -0.09401210062144584
4.303981935418017 -0.09672981287491966
4.366813788489813 -0.09905821364816879
4.429645641561608 -0.10098934068170999
4.4924774946334045 -0.10251688485867123
4.5553093477052 -0.10363619075263991
4.618141200776996 -0.10434425037926201
4.680973053848792 -0.10463969066036731
4.743804906920587 -0.10452275510104031
4.806636759992383 -0.10399528016104442
4.869468613064179 -0.10306066677423228
4.932300466135976 -0.10172384743503105
4.995132319207771 -0.09999124923180168
5.057964172279567 -0.09787075316481882
5.120796025351362 -0.09537165004369237
5.183627878423159 -0.0925045932169777
5.246459731494955 -0.0892815483470547
5.3092915845667505 -0.08571574040738272
5.372123437638546 -0.08182159804804529
5.434955290710342 -0.07761469544985032
5.497787143782137 -0.07311169176767901
5.560618996853934 -0.06833026825052159
5.62345084992573 -0.06328906311868025
5.686282702997525 -0.05800760427769912
5.749114556069321 -0.052506239953224246
5.811946409141116 -0.04680606734051927
5.874778262212914 -0.040928859375947306
5.937610115284709 -0.034896989754423416
6.000441968356505 -0.028733356335614933
6.0632738214283 -0.02246130310147174
6.126105674500097 -0.016104540847411003
6.188937527571893 -0.009687066808190682
6.2517693806436885 -0.0032330834361987233