0.031415926535897934 0.00556674255994219
0.0942477796076938 0.016665522149885592
0.15707963267948966 0.027660575589704584
0.21991148575128552 0.03848404603928018
0.2827433388230814 0.04906999135917113
0.34557519189487723 0.05935509831765001
0.4084070449666731 0.06927934675114655
0.47123889803846897 0.07878661165371666
0.5340707511102649 0.08782519279091276
0.5969026041820606 0.09634826331724615
0.6597344572538566 0.1043142309675183
0.7225663103256523 0.11168700762537609
0.7853981633974483 0.11843618537567513
0.8482300164692442 0.12453711944492886
0.91106186954104 0.12997092064990454
0.9738937226128359 0.13472436203497531
1.0367255756846319 0.1387897062175501
1.0995574287564276 0.1421644615214424
1.1623892818282235 0.14485107621728538
1.2252211349000193 0.14685658107925614
1.2880529879718152 0.14819219099708167
1.350884841043611 0.14887287655656234
1.413716694115407 0.1489169163410085
1.4765485471872026 0.1483454402435502
1.5393804002589986 0.1471819733602404
1.6022122533307945 0.14545198910739396
1.6650441064025903 0.14318247912864782
1.7278759594743862 0.1404015463832497
1.7907078125461822 0.13713802659010618
1.853539665617978 0.133421141990267
1.9163715186897736 0.12928019022528595
1.9792033717615696 0.12474427004391204
2.0420352248333655 0.11984204457019675
2.104867077905162 0.11460154200942962
2.1676989309769574 0.10904999294370148
2.230530784048753 0.10321370277882753
2.2933626371205493 0.097117957445545
2.356194490192345 0.09078696012240454
2.4190263432641403 0.0842437965243015
2.4818581963359367 0.07751042617551016
2.5446900494077322 0.07060769704452206
2.607521902479528 0.06355538094460854
2.670353755551324 0.056372227183797315
2.7331856086231197 0.04907603206655027
2.796017461694916 0.04168372199373948
2.8588493147667116 0.03421144806572299
2.9216811678385075 0.026674690255123878
2.9845130209103035 0.019088369372491427
3.047344873982099 0.011466965192013028
3.1101767270538954 0.0038246392298837096
3.173008580125691 -0.0038246392298837096
3.2358404331974873 -0.011466965192013028
3.2986722862692828 -0.019088369372491427
3.3615041393410787 -0.026674690255123878
3.4243359924128747 -0.03421144806572299
3.48716784548467 -0.04168372199373948
3.549999698556466 -0.04907603206655019
3.612831551628262 -0.056372227183797315
3.675663404700058 -0.06355538094460854
3.7384952577718535 -0.070607697044522
3.8013271108436495 -0.07751042617551016
3.8641589639154454 -0.08424379652430135
3.9269908169872414 -0.09078696012240454
3.989822670059038 -0.09711795744554506
4.052654523130833 -0.10321370277882753
4.115486376202629 -0.10904999294370148
4.178318229274425 -0.11460154200942975
4.241150082346222 -0.11984204457019683
4.303981935418017 -0.12474427004391204
4.366813788489813 -0.12928019022528595
4.429645641561608 -0.133421141990267
4.4924774946334045 -0.13713802659010618
4.5553093477052 -0.1404015463832497
4.618141200776996 -0.14318247912864787
4.680973053848792 -0.14545198910739396
4.743804906920587 -0.1471819733602403
4.806636759992383 -0.1483454402435502
4.869468613064179 -0.1489169163410085
4.932300466135976 -0.14887287655656237
4.995132319207771 -0.14819219099708172
5.057964172279567 -0.14685658107925614
5.120796025351362 -0.14485107621728538
5.183627878423159 -0.1421644615214424
5.246459731494955 -0.13878970621754996
5.3092915845667505 -0.13472436203497531
5.372123437638546 -0.12997092064990454
5.434955290710342 -0.12453711944492882
5.497787143782137 -0.11843618537567521
5.560618996853934 -0.11168700762537609
5.62345084992573 -0.1043142309675183
5.686282702997525 -0.09634826331724615
5.749114556069321 -0.08782519279091282
5.811946409141116 -0.07878661165371681
5.874778262212914 -0.06927934675114658
5.937610115284709 -0.05935509831765001
6.000441968356505 -0.04906999135917113
6.0632738214283 -0.03848404603928039
6.126105674500097 -0.027660575589704584
6.188937527571893 -0.016665522149885374
6.2517693806436885 -0.00556674255994219