0.031415926535897934 0.00784541759108606
0.0942477796076938 0.02344797549958973
0.15707963267948966 0.03878795348603041
0.21991148575128552 0.05369769945538954
0.2827433388230814 0.06802030273688323
0.34557519189487723 0.0816131966836211
0.4084070449666731 0.09435112691566588
0.47123889803846897 0.10612838235309427
0.5340707511102649 0.11686023411263398
0.5969026041820606 0.12648357563388846
0.6597344572538566 0.13495680204368665
0.7225663103256523 0.14225900448224452
0.7853981633974483 0.14838858364789786
0.8482300164692442 0.15336140505738316
0.91106186954104 0.15720862646086423
0.9738937226128359 0.1599743264269708
1.0367255756846319 0.16171305393793323
1.0995574287564276 0.16248740391710814
1.1623892818282235 0.16236570507430162
1.2252211349000193 0.16141988630289253
1.2880529879718152 0.1597235678137468
1.350884841043611 0.1573504045759998
1.413716694115407 0.15437269336818374
1.4765485471872026 0.15086024134186715
1.5393804002589986 0.14687948363918515
1.6022122533307945 0.1424928301939547
1.6650441064025903 0.13775821710512834
1.7278759594743862 0.132728835510709
1.7907078125461822 0.12745301027031927
1.853539665617978 0.12197420154509211
1.9163715186897736 0.11633110413701539
1.9792033717615696 0.11055782186198697
2.0420352248333655 0.10468409698982895
2.104867077905162 0.09873557766234504
2.1676989309769574 0.09273410902874407
2.230530784048753 0.08669803650021898
2.2933626371205493 0.080642511949322
2.356194490192345 0.07457979582645463
2.4190263432641403 0.0685195500226167
2.4818581963359367 0.06246911788021841
2.5446900494077322 0.05643378906027407
2.607521902479528 0.0504170480400213
2.670353755551324 0.04442080586905018
2.7331856086231197 0.03844561548440352
2.796017461694916 0.03249087140503934
2.8588493147667116 0.026554995020622096
2.9216811678385075 0.02063560698318245
2.9845130209103035 0.014729688423968807
3.047344873982099 0.008833732869814386
3.1101767270538954 0.0029438908383894536
3.173008580125691 -0.0029438908383894536
3.2358404331974873 -0.008833732869814386
3.2986722862692828 -0.014729688423968807
3.3615041393410787 -0.02063560698318245
3.4243359924128747 -0.026554995020622096
3.48716784548467 -0.03249087140503934
3.549999698556466 -0.03844561548440344
3.612831551628262 -0.04442080586905018
3.675663404700058 -0.0504170480400213
3.7384952577718535 -0.056433789060274006
3.8013271108436495 -0.06246911788021841
3.8641589639154454 -0.06851955002261663
3.9269908169872414 -0.07457979582645463
3.989822670059038 -0.08064251194932207
4.052654523130833 -0.08669803650021898
4.115486376202629 -0.09273410902874407
4.178318229274425 -0.0987355776623451
4.241150082346222 -0.10468409698982899
4.303981935418017 -0.11055782186198702
4.366813788489813 -0.11633110413701539
4.429645641561608 -0.12197420154509211
4.4924774946334045 -0.1274530102703192
4.5553093477052 -0.132728835510709
4.618141200776996 -0.13775821710512826
4.680973053848792 -0.14249283019395478
4.743804906920587 -0.14687948363918504
4.806636759992383 -0.15086024134186715
4.869468613064179 -0.15437269336818374
4.932300466135976 -0.1573504045759998
4.995132319207771 -0.15972356781374691
5.057964172279567 -0.16141988630289242
5.120796025351362 -0.16236570507430173
5.183627878423159 -0.16248740391710814
5.246459731494955 -0.16171305393793317
5.3092915845667505 -0.1599743264269708
5.372123437638546 -0.15720862646086423
5.434955290710342 -0.1533614050573831
5.497787143782137 -0.14838858364789798
5.560618996853934 -0.14225900448224438
5.62345084992573 -0.13495680204368665
5.686282702997525 -0.12648357563388846
5.749114556069321 -0.11686023411263398
5.811946409141116 -0.10612838235309437
5.874778262212914 -0.0943511269156658
5.937610115284709 -0.0816131966836211
6.000441968356505 -0.06802030273688323
6.0632738214283 -0.05369769945538954
6.126105674500097 -0.03878795348603041
6.188937527571893 -0.023447975499589643
6.2517693806436885 -0.00784541759108606