0.031415926535897934 0.007963709967657688
0.0942477796076938 0.02383346541057205
0.15707963267948966 0.039531025867260546
0.21991148575128552 0.054944237957095514
0.2827433388230814 0.06996484949034595
0.34557519189487723 0.08448994440964777
0.4084070449666731 0.09842325662082879
0.47123889803846897 0.11167633431909658
0.5340707511102649 0.12416953086749717
0.5969026041820606 0.13583280347732257
0.6597344572538566 0.14660630670824412
0.7225663103256523 0.15644077394649586
0.7853981633974483 0.16529768629949665
0.8482300164692442 0.17314923451293054
0.91106186954104 0.17997808531540663
0.9738937226128359 0.18577696878356678
1.0367255756846319 0.19054810768495464
1.0995574287564276 0.19430251313189112
1.1623892818282235 0.1970591731605326
1.2252211349000193 0.19884416199403063
1.2880529879718152 0.19968969778226406
1.350884841043611 0.1996331756187861
1.413716694115407 0.1987162007551541
1.4765485471872026 0.19698364433745127
1.5393804002589986 0.1944827408750726
1.6022122533307945 0.19126224321920354
1.6650441064025903 0.1873716472712934
1.7278759594743862 0.18286049513393182
1.7907078125461822 0.17777776210363827
1.853539665617978 0.1721713299000979
1.9163715186897736 0.16608754590793098
1.9792033717615696 0.15957086602067097
2.0420352248333655 0.15266357693806917
2.104867077905162 0.14540559246809862
2.1676989309769574 0.13783431749565125
2.230530784048753 0.12998457275874867
2.2933626371205493 0.12188857336942631
2.356194490192345 0.11357595407574271
2.4190263432641403 0.10507383452886072
2.4818581963359367 0.09640691824278647
2.5446900494077322 0.087597619466697
2.607521902479528 0.07866621278920505
2.670353755551324 0.06963100092513003
2.7331856086231197 0.06050849676937197
2.796017461694916 0.05131361641641517
2.8588493147667116 0.04205988042017293
2.9216811678385075 0.032759621094382595
2.9845130209103035 0.02342419411942721
3.047344873982099 0.014064193121139252
3.1101767270538954 0.0046896662170044035
3.173008580125691 -0.0046896662170044035
3.2358404331974873 -0.014064193121139252
3.2986722862692828 -0.02342419411942721
3.3615041393410787 -0.032759621094382595
3.4243359924128747 -0.04205988042017293
3.48716784548467 -0.05131361641641517
3.549999698556466 -0.06050849676937179
3.612831551628262 -0.06963100092513003
3.675663404700058 -0.07866621278920505
3.7384952577718535 -0.08759761946669693
3.8013271108436495 -0.09640691824278647
3.8641589639154454 -0.10507383452886061
3.9269908169872414 -0.11357595407574271
3.989822670059038 -0.1218885733694265
4.052654523130833 -0.12998457275874867
4.115486376202629 -0.13783431749565125
4.178318229274425 -0.14540559246809873
4.241150082346222 -0.15266357693806926
4.303981935418017 -0.15957086602067103
4.366813788489813 -0.16608754590793098
4.429645641561608 -0.17217132990009784
4.4924774946334045 -0.17777776210363835
4.5553093477052 -0.18286049513393182
4.618141200776996 -0.1873716472712934
4.680973053848792 -0.1912622432192037
4.743804906920587 -0.19448274087507256
4.806636759992383 -0.19698364433745125
4.869468613064179 -0.1987162007551541
4.932300466135976 -0.1996331756187861
4.995132319207771 -0.19968969778226406
5.057964172279567 -0.1988441619940307
5.120796025351362 -0.1970591731605326
5.183627878423159 -0.19430251313189112
5.246459731494955 -0.19054810768495462
5.3092915845667505 -0.18577696878356678
5.372123437638546 -0.17997808531540663
5.434955290710342 -0.17314923451293057
5.497787143782137 -0.16529768629949673
5.560618996853934 -0.1564407739464959
5.62345084992573 -0.14660630670824412
5.686282702997525 -0.13583280347732257
5.749114556069321 -0.12416953086749732
5.811946409141116 -0.11167633431909677
5.874778262212914 -0.09842325662082863
5.937610115284709 -0.08448994440964777
6.000441968356505 -0.06996484949034595
6.0632738214283 -0.054944237957095646
6.126105674500097 -0.039531025867260546
6.188937527571893 -0.023833465410571922
6.2517693806436885 -0.007963709967657688