0.031415926535897934 0.010112767754346634
0.0942477796076938 0.030252294347070767
0.15707963267948966 0.05013527956008437
0.21991148575128552 0.0695956037947991
0.2827433388230814 0.08847435978041664
0.34557519189487723 0.10662244419580781
0.4084070449666731 0.12390286974470006
0.47123889803846897 0.1401927368660363
0.5340707511102649 0.15538481747754662
0.5969026041820606 0.16938871810749212
0.6597344572538566 0.1821316057680232
0.7225663103256523 0.19355849618472745
0.7853981633974483 0.20363211970833003
0.8482300164692442 0.2123323946072818
0.91106186954104 0.21965554976985197
0.9738937226128359 0.22561294856897604
1.0367255756846319 0.23022967238690645
1.0995574287564276 0.23354292589747572
1.1623892818282235 0.235600326716923
1.2252211349000193 0.23645813971513505
1.2880529879718152 0.23617951154666422
1.350884841043611 0.23483275434790138
1.413716694115407 0.23248971964500692
1.4765485471872026 0.2292242949230149
1.5393804002589986 0.22511104657410444
1.6022122533307945 0.22022402454847367
1.6650441064025903 0.2146357363499975
1.7278759594743862 0.20841629131601058
1.7907078125461822 0.2016327105528421
1.853539665617978 0.1943483935249951
1.9163715186897736 0.18662272909380656
1.9792033717615696 0.17851083668666679
2.0420352248333655 0.1700634221239588
2.104867077905162 0.1613267322871761
2.1676989309769574 0.15234259311905346
2.230530784048753 0.14314851624923272
2.2933626371205493 0.1337778606933864
2.356194490192345 0.12426003745371211
2.4190263432641403 0.1146207463484623
2.4818581963359367 0.10488223593272639
2.5446900494077322 0.09506357887694596
2.607521902479528 0.08518095659653761
2.670353755551324 0.07524794824380328
2.7331856086231197 0.06527582036298374
2.796017461694916 0.05527381456176284
2.8588493147667116 0.045249431466067636
2.9216811678385075 0.03520871000308603
2.9845130209103035 0.0251565017068533
3.047344873982099 0.015096740269951071
3.1101767270538954 0.005032706982806396
3.173008580125691 -0.005032706982806396
3.2358404331974873 -0.015096740269951071
3.2986722862692828 -0.0251565017068533
3.3615041393410787 -0.03520871000308603
3.4243359924128747 -0.045249431466067636
3.48716784548467 -0.05527381456176284
3.549999698556466 -0.0652758203629834
3.612831551628262 -0.07524794824380328
3.675663404700058 -0.08518095659653761
3.7384952577718535 -0.09506357887694586
3.8013271108436495 -0.10488223593272639
3.8641589639154454 -0.11462074634846241
3.9269908169872414 -0.12426003745371211
3.989822670059038 -0.1337778606933866
4.052654523130833 -0.14314851624923272
4.115486376202629 -0.15234259311905346
4.178318229274425 -0.1613267322871762
4.241150082346222 -0.1700634221239589
4.303981935418017 -0.178510836686667
4.366813788489813 -0.18662272909380656
4.429645641561608 -0.19434839352499497
4.4924774946334045 -0.20163271055284204
4.5553093477052 -0.20841629131601058
4.618141200776996 -0.21463573634999744
4.680973053848792 -0.22022402454847378
4.743804906920587 -0.22511104657410427
4.806636759992383 -0.22922429492301488
4.869468613064179 -0.23248971964500692
4.932300466135976 -0.23483275434790146
4.995132319207771 -0.2361795115466642
5.057964172279567 -0.23645813971513513
5.120796025351362 -0.23560032671692308
5.183627878423159 -0.23354292589747572
5.246459731494955 -0.23022967238690645
5.3092915845667505 -0.22561294856897604
5.372123437638546 -0.21965554976985197
5.434955290710342 -0.2123323946072818
5.497787143782137 -0.20363211970833023
5.560618996853934 -0.1935584961847272
5.62345084992573 -0.1821316057680232
5.686282702997525 -0.16938871810749212
5.749114556069321 -0.15538481747754682
5.811946409141116 -0.14019273686603645
5.874778262212914 -0.1239028697446999
5.937610115284709 -0.10662244419580781
6.000441968356505 -0.08847435978041664
6.0632738214283 -0.06959560379479912
6.126105674500097 -0.05013527956008437
6.188937527571893 -0.030252294347070652
6.2517693806436885 -0.010112767754346634