0.031415926535897934 0.008671841225301312
0.0942477796076938 0.02598377654900221
0.15707963267948966 0.043200582833353075
0.21991148575128552 0.06025921412488027
0.2827433388230814 0.07709718089056969
0.34557519189487723 0.09365276534808316
0.4084070449666731 0.10986522987777386
0.47123889803846897 0.12567501698281697
0.5340707511102649 0.14102393957237017
0.5969026041820606 0.15585536069484052
0.6597344572538566 0.1701143622306905
0.7225663103256523 0.18374790245233028
0.7853981633974483 0.19670496275747065
0.8482300164692442 0.2089366842668263
0.91106186954104 0.2203964953326189
0.9738937226128359 0.2310402313171773
1.0367255756846319 0.24082624825855525
1.0995574287564276 0.24971553223146314
1.1623892818282235 0.2576718063277441
1.2252211349000193 0.2646616372138134
1.2880529879718152 0.2706545431677828
1.350884841043611 0.27562310535342105
1.413716694115407 0.2795430838510285
1.4765485471872026 0.28239353963848807
1.5393804002589986 0.28415696330349133
1.6022122533307945 0.28481941077714645
1.6650441064025903 0.2843706458195462
1.7278759594743862 0.2828042883719277
1.7907078125461822 0.2801179672332941
1.853539665617978 0.27631347484014956
1.9163715186897736 0.2713969212476039
1.9792033717615696 0.26537888375234464
2.0420352248333655 0.2582745479888846
2.104867077905162 0.2501038357976392
2.1676989309769574 0.24089151473503706
2.230530784048753 0.2306672837998658
2.2933626371205493 0.21946582981248972
2.356194490192345 0.2073268489273375
2.4190263432641403 0.19429502800208379
2.4818581963359367 0.1804199810007622
2.5446900494077322 0.1657561362761015
2.607521902479528 0.15036257145282567
2.670353755551324 0.13430279370255216
2.7331856086231197 0.11764446443569126
2.796017461694916 0.10045906879969176
2.8588493147667116 0.0828215318200951
2.9216811678385075 0.06480978449767157
2.9845130209103035 0.04650428462284814
3.047344873982099 0.027987498426943452
3.1101767270538954 0.009343350398873506
3.173008580125691 -0.009343350398873506
3.2358404331974873 -0.027987498426943452
3.2986722862692828 -0.04650428462284814
3.3615041393410787 -0.06480978449767157
3.4243359924128747 -0.0828215318200951
3.48716784548467 -0.10045906879969176
3.549999698556466 -0.1176444644356911
3.612831551628262 -0.13430279370255216
3.675663404700058 -0.15036257145282567
3.7384952577718535 -0.16575613627610128
3.8013271108436495 -0.1804199810007622
3.8641589639154454 -0.19429502800208348
3.9269908169872414 -0.2073268489273375
3.989822670059038 -0.21946582981248997
4.052654523130833 -0.2306672837998658
4.115486376202629 -0.24089151473503706
4.178318229274425 -0.2501038357976391
4.241150082346222 -0.2582745479888848
4.303981935418017 -0.2653788837523447
4.366813788489813 -0.2713969212476039
4.429645641561608 -0.27631347484014956
4.4924774946334045 -0.280117967233294
4.5553093477052 -0.2828042883719277
4.618141200776996 -0.2843706458195463
4.680973053848792 -0.28481941077714645
4.743804906920587 -0.28415696330349133
4.806636759992383 -0.2823935396384881
4.869468613064179 -0.2795430838510285
4.932300466135976 -0.275623105353421
4.995132319207771 -0.27065454316778287
5.057964172279567 -0.26466163721381347
5.120796025351362 -0.2576718063277442
5.183627878423159 -0.24971553223146314
5.246459731494955 -0.24082624825855503
5.3092915845667505 -0.2310402313171773
5.372123437638546 -0.2203964953326189
5.434955290710342 -0.20893668426682635
5.497787143782137 -0.19670496275747082
5.560618996853934 -0.18374790245233022
5.62345084992573 -0.1701143622306905
5.686282702997525 -0.15585536069484052
5.749114556069321 -0.1410239395723704
5.811946409141116 -0.1256750169828172
5.874778262212914 -0.10986522987777385
5.937610115284709 -0.09365276534808316
6.000441968356505 -0.07709718089056969
6.0632738214283 -0.060259214124880486
6.126105674500097 -0.043200582833353075
6.188937527571893 -0.025983776549002094
6.2517693806436885 -0.008671841225301312