0.031415926535897934 0.004352898014577489
0.0942477796076938 0.013032878276754704
0.15707963267948966 0.02163568184472031
0.21991148575128552 0.03011075461800806
0.2827433388230814 0.038408870694462645
0.34557519189487723 0.04648262942912296
0.4084070449666731 0.05428691935425676
0.47123889803846897 0.0617793409992771
0.5340707511102649 0.06892058171373773
0.5969026041820606 0.07567473682668342
0.6597344572538566 0.0820095728318284
0.7225663103256523 0.08789672972670103
0.7853981633974483 0.09331186110868633
0.8482300164692442 0.09823471209471159
0.91106186954104 0.10264913653808085
0.9738937226128359 0.10654305632269799
1.0367255756846319 0.10990836668354093
1.0995574287564276 0.11274079250122299
1.1623892818282235 0.1150397013241045
1.2252211349000193 0.11680787946864728
1.2880529879718152 0.11805127793150318
1.350884841043611 0.11877873501799166
1.413716694115407 0.11900168256207933
1.4765485471872026 0.11873384240073895
1.5393804002589986 0.11799091939428955
1.6022122533307945 0.11679029678168326
1.6650441064025903 0.11515073905572246
1.7278759594743862 0.11309210686856933
1.7907078125461822 0.11063508776251785
1.853539665617978 0.10780094579259436
1.9163715186897736 0.1046112923908116
1.9792033717615696 0.10108788013765417
2.0420352248333655 0.09725242047129201
2.104867077905162 0.09312642579141647
2.1676989309769574 0.08873107591062504
2.230530784048753 0.08408710837620174
2.2933626371205493 0.0792147318297775
2.356194490192345 0.07413356128967281
2.4190263432641403 0.0688625740263504
2.4818581963359367 0.06342008454925291
2.5446900494077322 0.057823737126095745
2.607521902479528 0.052090514205440426
2.670353755551324 0.046236759101848275
2.7331856086231197 0.0402782113219135
2.796017461694916 0.034230052951151106
2.8588493147667116 0.02810696457876945
2.9216811678385075 0.02192318930314071
2.9845130209103035 0.015692603429451422
3.047344873982099 0.009428792537481445
3.1101767270538954 0.0031451316575046608
3.173008580125691 -0.0031451316575046608
3.2358404331974873 -0.009428792537481445
3.2986722862692828 -0.015692603429451422
3.3615041393410787 -0.02192318930314071
3.4243359924128747 -0.02810696457876945
3.48716784548467 -0.034230052951151106
3.549999698556466 -0.04027821132191342
3.612831551628262 -0.046236759101848275
3.675663404700058 -0.052090514205440426
3.7384952577718535 -0.057823737126095745
3.8013271108436495 -0.06342008454925291
3.8641589639154454 -0.0688625740263504
3.9269908169872414 -0.07413356128967281
3.989822670059038 -0.0792147318297775
4.052654523130833 -0.08408710837620174
4.115486376202629 -0.08873107591062504
4.178318229274425 -0.09312642579141645
4.241150082346222 -0.09725242047129208
4.303981935418017 -0.10108788013765417
4.366813788489813 -0.1046112923908116
4.429645641561608 -0.10780094579259436
4.4924774946334045 -0.11063508776251776
4.5553093477052 -0.11309210686856933
4.618141200776996 -0.11515073905572246
4.680973053848792 -0.11679029678168326
4.743804906920587 -0.11799091939428955
4.806636759992383 -0.11873384240073903
4.869468613064179 -0.11900168256207933
4.932300466135976 -0.11877873501799179
4.995132319207771 -0.11805127793150327
5.057964172279567 -0.11680787946864735
5.120796025351362 -0.1150397013241045
5.183627878423159 -0.11274079250122299
5.246459731494955 -0.10990836668354095
5.3092915845667505 -0.10654305632269799
5.372123437638546 -0.10264913653808085
5.434955290710342 -0.09823471209471159
5.497787143782137 -0.0933118611086864
5.560618996853934 -0.08789672972670103
5.62345084992573 -0.0820095728318284
5.686282702997525 -0.07567473682668342
5.749114556069321 -0.0689205817137378
5.811946409141116 -0.061779340999277156
5.874778262212914 -0.05428691935425676
5.937610115284709 -0.04648262942912296
6.000441968356505 -0.038408870694462645
6.0632738214283 -0.03011075461800825
6.126105674500097 -0.02163568184472031
6.188937527571893 -0.013032878276754643
6.2517693806436885 -0.004352898014577489