0.031415926535897934 0.0011536256956857572
0.0942477796076938 0.003456748655095098
0.15707963267948966 0.005747496612193569
0.21991148575128552 0.008017653908993214
0.2827433388230814 0.010259056512950483
0.34557519189487723 0.012463612885211245
0.4084070449666731 0.014623325061849228
0.47123889803846897 0.01673031000164237
0.5340707511102649 0.018776821248344767
0.5969026041820606 0.020755270948478212
0.6597344572538566 0.022658252257331764
0.7225663103256523 0.024478562156069177
0.7853981633974483 0.026209224691566856
0.8482300164692442 0.027843514637791052
0.91106186954104 0.02937498156317186
0.9738937226128359 0.030797474272549103
1.0367255756846319 0.03210516557489569
1.0995574287564276 0.033292577309242934
1.1623892818282235 0.034354605541177426
1.2252211349000193 0.03528654582112327
1.2880529879718152 0.0360841183735934
1.350884841043611 0.036743493064007614
1.413716694115407 0.03726131396685964
1.4765485471872026 0.037634723336429796
1.5393804002589986 0.03786138475933516
1.6022122533307945 0.037939505247548556
1.6650441064025903 0.03786785601169313
1.7278759594743862 0.03764579163804124
1.7907078125461822 0.03727326737940525
1.853539665617978 0.03675085426064309
1.9163715186897736 0.03607975169447576
1.9792033717615696 0.03526179730335813
2.0420352248333655 0.03429947364880054
2.104867077905162 0.03319591158129711
2.1676989309769574 0.031954889942235276
2.230530784048753 0.030580831374061583
2.2933626371205493 0.029078794026630952
2.356194490192345 0.027454458985943595
2.4190263432641403 0.025714113296068743
2.4818581963359367 0.02386462849543361
2.5446900494077322 0.021913434644101202
2.607521902479528 0.019868489878222914
2.670353755551324 0.0177382455904231
2.7331856086231197 0.01553160739916951
2.796017461694916 0.013257892134777594
2.8588493147667116 0.010926781133099906
2.9216811678385075 0.008548270188612006
2.9845130209103035 0.006132616574973667
3.047344873982099 0.0036902835917568045
3.1101767270538954 0.001231883139509934
3.173008580125691 -0.001231883139509934
3.2358404331974873 -0.0036902835917568045
3.2986722862692828 -0.006132616574973667
3.3615041393410787 -0.008548270188612006
3.4243359924128747 -0.010926781133099906
3.48716784548467 -0.013257892134777594
3.549999698556466 -0.01553160739916951
3.612831551628262 -0.0177382455904231
3.675663404700058 -0.019868489878222914
3.7384952577718535 -0.021913434644101202
3.8013271108436495 -0.02386462849543361
3.8641589639154454 -0.025714113296068625
3.9269908169872414 -0.027454458985943595
3.989822670059038 -0.02907879402663094
4.052654523130833 -0.030580831374061583
4.115486376202629 -0.031954889942235276
4.178318229274425 -0.033195911581297165
4.241150082346222 -0.03429947364880063
4.303981935418017 -0.035261797303358114
4.366813788489813 -0.03607975169447576
4.429645641561608 -0.0367508542606431
4.4924774946334045 -0.037273267379405235
4.5553093477052 -0.03764579163804124
4.618141200776996 -0.03786785601169321
4.680973053848792 -0.03793950524754864
4.743804906920587 -0.03786138475933516
4.806636759992383 -0.037634723336429886
4.869468613064179 -0.03726131396685964
4.932300466135976 -0.03674349306400753
4.995132319207771 -0.0360841183735934
5.057964172279567 -0.035286545821123276
5.120796025351362 -0.034354605541177495
5.183627878423159 -0.033292577309242934
5.246459731494955 -0.03210516557489573
5.3092915845667505 -0.030797474272549103
5.372123437638546 -0.02937498156317186
5.434955290710342 -0.02784351463779116
5.497787143782137 -0.02620922469156688
5.560618996853934 -0.024478562156069163
5.62345084992573 -0.022658252257331764
5.686282702997525 -0.020755270948478212
5.749114556069321 -0.018776821248344767
5.811946409141116 -0.016730310001642455
5.874778262212914 -0.014623325061849223
5.937610115284709 -0.012463612885211245
6.000441968356505 -0.010259056512950483
6.0632738214283 -0.008017653908993215
6.126105674500097 -0.005747496612193569
6.188937527571893 -0.0034567486550949665
6.2517693806436885 -0.0011536256956857572