0.031415926535897934 0.0026830304880996144
0.0942477796076938 0.00801872528262221
0.15707963267948966 0.013264136673456741
0.21991148575128552 0.01836175070346099
0.2827433388230814 0.023257921891252323
0.34557519189487723 0.02790414502319669
0.4084070449666731 0.032258078685888716
0.47123889803846897 0.036284284917569125
0.5340707511102649 0.03995466996829036
0.5969026041820606 0.043248631034382194
0.6597344572538566 0.04615293116706753
0.7225663103256523 0.048661338064838446
0.7853981633974483 0.05077407147333989
0.8482300164692442 0.052497108357713165
0.91106186954104 0.053841395295023166
0.9738937226128359 0.054822014414048346
1.0367255756846319 0.05545734361899817
1.0995574287564276 0.05576824473452263
1.1623892818282235 0.05577730547881029
1.2252211349000193 0.05550815352959484
1.2880529879718152 0.05498485392427537
1.350884841043611 0.05423139496906343
1.413716694115407 0.053271262892576186
1.4765485471872026 0.05212710170019695
1.5393804002589986 0.05082045200217128
1.6022122533307945 0.0493715608735071
1.6650441064025903 0.047799253897660675
1.7278759594743862 0.04612086028001819
1.7907078125461822 0.04435218212992141
1.853539665617978 0.04250749955736559
1.9163715186897736 0.04059960399102124
1.9792033717615696 0.03863985300026308
2.0420352248333655 0.03663824082082017
2.104867077905162 0.034603479687301694
2.1676989309769574 0.03254308792934552
2.230530784048753 0.030463481568565376
2.2933626371205493 0.028370066848730082
2.356194490192345 0.02626733173755398
2.4190263432641403 0.02415893495658256
2.4818581963359367 0.022047791531109823
2.5446900494077322 0.019936154212272808
2.607521902479528 0.017825690416971147
2.670353755551324 0.0157175545669063
2.7331856086231197 0.01361245589451128
2.796017461694916 0.011510721928899747
2.8588493147667116 0.009412357986573743
2.9216811678385075 0.007317103075917249
2.9845130209103035 0.005224482687058241
3.047344873982099 0.0031338589841632407
3.1101767270538954 0.0010444789494826856
3.173008580125691 -0.0010444789494826856
3.2358404331974873 -0.0031338589841632407
3.2986722862692828 -0.005224482687058241
3.3615041393410787 -0.007317103075917249
3.4243359924128747 -0.009412357986573743
3.48716784548467 -0.011510721928899747
3.549999698556466 -0.01361245589451128
3.612831551628262 -0.0157175545669063
3.675663404700058 -0.017825690416971147
3.7384952577718535 -0.019936154212272808
3.8013271108436495 -0.022047791531109823
3.8641589639154454 -0.02415893495658256
3.9269908169872414 -0.02626733173755398
3.989822670059038 -0.028370066848730082
4.052654523130833 -0.030463481568565376
4.115486376202629 -0.03254308792934552
4.178318229274425 -0.03460347968730179
4.241150082346222 -0.036638240820820275
4.303981935418017 -0.03863985300026308
4.366813788489813 -0.04059960399102124
4.429645641561608 -0.04250749955736559
4.4924774946334045 -0.04435218212992141
4.5553093477052 -0.04612086028001819
4.618141200776996 -0.047799253897660564
4.680973053848792 -0.04937156087350721
4.743804906920587 -0.05082045200217128
4.806636759992383 -0.05212710170019695
4.869468613064179 -0.053271262892576186
4.932300466135976 -0.05423139496906343
4.995132319207771 -0.05498485392427527
5.057964172279567 -0.05550815352959484
5.120796025351362 -0.05577730547881018
5.183627878423159 -0.05576824473452263
5.246459731494955 -0.05545734361899817
5.3092915845667505 -0.054822014414048346
5.372123437638546 -0.053841395295023166
5.434955290710342 -0.052497108357713256
5.497787143782137 -0.05077407147333999
5.560618996853934 -0.048661338064838446
5.62345084992573 -0.04615293116706753
5.686282702997525 -0.043248631034382194
5.749114556069321 -0.03995466996829036
5.811946409141116 -0.03628428491756923
5.874778262212914 -0.032258078685888716
5.937610115284709 -0.02790414502319669
6.000441968356505 -0.023257921891252323
6.0632738214283 -0.01836175070346099
6.126105674500097 -0.013264136673456741
6.188937527571893 -0.00801872528262221
6.2517693806436885 -0.0026830304880996144