0.031415926535897934 0.007698864435131681
0.0942477796076938 0.02307309723352633
0.15707963267948966 0.03837687580505027
0.21991148575128552 0.05356334347826962
0.2827433388230814 0.06858581114375009
0.34557519189487723 0.08339782107607105
0.4084070449666731 0.09795320781294357
0.47123889803846897 0.11220615561433955
0.5340707511102649 0.12611125228435296
0.5969026041820606 0.13962353944204015
0.6597344572538566 0.15269855966683224
0.7225663103256523 0.16529240131032744
0.7853981633974483 0.17736174214951395
0.8482300164692442 0.18886389344603646
0.91106186954104 0.19975684636057656
0.9738937226128359 0.20999932303853608
1.0367255756846319 0.21955083502003217
1.0995574287564276 0.2283717519199295
1.1623892818282235 0.2364233835575803
1.2252211349000193 0.24366807887553138
1.2880529879718152 0.2500693450552432
1.350884841043611 0.25559199019857753
1.413716694115407 0.2602022927787669
1.4765485471872026 0.2638682007559454
1.5393804002589986 0.26655956278307075
1.6022122533307945 0.2682483932827698
1.6650441064025903 0.26890917234194156
1.7278759594743862 0.2685191803411977
1.7907078125461822 0.2670588660093563
1.853539665617978 0.2645122451770913
1.9163715186897736 0.26086732591739914
1.9792033717615696 0.2561165540360639
2.0420352248333655 0.2502572710602296
2.104867077905162 0.2432921750313662
2.1676989309769574 0.23522977262077382
2.230530784048753 0.22608480944718062
2.2933626371205493 0.21587866409548076
2.356194490192345 0.20463969032964044
2.4190263432641403 0.19240349147891098
2.4818581963359367 0.17921311106506807
2.5446900494077322 0.1651191245224472
2.607521902479528 0.15017961840718907
2.670353755551324 0.13446004582401727
2.7331856086231197 0.1180329498974034
2.796017461694916 0.10097755090493712
2.8588493147667116 0.0833791970441066
2.9216811678385075 0.06532868353642961
2.9845130209103035 0.04692144965697368
3.047344873982099 0.028256668053290943
3.1101767270538954 0.00943624511287779
3.173008580125691 -0.00943624511287779
3.2358404331974873 -0.028256668053290943
3.2986722862692828 -0.04692144965697368
3.3615041393410787 -0.06532868353642961
3.4243359924128747 -0.0833791970441066
3.48716784548467 -0.10097755090493712
3.549999698556466 -0.11803294989740332
3.612831551628262 -0.13446004582401727
3.675663404700058 -0.15017961840718907
3.7384952577718535 -0.16511912452244717
3.8013271108436495 -0.17921311106506807
3.8641589639154454 -0.1924034914789109
3.9269908169872414 -0.20463969032964044
3.989822670059038 -0.21587866409548093
4.052654523130833 -0.22608480944718062
4.115486376202629 -0.23522977262077382
4.178318229274425 -0.2432921750313662
4.241150082346222 -0.25025727106022966
4.303981935418017 -0.2561165540360638
4.366813788489813 -0.26086732591739914
4.429645641561608 -0.26451224517709115
4.4924774946334045 -0.2670588660093563
4.5553093477052 -0.2685191803411977
4.618141200776996 -0.2689091723419416
4.680973053848792 -0.2682483932827697
4.743804906920587 -0.2665595627830708
4.806636759992383 -0.26386820075594525
4.869468613064179 -0.2602022927787669
4.932300466135976 -0.2555919901985776
4.995132319207771 -0.2500693450552433
5.057964172279567 -0.24366807887553157
5.120796025351362 -0.23642338355758036
5.183627878423159 -0.2283717519199295
5.246459731494955 -0.2195508350200322
5.3092915845667505 -0.20999932303853608
5.372123437638546 -0.19975684636057656
5.434955290710342 -0.18886389344603643
5.497787143782137 -0.17736174214951408
5.560618996853934 -0.16529240131032727
5.62345084992573 -0.15269855966683224
5.686282702997525 -0.13962353944204015
5.749114556069321 -0.12611125228435308
5.811946409141116 -0.11220615561433976
5.874778262212914 -0.09795320781294353
5.937610115284709 -0.08339782107607105
6.000441968356505 -0.06858581114375009
6.0632738214283 -0.053563343478269694
6.126105674500097 -0.03837687580505027
6.188937527571893 -0.02307309723352625
6.2517693806436885 -0.007698864435131681