0.031415926535897934 0.0076336762926057615
0.0942477796076938 0.022875571524723894
0.15707963267948966 0.038041157921707085
0.21991148575128552 0.05307977299128813
0.2827433388230814 0.06794106698250521
0.34557519189487723 0.08257512339222903
0.4084070449666731 0.09693257515958532
0.47123889803846897 0.1109647157028383
0.5340707511102649 0.12462360422541995
0.5969026041820606 0.13786216503137735
0.6597344572538566 0.1506342809351294
0.7225663103256523 0.16289488121462026
0.7853981633974483 0.1746000249284648
0.8482300164692442 0.18570698078378703
0.91106186954104 0.19617430508919764
0.9738937226128359 0.20596191964380883
1.0367255756846319 0.21503119168557
1.0995574287564276 0.22334501823810282
1.1623892818282235 0.23086791734265327
1.2252211349000193 0.23756612872936073
1.2880529879718152 0.24340772645912115
1.350884841043611 0.24836274594413457
1.413716694115407 0.25240332752320754
1.4765485471872026 0.25550387841999983
1.5393804002589986 0.257641254443635
1.6022122533307945 0.25879496219907655
1.6650441064025903 0.2589473818603521
1.7278759594743862 0.2580840097283116
1.7907078125461822 0.2561937188563995
1.853539665617978 0.2532690349992594
1.9163715186897736 0.24930642404301173
1.9792033717615696 0.24430658594339574
2.0420352248333655 0.23827474906697763
2.104867077905162 0.23122095774725349
2.1676989309769574 0.2231603448843312
2.230530784048753 0.21411338059189292
2.2933626371205493 0.20410608728906524
2.356194490192345 0.19317021130818515
2.4190263432641403 0.18134334109859115
2.4818581963359367 0.1686689624992599
2.5446900494077322 0.1551964423636657
2.607521902479528 0.14098093306503048
2.670353755551324 0.12608319208329097
2.7331856086231197 0.1105693129456582
2.796017461694916 0.09451036620287127
2.8588493147667116 0.07798195178928334
2.9216811678385075 0.061063666929411786
2.9845130209103035 0.04383849659070608
3.047344873982099 0.026392136204838903
3.1101767270538954 0.008812258848026534
3.173008580125691 -0.008812258848026534
3.2358404331974873 -0.026392136204838903
3.2986722862692828 -0.04383849659070608
3.3615041393410787 -0.061063666929411786
3.4243359924128747 -0.07798195178928334
3.48716784548467 -0.09451036620287127
3.549999698556466 -0.11056931294565801
3.612831551628262 -0.12608319208329097
3.675663404700058 -0.14098093306503048
3.7384952577718535 -0.15519644236366564
3.8013271108436495 -0.1686689624992599
3.8641589639154454 -0.18134334109859127
3.9269908169872414 -0.19317021130818515
3.989822670059038 -0.2041060872890655
4.052654523130833 -0.21411338059189292
4.115486376202629 -0.2231603448843312
4.178318229274425 -0.2312209577472535
4.241150082346222 -0.23827474906697763
4.303981935418017 -0.2443065859433958
4.366813788489813 -0.24930642404301173
4.429645641561608 -0.2532690349992593
4.4924774946334045 -0.2561937188563996
4.5553093477052 -0.2580840097283116
4.618141200776996 -0.258947381860352
4.680973053848792 -0.25879496219907655
4.743804906920587 -0.25764125444363517
4.806636759992383 -0.25550387841999983
4.869468613064179 -0.25240332752320754
4.932300466135976 -0.24836274594413457
4.995132319207771 -0.24340772645912126
5.057964172279567 -0.23756612872936073
5.120796025351362 -0.2308679173426534
5.183627878423159 -0.22334501823810282
5.246459731494955 -0.21503119168556994
5.3092915845667505 -0.20596191964380883
5.372123437638546 -0.19617430508919764
5.434955290710342 -0.18570698078378728
5.497787143782137 -0.17460002492846505
5.560618996853934 -0.16289488121462026
5.62345084992573 -0.1506342809351294
5.686282702997525 -0.13786216503137735
5.749114556069321 -0.12462360422542007
5.811946409141116 -0.11096471570283852
5.874778262212914 -0.09693257515958532
5.937610115284709 -0.08257512339222903
6.000441968356505 -0.06794106698250521
6.0632738214283 -0.053079772991288146
6.126105674500097 -0.038041157921707085
6.188937527571893 -0.022875571524723717
6.2517693806436885 -0.0076336762926057615