0.031415926535897934 0.0021768744544409264
0.0942477796076938 0.006523595443263087
0.15707963267948966 0.010849240500222393
0.21991148575128552 0.015139785242101626
0.2827433388230814 0.019381245145561936
0.34557519189487723 0.023559692497131888
0.4084070449666731 0.027661274349823562
0.47123889803846897 0.031672231774243394
0.5340707511102649 0.035578920691229116
0.5969026041820606 0.039367834570903745
0.6597344572538566 0.043025629278919515
0.7225663103256523 0.0465391503438224
0.7853981633974483 0.049895462909042565
0.8482300164692442 0.05308188461808534
0.91106186954104 0.05608602166109223
0.9738937226128359 0.058895808184045134
1.0367255756846319 0.06149954922751303
1.0995574287564276 0.06388596731901354
1.1623892818282235 0.06604425279093158
1.2252211349000193 0.06796411783374383
1.2880529879718152 0.06963585422154796
1.350884841043611 0.07105039456326916
1.413716694115407 0.07219937683852397
1.4765485471872026 0.07307521187240089
1.5393804002589986 0.07367115328929862
1.6022122533307945 0.07398136936395688
1.6650441064025903 0.07400101605993022
1.7278759594743862 0.0737263104147312
1.7907078125461822 0.07315460329999518
1.853539665617978 0.07228445045827082
1.9163715186897736 0.07111568059993924
1.9792033717615696 0.06964945923932346
2.0420352248333655 0.06788834686363908
2.104867077905162 0.0658363499675731
2.1676989309769574 0.06349896345545684
2.230530784048753 0.06088320291733338
2.2933626371205493 0.05799762532926538
2.356194490192345 0.05485233681554283
2.4190263432641403 0.05145898624337945
2.4818581963359367 0.047830743599995486
2.5446900494077322 0.04398226232667655
2.607521902479528 0.039929625051455746
2.670353755551324 0.03569027246644034
2.7331856086231197 0.0312829154303624
2.796017461694916 0.026727430732664936
2.8588493147667116 0.02204474132166102
2.9216811678385075 0.017256682164131936
2.9845130209103035 0.012385853254511333
3.047344873982099 0.007455461615739258
3.1101767270538954 0.002489154418664025
3.173008580125691 -0.002489154418664025
3.2358404331974873 -0.007455461615739258
3.2986722862692828 -0.012385853254511333
3.3615041393410787 -0.017256682164131936
3.4243359924128747 -0.02204474132166102
3.48716784548467 -0.026727430732664936
3.549999698556466 -0.0312829154303624
3.612831551628262 -0.03569027246644034
3.675663404700058 -0.039929625051455746
3.7384952577718535 -0.04398226232667655
3.8013271108436495 -0.047830743599995486
3.8641589639154454 -0.05145898624337945
3.9269908169872414 -0.05485233681554283
3.989822670059038 -0.05799762532926536
4.052654523130833 -0.06088320291733338
4.115486376202629 -0.06349896345545684
4.178318229274425 -0.0658363499675731
4.241150082346222 -0.06788834686363907
4.303981935418017 -0.06964945923932352
4.366813788489813 -0.07111568059993924
4.429645641561608 -0.07228445045827084
4.4924774946334045 -0.07315460329999524
4.5553093477052 -0.0737263104147312
4.618141200776996 -0.0740010160599302
4.680973053848792 -0.07398136936395686
4.743804906920587 -0.07367115328929869
4.806636759992383 -0.07307521187240067
4.869468613064179 -0.07219937683852397
4.932300466135976 -0.07105039456326914
4.995132319207771 -0.06963585422154796
5.057964172279567 -0.06796411783374383
5.120796025351362 -0.06604425279093146
5.183627878423159 -0.06388596731901354
5.246459731494955 -0.06149954922751303
5.3092915845667505 -0.058895808184045134
5.372123437638546 -0.05608602166109223
5.434955290710342 -0.05308188461808545
5.497787143782137 -0.049895462909042496
5.560618996853934 -0.0465391503438224
5.62345084992573 -0.043025629278919515
5.686282702997525 -0.039367834570903745
5.749114556069321 -0.03557892069122922
5.811946409141116 -0.03167223177424349
5.874778262212914 -0.027661274349823562
5.937610115284709 -0.023559692497131888
6.000441968356505 -0.019381245145561936
6.0632738214283 -0.015139785242101626
6.126105674500097 -0.010849240500222393
6.188937527571893 -0.006523595443263087
6.2517693806436885 -0.0021768744544409264