0.031415926535897934 0.007304967550990549
0.0942477796076938 0.021886934803036634
0.15707963267948966 0.03638510872235479
0.21991148575128552 0.050743993591014905
0.2827433388230814 0.06490864037057709
0.34557519189487723 0.07882485931360624
0.4084070449666731 0.09243942672686413
0.47123889803846897 0.10570028450877236
0.5340707511102649 0.11855673128815873
0.5969026041820606 0.1309596042244593
0.6597344572538566 0.14286145078259158
0.7225663103256523 0.15421669005903757
0.7853981633974483 0.1649817634993953
0.8482300164692442 0.17511527510191954
0.91106186954104 0.1845781214369275
0.9738937226128359 0.1933336120196769
1.0367255756846319 0.20134758074670037
1.0995574287564276 0.20858848923612155
1.1623892818282235 0.2150275229961119
1.2252211349000193 0.2206386813788519
1.2880529879718152 0.22539886225824926
1.350884841043611 0.2292879422980316
1.413716694115407 0.23228885355414108
1.4765485471872026 0.2343876569847332
1.5393804002589986 0.23557361322725268
1.6022122533307945 0.2358392507512323
1.6650441064025903 0.23518043121531182
1.7278759594743862 0.23359641155636998
1.7907078125461822 0.23108990202765398
1.853539665617978 0.2276671190922858
1.9163715186897736 0.223337831780116
1.9792033717615696 0.2181153998415859
2.0420352248333655 0.21201680179406304
2.104867077905162 0.2050626507657806
2.1676989309769574 0.19727719591101212
2.230530784048753 0.18868830710721635
2.2933626371205493 0.17932744065876038
2.356194490192345 0.16922958382836414
2.4190263432641403 0.15843317620005684
2.4818581963359367 0.14698000614652382
2.5446900494077322 0.13491508102636943
2.607521902479528 0.12228647016664541
2.670353755551324 0.10914512018310343
2.7331856086231197 0.09554464274178738
2.796017461694916 0.08154107545449883
2.8588493147667116 0.067192617208578
2.9216811678385075 0.0525593398377077
2.9845130209103035 0.037702878623563724
3.047344873982099 0.022686104656464322
3.1101767270538954 0.007572782556237465
3.173008580125691 -0.007572782556237465
3.2358404331974873 -0.022686104656464322
3.2986722862692828 -0.037702878623563724
3.3615041393410787 -0.0525593398377077
3.4243359924128747 -0.067192617208578
3.48716784548467 -0.08154107545449883
3.549999698556466 -0.09554464274178727
3.612831551628262 -0.10914512018310343
3.675663404700058 -0.12228647016664541
3.7384952577718535 -0.13491508102636932
3.8013271108436495 -0.14698000614652382
3.8641589639154454 -0.15843317620005684
3.9269908169872414 -0.16922958382836414
3.989822670059038 -0.17932744065876052
4.052654523130833 -0.18868830710721635
4.115486376202629 -0.19727719591101212
4.178318229274425 -0.20506265076578079
4.241150082346222 -0.2120168017940629
4.303981935418017 -0.21811539984158598
4.366813788489813 -0.223337831780116
4.429645641561608 -0.22766711909228565
4.4924774946334045 -0.2310899020276541
4.5553093477052 -0.23359641155636998
4.618141200776996 -0.23518043121531182
4.680973053848792 -0.23583925075123222
4.743804906920587 -0.23557361322725265
4.806636759992383 -0.23438765698473318
4.869468613064179 -0.23228885355414108
4.932300466135976 -0.22928794229803165
4.995132319207771 -0.22539886225824926
5.057964172279567 -0.22063868137885198
5.120796025351362 -0.215027522996112
5.183627878423159 -0.20858848923612155
5.246459731494955 -0.2013475807467004
5.3092915845667505 -0.1933336120196769
5.372123437638546 -0.1845781214369275
5.434955290710342 -0.17511527510191957
5.497787143782137 -0.16498176349939553
5.560618996853934 -0.15421669005903754
5.62345084992573 -0.14286145078259158
5.686282702997525 -0.1309596042244593
5.749114556069321 -0.118556731288159
5.811946409141116 -0.10570028450877254
5.874778262212914 -0.09243942672686391
5.937610115284709 -0.07882485931360624
6.000441968356505 -0.06490864037057709
6.0632738214283 -0.050743993591015064
6.126105674500097 -0.03638510872235479
6.188937527571893 -0.021886934803036558
6.2517693806436885 -0.007304967550990549