0.031415926535897934 0.005223512109227681
0.0942477796076938 0.01565525242438873
0.15707963267948966 0.026041149130884955
0.21991148575128552 0.03635066681315523
0.2827433388230814 0.04655331050647644
0.34557519189487723 0.05661864185827899
0.4084070449666731 0.0665162953859148
0.47123889803846897 0.07621599502059538
0.5340707511102649 0.08568757124394193
0.5969026041820606 0.09490097926081245
0.6597344572538566 0.10382631880649608
0.7225663103256523 0.11243385635410712
0.7853981633974483 0.12069405066449278
0.8482300164692442 0.12857758280097956
0.91106186954104 0.13605539190882124
0.9738937226128359 0.14309871822758263
1.0367255756846319 0.14967915495629583
1.0995574287564276 0.1557687107176765
1.1623892818282235 0.16133988445967593
1.2252211349000193 0.1663657546800522
1.2880529879718152 0.17082008485158903
1.350884841043611 0.174677446850593
1.413716694115407 0.17791336403762395
1.4765485471872026 0.18050447539538444
1.5393804002589986 0.1824287217834102
1.6022122533307945 0.18366555491315356
1.6650441064025903 0.18419616907317837
1.7278759594743862 0.18400375493890697
1.7907078125461822 0.18307377398588737
1.853539665617978 0.18139425109722254
1.9163715186897736 0.1789560819293808
1.9792033717615696 0.17575335049959392
2.0420352248333655 0.171783651315482
2.104867077905162 0.16704840922658587
2.1676989309769574 0.16155318909111818
2.230530784048753 0.15530798638126467
2.2933626371205493 0.1483274890652402
2.356194490192345 0.1406313005759895
2.4190263432641403 0.1322441134759959
2.4818581963359367 0.12319582362000936
2.5446900494077322 0.11352157525526563
2.607521902479528 0.1032617286160361
2.670353755551324 0.09246174317576131
2.7331856086231197 0.08117197179573224
2.796017461694916 0.06944736350192661
2.8588493147667116 0.05734707544544038
2.9216811678385075 0.044933997640135795
2.9845130209103035 0.032274197180997596
3.047344873982099 0.019436291668146
3.1101767270538954 0.006490764327830149
3.173008580125691 -0.006490764327830149
3.2358404331974873 -0.019436291668146
3.2986722862692828 -0.032274197180997596
3.3615041393410787 -0.044933997640135795
3.4243359924128747 -0.05734707544544038
3.48716784548467 -0.06944736350192661
3.549999698556466 -0.08117197179573211
3.612831551628262 -0.09246174317576131
3.675663404700058 -0.1032617286160361
3.7384952577718535 -0.11352157525526557
3.8013271108436495 -0.12319582362000936
3.8641589639154454 -0.13224411347599585
3.9269908169872414 -0.1406313005759895
3.989822670059038 -0.1483274890652404
4.052654523130833 -0.15530798638126467
4.115486376202629 -0.16155318909111818
4.178318229274425 -0.16704840922658595
4.241150082346222 -0.17178365131548204
4.303981935418017 -0.1757533504995939
4.366813788489813 -0.1789560819293808
4.429645641561608 -0.18139425109722254
4.4924774946334045 -0.18307377398588742
4.5553093477052 -0.18400375493890697
4.618141200776996 -0.18419616907317854
4.680973053848792 -0.18366555491315364
4.743804906920587 -0.1824287217834102
4.806636759992383 -0.18050447539538453
4.869468613064179 -0.17791336403762395
4.932300466135976 -0.17467744685059294
4.995132319207771 -0.17082008485158903
5.057964172279567 -0.1663657546800523
5.120796025351362 -0.16133988445967593
5.183627878423159 -0.1557687107176765
5.246459731494955 -0.1496791549562958
5.3092915845667505 -0.14309871822758263
5.372123437638546 -0.13605539190882124
5.434955290710342 -0.12857758280097956
5.497787143782137 -0.12069405066449293
5.560618996853934 -0.11243385635410708
5.62345084992573 -0.10382631880649608
5.686282702997525 -0.09490097926081245
5.749114556069321 -0.08568757124394193
5.811946409141116 -0.07621599502059548
5.874778262212914 -0.0665162953859148
5.937610115284709 -0.05661864185827899
6.000441968356505 -0.04655331050647644
6.0632738214283 -0.03635066681315531
6.126105674500097 -0.026041149130884955
6.188937527571893 -0.015655252424388654
6.2517693806436885 -0.005223512109227681