0.031415926535897934 0.0030329868386506044
0.0942477796076938 0.009068757230357785
0.15707963267948966 0.01501460606210878
0.21991148575128552 0.020812850007302586
0.2827433388230814 0.02640909961992526
0.34557519189487723 0.03175337888472346
0.4084070449666731 0.036801063205529
0.47123889803846897 0.04151360556751119
0.5340707511102649 0.04585903381945285
0.5969026041820606 0.04981221535062128
0.6597344572538566 0.053354897803110854
0.7225663103256523 0.05647554499295085
0.7853981633974483 0.05916899531935485
0.8482300164692442 0.061435975332844554
0.91106186954104 0.063282503808112
0.9738937226128359 0.06471922186270296
1.0367255756846319 0.0657606827838687
1.0995574287564276 0.0664246317751559
1.1623892818282235 0.06673130134070705
1.2252211349000193 0.06670274298955982
1.2880529879718152 0.06636221079752737
1.350884841043611 0.06573360745345759
1.413716694115407 0.0648409989853563
1.4765485471872026 0.06370820056241253
1.5393804002589986 0.06235843267254542
1.6022122533307945 0.060814044587898415
1.6650441064025903 0.05909630031121985
1.7278759594743862 0.057225221071558176
1.7907078125461822 0.055219477818311505
1.853539665617978 0.05309632695272005
1.9163715186897736 0.05087158264211965
1.9792033717615696 0.048559619399329
2.0420352248333655 0.04617339910317111
2.104867077905162 0.0437245172245151
2.1676989309769574 0.0412232636560592
2.230530784048753 0.038678694185653464
2.2933626371205493 0.03609870927491488
2.356194490192345 0.03349013738854253
2.4190263432641403 0.030858820653468833
2.4818581963359367 0.028209701104766685
2.5446900494077322 0.025546906195132633
2.607521902479528 0.02287383260791086
2.670353755551324 0.020193227723100924
2.7331856086231197 0.017507268345985157
2.796017461694916 0.014817636523912396
2.8588493147667116 0.012125592453625874
2.9216811678385075 0.009432044624404017
2.9845130209103035 0.0067376174559773214
3.047344873982099 0.0040427167789421885
3.1101767270538954 0.0013475935729232193
3.173008580125691 -0.0013475935729232193
3.2358404331974873 -0.0040427167789421885
3.2986722862692828 -0.0067376174559773214
3.3615041393410787 -0.009432044624404017
3.4243359924128747 -0.012125592453625874
3.48716784548467 -0.014817636523912396
3.549999698556466 -0.017507268345985157
3.612831551628262 -0.020193227723100924
3.675663404700058 -0.02287383260791086
3.7384952577718535 -0.02554690619513277
3.8013271108436495 -0.028209701104766685
3.8641589639154454 -0.030858820653468833
3.9269908169872414 -0.03349013738854253
3.989822670059038 -0.03609870927491488
4.052654523130833 -0.038678694185653464
4.115486376202629 -0.0412232636560592
4.178318229274425 -0.0437245172245151
4.241150082346222 -0.046173399103171225
4.303981935418017 -0.048559619399329124
4.366813788489813 -0.05087158264211965
4.429645641561608 -0.05309632695272005
4.4924774946334045 -0.05521947781831163
4.5553093477052 -0.057225221071558176
4.618141200776996 -0.05909630031121985
4.680973053848792 -0.060814044587898415
4.743804906920587 -0.06235843267254542
4.806636759992383 -0.06370820056241253
4.869468613064179 -0.0648409989853563
4.932300466135976 -0.06573360745345747
4.995132319207771 -0.06636221079752737
5.057964172279567 -0.06670274298955982
5.120796025351362 -0.06673130134070705
5.183627878423159 -0.0664246317751559
5.246459731494955 -0.06576068278386865
5.3092915845667505 -0.06471922186270296
5.372123437638546 -0.063282503808112
5.434955290710342 -0.061435975332844554
5.497787143782137 -0.059168995319354975
5.560618996853934 -0.05647554499295073
5.62345084992573 -0.053354897803110854
5.686282702997525 -0.04981221535062128
5.749114556069321 -0.04585903381945285
5.811946409141116 -0.04151360556751119
5.874778262212914 -0.03680106320552912
5.937610115284709 -0.03175337888472346
6.000441968356505 -0.02640909961992526
6.0632738214283 -0.020812850007302586
6.126105674500097 -0.01501460606210878
6.188937527571893 -0.009068757230357723
6.2517693806436885 -0.0030329868386506044