0.031415926535897934 0.00417131654346898
0.0942477796076938 0.012501125533650397
0.15707963267948966 0.020792473585255305
0.21991148575128552 0.029019757999470683
0.2827433388230814 0.03715743328301693
0.34557519189487723 0.04518003468726089
0.4084070449666731 0.05306220246535797
0.47123889803846897 0.060778707137837715
0.5340707511102649 0.06830447611736039
0.5969026041820606 0.0756146221130717
0.6597344572538566 0.0826844738116536
0.7225663103256523 0.08948960941296165
0.7853981633974483 0.09600589367979297
0.8482300164692442 0.10220951924012935
0.91106186954104 0.10807705295204977
0.9738937226128359 0.1135854882018774
1.0367255756846319 0.11871230405015215
1.0995574287564276 0.1234355321624974
1.1623892818282235 0.12773383245793207
1.2252211349000193 0.13158657837008023
1.2880529879718152 0.13497395254145717
1.350884841043611 0.13787705365216646
1.413716694115407 0.1402780149169573
1.4765485471872026 0.14216013456444326
1.5393804002589986 0.14350801833624824
1.6022122533307945 0.1443077337103121
1.6650441064025903 0.14454697516195775
1.7278759594743862 0.1442152393314436
1.7907078125461822 0.14330400847344893
1.853539665617978 0.14180694003152458
1.9163715186897736 0.13972005962203968
1.9792033717615696 0.13704195414462633
2.0420352248333655 0.13377396118065696
2.104867077905162 0.1299203503227171
2.1676989309769574 0.1254884916243843
2.230530784048753 0.1204890060011135
2.2933626371205493 0.11493589218076405
2.356194490192345 0.10884662472649553
2.4190263432641403 0.1022422177627224
2.4818581963359367 0.09514724934869309
2.5446900494077322 0.08758984197862492
2.607521902479528 0.07960159544708645
2.670353755551324 0.07121746929676642
2.7331856086231197 0.06247561324332317
2.796017461694916 0.053417145315808025
2.8588493147667116 0.044085878915478
2.9216811678385075 0.03452800152372285
2.9845130209103035 0.02479170931582865
3.047344873982099 0.014926803390899438
3.1101767270538954 0.004984254638409266
3.173008580125691 -0.004984254638409266
3.2358404331974873 -0.014926803390899438
3.2986722862692828 -0.02479170931582865
3.3615041393410787 -0.03452800152372285
3.4243359924128747 -0.044085878915478
3.48716784548467 -0.053417145315808025
3.549999698556466 -0.06247561324332317
3.612831551628262 -0.07121746929676642
3.675663404700058 -0.07960159544708645
3.7384952577718535 -0.08758984197862495
3.8013271108436495 -0.09514724934869309
3.8641589639154454 -0.10224221776272223
3.9269908169872414 -0.10884662472649553
3.989822670059038 -0.11493589218076414
4.052654523130833 -0.1204890060011135
4.115486376202629 -0.1254884916243843
4.178318229274425 -0.12992035032271723
4.241150082346222 -0.13377396118065696
4.303981935418017 -0.13704195414462642
4.366813788489813 -0.13972005962203968
4.429645641561608 -0.14180694003152464
4.4924774946334045 -0.14330400847344896
4.5553093477052 -0.1442152393314436
4.618141200776996 -0.14454697516195775
4.680973053848792 -0.14430773371031214
4.743804906920587 -0.14350801833624824
4.806636759992383 -0.14216013456444326
4.869468613064179 -0.1402780149169573
4.932300466135976 -0.13787705365216646
4.995132319207771 -0.13497395254145717
5.057964172279567 -0.13158657837008025
5.120796025351362 -0.1277338324579321
5.183627878423159 -0.1234355321624974
5.246459731494955 -0.11871230405015207
5.3092915845667505 -0.1135854882018774
5.372123437638546 -0.10807705295204977
5.434955290710342 -0.1022095192401293
5.497787143782137 -0.09600589367979308
5.560618996853934 -0.08948960941296157
5.62345084992573 -0.0826844738116536
5.686282702997525 -0.0756146221130717
5.749114556069321 -0.06830447611736039
5.811946409141116 -0.060778707137837916
5.874778262212914 -0.05306220246535788
5.937610115284709 -0.04518003468726089
6.000441968356505 -0.03715743328301693
6.0632738214283 -0.029019757999470482
6.126105674500097 -0.020792473585255305
6.188937527571893 -0.01250112553365029
6.2517693806436885 -0.00417131654346898