0.031415926535897934 0.003819496751390846
0.0942477796076938 0.011447638990958756
0.15707963267948966 0.01904322460829068
0.21991148575128552 0.026584539938304466
0.2827433388230814 0.034049858117740306
0.34557519189487723 0.04141743518240448
0.4084070449666731 0.04866550759197151
0.47123889803846897 0.055772291661802136
0.5340707511102649 0.06271598543255603
0.5969026041820606 0.06947477356838008
0.6597344572538566 0.07602683594142672
0.7225663103256523 0.08235036063223364
0.7853981633974483 0.08842356214951251
0.8482300164692442 0.09422470574603774
0.91106186954104 0.09973213877601293
0.9738937226128359 0.10492433009929762
1.0367255756846319 0.10977991858445803
1.0995574287564276 0.11427777179037737
1.1623892818282235 0.11839705590918254
1.2252211349000193 0.12211731802510542
1.2880529879718152 0.1254185816777618
1.350884841043611 0.12828145660720153
1.413716694115407 0.13068726339501374
1.4765485471872026 0.13261817349419522
1.5393804002589986 0.13405736485472255
1.6022122533307945 0.13498919299745996
1.6650441064025903 0.13539937696384705
1.7278759594743862 0.13527519907308114
1.7907078125461822 0.13460571685600362
1.853539665617978 0.1333819849135126
1.9163715186897736 0.1315972837797846
1.9792033717615696 0.129247352174947
2.0420352248333655 0.1263306183317844
2.104867077905162 0.12284842540585587
2.1676989309769574 0.1188052453624346
2.230530784048753 0.11420887521547024
2.2933626371205493 0.10907060911441674
2.356194490192345 0.10340537957579089
2.4190263432641403 0.09723186117698743
2.4818581963359367 0.0905725303040847
2.5446900494077322 0.08345367509826786
2.607521902479528 0.07590535059017443
2.670353755551324 0.06796127514598005
2.7331856086231197 0.059658665754128266
2.796017461694916 0.051038011319527406
2.8588493147667116 0.042142784946724444
2.9216811678385075 0.033019098112414054
2.9845130209103035 0.023715301564863785
3.047344873982099 0.014281539649371794
3.1101767270538954 0.004769266448467584
3.173008580125691 -0.004769266448467584
3.2358404331974873 -0.014281539649371794
3.2986722862692828 -0.023715301564863785
3.3615041393410787 -0.033019098112414054
3.4243359924128747 -0.042142784946724444
3.48716784548467 -0.051038011319527406
3.549999698556466 -0.059658665754128266
3.612831551628262 -0.06796127514598005
3.675663404700058 -0.07590535059017443
3.7384952577718535 -0.08345367509826786
3.8013271108436495 -0.0905725303040847
3.8641589639154454 -0.09723186117698741
3.9269908169872414 -0.10340537957579089
3.989822670059038 -0.10907060911441673
4.052654523130833 -0.11420887521547024
4.115486376202629 -0.1188052453624346
4.178318229274425 -0.12284842540585593
4.241150082346222 -0.12633061833178455
4.303981935418017 -0.12924735217494696
4.366813788489813 -0.1315972837797846
4.429645641561608 -0.1333819849135126
4.4924774946334045 -0.1346057168560036
4.5553093477052 -0.13527519907308114
4.618141200776996 -0.13539937696384707
4.680973053848792 -0.13498919299745993
4.743804906920587 -0.13405736485472255
4.806636759992383 -0.13261817349419522
4.869468613064179 -0.13068726339501374
4.932300466135976 -0.1282814566072015
4.995132319207771 -0.1254185816777618
5.057964172279567 -0.12211731802510549
5.120796025351362 -0.11839705590918255
5.183627878423159 -0.11427777179037737
5.246459731494955 -0.10977991858445808
5.3092915845667505 -0.10492433009929762
5.372123437638546 -0.09973213877601293
5.434955290710342 -0.09422470574603774
5.497787143782137 -0.0884235621495126
5.560618996853934 -0.08235036063223368
5.62345084992573 -0.07602683594142672
5.686282702997525 -0.06947477356838008
5.749114556069321 -0.06271598543255605
5.811946409141116 -0.05577229166180224
5.874778262212914 -0.04866550759197129
5.937610115284709 -0.04141743518240448
6.000441968356505 -0.034049858117740306
6.0632738214283 -0.02658453993830458
6.126105674500097 -0.01904322460829068
6.188937527571893 -0.01144763899095865
6.2517693806436885 -0.003819496751390846