0.031415926535897934 0.0055868717115968745
0.0942477796076938 0.016745517594783696
0.15707963267948966 0.027858865849153414
0.21991148575128552 0.038896701332111316
0.2827433388230814 0.049828783736451554
0.34557519189487723 0.0606248374241034
0.4084070449666731 0.07125454129558599
0.47123889803846897 0.08168751889784943
0.5340707511102649 0.09189332911404562
0.5969026041820606 0.10184145794694681
0.6597344572538566 0.1115013121007106
0.7225663103256523 0.12084221528032019
0.7853981633974483 0.12983340836047053
0.8482300164692442 0.13844405482126268
0.91106186954104 0.14664325310116702
0.9738937226128359 0.15440005777152302
1.0367255756846319 0.1616835116832542
1.0995574287564276 0.16846269146578904
1.1623892818282235 0.17470676895901013
1.2252211349000193 0.18038509131807814
1.2880529879718152 0.1854672826328734
1.350884841043611 0.1899233699312726
1.413716694115407 0.19372393636933088
1.4765485471872026 0.19684030423105048
1.5393804002589986 0.19924475004424103
1.6022122533307945 0.20091075364561528
1.6650441064025903 0.2018132823776987
1.7278759594743862 0.20192911075552866
1.7907078125461822 0.2012371748909901
1.853539665617978 0.19971895970327963
1.9163715186897736 0.19735891548247772
1.9792033717615696 0.19414489873010052
2.0420352248333655 0.190068630412761
2.104867077905162 0.18512616288825606
2.1676989309769574 0.17931834487302467
2.230530784048753 0.17265127201145825
2.2933626371205493 0.16513670899449917
2.356194490192345 0.156792467884745
2.4190263432641403 0.14764272647261298
2.4818581963359367 0.13771827024578637
2.5446900494077322 0.12705664202167433
2.607521902479528 0.11570218456334261
2.670353755551324 0.10370596362718565
2.7331856086231197 0.09112556187774794
2.796017461694916 0.07802473789270227
2.8588493147667116 0.06447294894403201
2.9216811678385075 0.05054474118985901
2.9845130209103035 0.03631901609763494
3.047344873982099 0.02187818705362902
3.1101767270538954 0.007307244884387389
3.173008580125691 -0.007307244884387389
3.2358404331974873 -0.02187818705362902
3.2986722862692828 -0.03631901609763494
3.3615041393410787 -0.05054474118985901
3.4243359924128747 -0.06447294894403201
3.48716784548467 -0.07802473789270227
3.549999698556466 -0.09112556187774788
3.612831551628262 -0.10370596362718565
3.675663404700058 -0.11570218456334261
3.7384952577718535 -0.12705664202167424
3.8013271108436495 -0.13771827024578637
3.8641589639154454 -0.14764272647261295
3.9269908169872414 -0.156792467884745
3.989822670059038 -0.16513670899449945
4.052654523130833 -0.17265127201145825
4.115486376202629 -0.17931834487302467
4.178318229274425 -0.18512616288825617
4.241150082346222 -0.19006863041276112
4.303981935418017 -0.19414489873010052
4.366813788489813 -0.19735891548247772
4.429645641561608 -0.19971895970327963
4.4924774946334045 -0.20123717489099005
4.5553093477052 -0.20192911075552866
4.618141200776996 -0.2018132823776987
4.680973053848792 -0.20091075364561534
4.743804906920587 -0.19924475004424108
4.806636759992383 -0.19684030423105045
4.869468613064179 -0.19372393636933088
4.932300466135976 -0.18992336993127246
4.995132319207771 -0.1854672826328734
5.057964172279567 -0.18038509131807814
5.120796025351362 -0.17470676895901024
5.183627878423159 -0.16846269146578904
5.246459731494955 -0.16168351168325412
5.3092915845667505 -0.15440005777152302
5.372123437638546 -0.14664325310116702
5.434955290710342 -0.13844405482126287
5.497787143782137 -0.1298334083604707
5.560618996853934 -0.12084221528032019
5.62345084992573 -0.1115013121007106
5.686282702997525 -0.10184145794694681
5.749114556069321 -0.0918933291140457
5.811946409141116 -0.08168751889784955
5.874778262212914 -0.07125454129558587
5.937610115284709 -0.0606248374241034
6.000441968356505 -0.049828783736451554
6.0632738214283 -0.038896701332111476
6.126105674500097 -0.027858865849153414
6.188937527571893 -0.016745517594783533
6.2517693806436885 -0.0055868717115968745