0.031415926535897934 0.006472005156232428
0.0942477796076938 0.019388589420134744
0.15707963267948966 0.03222303704143647
0.21991148575128552 0.04492106071579387
0.2827433388230814 0.05742907457726445
0.34557519189487723 0.06969446635260661
0.4084070449666731 0.0816658612657904
0.47123889803846897 0.09329337557494767
0.5340707511102649 0.10452885779432887
0.5969026041820606 0.11532611585230204
0.6597344572538566 0.12564112865777632
0.7225663103256523 0.13543224078598382
0.7853981633974483 0.14466033924432722
0.8482300164692442 0.153289011534034
0.91106186954104 0.16128468447776034
0.9738937226128359 0.1686167435315856
1.0367255756846319 0.1752576325369461
1.0995574287564276 0.18118293408961608
1.1623892818282235 0.18637143090510114
1.2252211349000193 0.190805148739884
1.2880529879718152 0.1944693815837273
1.350884841043611 0.1973526999684067
1.413716694115407 0.19944694334229965
1.4765485471872026 0.20074719753841302
1.5393804002589986 0.2012517584165734
1.6022122533307945 0.200962082790034
1.6650441064025903 0.19988272775462504
1.7278759594743862 0.19802127952698653
1.7907078125461822 0.19538827286994587
1.853539665617978 0.19199710214035737
1.9163715186897736 0.18786392494046794
1.9792033717615696 0.18300755929075677
2.0420352248333655 0.1774493751728464
2.104867077905162 0.17121318121787255
2.1676989309769574 0.16432510724084534
2.230530784048753 0.15681348324695488
2.2933626371205493 0.14870871546315126
2.356194490192345 0.14004315987898006
2.4190263432641403 0.13085099371570375
2.4818581963359367 0.12116808518292062
2.5446900494077322 0.11103186182774928
2.607521902479528 0.10048117773343117
2.670353755551324 0.08955617978198108
2.7331856086231197 0.07829817315912894
2.796017461694916 0.06674948624898963
2.8588493147667116 0.05495333504025173
2.9216811678385075 0.0429536871447291
2.9845130209103035 0.030795125512359692
3.047344873982099 0.01852271191363357
3.1101767270538954 0.0061818502504892275
3.173008580125691 -0.0061818502504892275
3.2358404331974873 -0.01852271191363357
3.2986722862692828 -0.030795125512359692
3.3615041393410787 -0.0429536871447291
3.4243359924128747 -0.05495333504025173
3.48716784548467 -0.06674948624898963
3.549999698556466 -0.07829817315912878
3.612831551628262 -0.08955617978198108
3.675663404700058 -0.10048117773343117
3.7384952577718535 -0.11103186182774921
3.8013271108436495 -0.12116808518292062
3.8641589639154454 -0.13085099371570363
3.9269908169872414 -0.14004315987898006
3.989822670059038 -0.14870871546315145
4.052654523130833 -0.15681348324695488
4.115486376202629 -0.16432510724084534
4.178318229274425 -0.1712131812178727
4.241150082346222 -0.17744937517284648
4.303981935418017 -0.18300755929075685
4.366813788489813 -0.18786392494046794
4.429645641561608 -0.19199710214035737
4.4924774946334045 -0.19538827286994573
4.5553093477052 -0.19802127952698653
4.618141200776996 -0.19988272775462504
4.680973053848792 -0.200962082790034
4.743804906920587 -0.20125175841657345
4.806636759992383 -0.20074719753841302
4.869468613064179 -0.19944694334229965
4.932300466135976 -0.19735269996840668
4.995132319207771 -0.19446938158372742
5.057964172279567 -0.19080514873988408
5.120796025351362 -0.18637143090510133
5.183627878423159 -0.18118293408961608
5.246459731494955 -0.175257632536946
5.3092915845667505 -0.1686167435315856
5.372123437638546 -0.16128468447776034
5.434955290710342 -0.15328901153403393
5.497787143782137 -0.14466033924432734
5.560618996853934 -0.13543224078598376
5.62345084992573 -0.12564112865777632
5.686282702997525 -0.11532611585230204
5.749114556069321 -0.10452885779432891
5.811946409141116 -0.09329337557494781
5.874778262212914 -0.08166586126579038
5.937610115284709 -0.06969446635260661
6.000441968356505 -0.05742907457726445
6.0632738214283 -0.04492106071579389
6.126105674500097 -0.03222303704143647
6.188937527571893 -0.01938858942013468
6.2517693806436885 -0.006472005156232428