0.031415926535897934 0.0025403404141925994
0.0942477796076938 0.007612323031310538
0.15707963267948966 0.01265822856647442
0.21991148575128552 0.017660730874330163
0.2827433388230814 0.02260259191853619
0.34557519189487723 0.02746669750841244
0.4084070449666731 0.03223609353502399
0.47123889803846897 0.03689402285776107
0.5340707511102649 0.041423962997444184
0.5969026041820606 0.04580966479662751
0.6597344572538566 0.05003519221127975
0.7225663103256523 0.054084963399498955
0.7853981633974483 0.0579437932713479
0.8482300164692442 0.061596937658237705
0.91106186954104 0.06503013924947035
0.9738937226128359 0.06822967542648975
1.0367255756846319 0.07118240810107584
1.0995574287564276 0.07387583563120198
1.1623892818282235 0.07629814684677619
1.2252211349000193 0.07843827716636673
1.2880529879718152 0.08028596672492148
1.350884841043611 0.08183182036132136
1.413716694115407 0.08306736923365139
1.4765485471872026 0.08398513373995985
1.5393804002589986 0.08457868732416036
1.6022122533307945 0.08484272064216467
1.6650441064025903 0.0847731054544648
1.7278759594743862 0.0843669575008081
1.7907078125461822 0.0836226975034969
1.853539665617978 0.08254010934178316
1.9163715186897736 0.08112039434487109
1.9792033717615696 0.07936622056948703
2.0420352248333655 0.07728176586437632
2.104867077905162 0.07487275348295397
2.1676989309769574 0.07214647899102791
2.230530784048753 0.06911182723300592
2.2933626371205493 0.06577927817061686
2.356194490192345 0.06216090049538039
2.4190263432641403 0.058270332041233476
2.4818581963359367 0.05412274618690883
2.5446900494077322 0.049734803637447804
2.607521902479528 0.04512458920763874
2.670353755551324 0.040311533492576775
2.7331856086231197 0.03531631959577886
2.796017461694916 0.030160775385761878
2.8588493147667116 0.024867752058905256
2.9216811678385075 0.019460990090135546
2.9845130209103035 0.013964973943345097
3.047344873982099 0.008404777180362479
3.1101767270538954 0.002805899841047811
3.173008580125691 -0.002805899841047811
3.2358404331974873 -0.008404777180362479
3.2986722862692828 -0.013964973943345097
3.3615041393410787 -0.019460990090135546
3.4243359924128747 -0.024867752058905256
3.48716784548467 -0.030160775385761878
3.549999698556466 -0.03531631959577886
3.612831551628262 -0.040311533492576775
3.675663404700058 -0.04512458920763874
3.7384952577718535 -0.04973480363744782
3.8013271108436495 -0.05412274618690883
3.8641589639154454 -0.058270332041233476
3.9269908169872414 -0.06216090049538039
3.989822670059038 -0.06577927817061698
4.052654523130833 -0.06911182723300592
4.115486376202629 -0.07214647899102791
4.178318229274425 -0.07487275348295418
4.241150082346222 -0.07728176586437645
4.303981935418017 -0.07936622056948701
4.366813788489813 -0.08112039434487109
4.429645641561608 -0.08254010934178316
4.4924774946334045 -0.08362269750349677
4.5553093477052 -0.0843669575008081
4.618141200776996 -0.08477310545446488
4.680973053848792 -0.08484272064216465
4.743804906920587 -0.08457868732416023
4.806636759992383 -0.08398513373995979
4.869468613064179 -0.08306736923365139
4.932300466135976 -0.08183182036132133
4.995132319207771 -0.0802859667249214
5.057964172279567 -0.07843827716636677
5.120796025351362 -0.07629814684677616
5.183627878423159 -0.07387583563120198
5.246459731494955 -0.0711824081010758
5.3092915845667505 -0.06822967542648975
5.372123437638546 -0.06503013924947035
5.434955290710342 -0.06159693765823766
5.497787143782137 -0.05794379327134796
5.560618996853934 -0.054084963399498955
5.62345084992573 -0.05003519221127975
5.686282702997525 -0.04580966479662751
5.749114556069321 -0.041423962997444205
5.811946409141116 -0.03689402285776098
5.874778262212914 -0.032236093535023935
5.937610115284709 -0.02746669750841244
6.000441968356505 -0.02260259191853619
6.0632738214283 -0.01766073087433017
6.126105674500097 -0.01265822856647442
6.188937527571893 -0.007612323031310449
6.2517693806436885 -0.0025403404141925994