0.031415926535897934 0.0026933215863868946
0.0942477796076938 0.008064363859022268
0.15707963267948966 0.013388763373482937
0.21991148575128552 0.01863595508722382
0.2827433388230814 0.023776158699880236
0.34557519189487723 0.028780671955966352
0.4084070449666731 0.0336221440646567
0.47123889803846897 0.038274824540378526
0.5340707511102649 0.042714783452931525
0.5969026041820606 0.04692009985696303
0.6597344572538566 0.05087101601866123
0.7225663103256523 0.05455005594154473
0.7853981633974483 0.057942107582136554
0.8482300164692442 0.06103446901017073
0.91106186954104 0.0638168595793363
0.9738937226128359 0.06628139790956794
1.0367255756846319 0.06842254912110828
1.0995574287564276 0.07023704428962148
1.1623892818282235 0.07172377550145445
1.2252211349000193 0.07288367017496972
1.2880529879718152 0.07371954847899238
1.350884841043611 0.07423596772860835
1.413716694115407 0.074439057581464
1.4765485471872026 0.07433634970694662
1.5393804002589986 0.07393660537094392
1.6022122533307945 0.07324964408624338
1.6650441064025903 0.07228617613940956
1.7278759594743862 0.07105764143517779
1.7907078125461822 0.06957605671400514
1.853539665617978 0.06785387281096524
1.9163715186897736 0.06590384324628293
1.9792033717615696 0.06373890507913858
2.0420352248333655 0.0613720726243663
2.104867077905162 0.058816344331750633
2.1676989309769574 0.056084622863177495
2.230530784048753 0.05318964817556348
2.2933626371205493 0.0501439432273691
2.356194490192345 0.04695977177238845
2.4190263432641403 0.04364910758420598
2.4818581963359367 0.04022361436525649
2.5446900494077322 0.03669463553232997
2.607521902479528 0.03307319303185984
2.670353755551324 0.02936999431951313
2.7331856086231197 0.0255954466355925
2.796017461694916 0.021759677716853422
2.8588493147667116 0.017872562103049335
2.9216811678385075 0.013943752219661936
2.9845130209103035 0.009982713444041254
3.047344873982099 0.005998762388098171
3.1101767270538954 0.002001107654698042
3.173008580125691 -0.002001107654698042
3.2358404331974873 -0.005998762388098171
3.2986722862692828 -0.009982713444041254
3.3615041393410787 -0.013943752219661936
3.4243359924128747 -0.017872562103049335
3.48716784548467 -0.021759677716853422
3.549999698556466 -0.02559544663559243
3.612831551628262 -0.02936999431951313
3.675663404700058 -0.03307319303185984
3.7384952577718535 -0.03669463553232997
3.8013271108436495 -0.04022361436525649
3.8641589639154454 -0.04364910758420598
3.9269908169872414 -0.04695977177238845
3.989822670059038 -0.0501439432273691
4.052654523130833 -0.05318964817556348
4.115486376202629 -0.056084622863177495
4.178318229274425 -0.058816344331750696
4.241150082346222 -0.0613720726243663
4.303981935418017 -0.0637389050791385
4.366813788489813 -0.06590384324628293
4.429645641561608 -0.06785387281096524
4.4924774946334045 -0.06957605671400514
4.5553093477052 -0.07105764143517779
4.618141200776996 -0.07228617613940956
4.680973053848792 -0.0732496440862433
4.743804906920587 -0.07393660537094392
4.806636759992383 -0.07433634970694664
4.869468613064179 -0.074439057581464
4.932300466135976 -0.07423596772860835
4.995132319207771 -0.07371954847899238
5.057964172279567 -0.07288367017496972
5.120796025351362 -0.07172377550145445
5.183627878423159 -0.07023704428962148
5.246459731494955 -0.06842254912110828
5.3092915845667505 -0.06628139790956794
5.372123437638546 -0.0638168595793363
5.434955290710342 -0.061034469010170796
5.497787143782137 -0.057942107582136554
5.560618996853934 -0.05455005594154473
5.62345084992573 -0.05087101601866123
5.686282702997525 -0.04692009985696303
5.749114556069321 -0.042714783452931525
5.811946409141116 -0.03827482454037859
5.874778262212914 -0.03362214406465664
5.937610115284709 -0.028780671955966352
6.000441968356505 -0.023776158699880236
6.0632738214283 -0.01863595508722382
6.126105674500097 -0.013388763373482937
6.188937527571893 -0.008064363859022268
6.2517693806436885 -0.0026933215863868946