0.031415926535897934 0.006954207406486688
0.0942477796076938 0.020805407418228235
0.15707963267948966 0.03448592969032425
0.21991148575128552 0.047885182602007366
0.2827433388230814 0.060897265711414086
0.34557519189487723 0.07342265233429959
0.4084070449666731 0.08536968817995438
0.47123889803846897 0.09665586710398204
0.5340707511102649 0.10720885423418874
0.5969026041820606 0.11696723690844545
0.6597344572538566 0.12588099449385834
0.7225663103256523 0.13391168868328374
0.7853981633974483 0.1410323857593069
0.8482300164692442 0.14722733110631
0.91106186954104 0.1524914035560117
0.9738937226128359 0.15682938270061522
1.0367255756846319 0.16025506595561914
1.0995574287564276 0.1627902738840394
1.1623892818282235 0.16446378220665153
1.2252211349000193 0.16531021722075234
1.2880529879718152 0.1653689483100819
1.350884841043611 0.1646830071746986
1.413716694115407 0.163298058682928
1.4765485471872026 0.16126144317984487
1.5393804002589986 0.15862130497893004
1.6022122533307945 0.1554258168695032
1.6650441064025903 0.15172250599029605
1.7278759594743862 0.14755768248810827
1.7907078125461822 0.14297596908209992
1.853539665617978 0.13801992702051322
1.9163715186897736 0.1327297719369799
1.9792033717615696 0.12714317174533116
2.0420352248333655 0.1212951178898455
2.104867077905162 0.11521786091369617
2.1676989309769574 0.10894090133802287
2.230530784048753 0.10249102717419922
2.2933626371205493 0.09589238994441115
2.356194490192345 0.08916661179062112
2.4190263432641403 0.08233291704938112
2.4818581963359367 0.07540828251017623
2.5446900494077322 0.06840760141875293
2.607521902479528 0.061343857104384614
2.670353755551324 0.05422830287984165
2.7331856086231197 0.04707064557056259
2.796017461694916 0.03987923066656542
2.8588493147667116 0.032661227652801085
2.9216811678385075 0.02542281456003811
2.9845130209103035 0.018169361190342397
3.047344873982099 0.01090561081150346
3.1101767270538954 0.0036358603867465184
3.173008580125691 -0.0036358603867465184
3.2358404331974873 -0.01090561081150346
3.2986722862692828 -0.018169361190342397
3.3615041393410787 -0.02542281456003811
3.4243359924128747 -0.032661227652801085
3.48716784548467 -0.03987923066656542
3.549999698556466 -0.04707064557056249
3.612831551628262 -0.05422830287984165
3.675663404700058 -0.061343857104384614
3.7384952577718535 -0.06840760141875293
3.8013271108436495 -0.07540828251017623
3.8641589639154454 -0.082332917049381
3.9269908169872414 -0.08916661179062112
3.989822670059038 -0.09589238994441125
4.052654523130833 -0.10249102717419922
4.115486376202629 -0.10894090133802287
4.178318229274425 -0.11521786091369626
4.241150082346222 -0.12129511788984537
4.303981935418017 -0.12714317174533116
4.366813788489813 -0.1327297719369799
4.429645641561608 -0.13801992702051322
4.4924774946334045 -0.14297596908209995
4.5553093477052 -0.14755768248810827
4.618141200776996 -0.151722505990296
4.680973053848792 -0.1554258168695033
4.743804906920587 -0.15862130497893004
4.806636759992383 -0.16126144317984487
4.869468613064179 -0.163298058682928
4.932300466135976 -0.1646830071746985
4.995132319207771 -0.1653689483100819
5.057964172279567 -0.16531021722075234
5.120796025351362 -0.16446378220665153
5.183627878423159 -0.1627902738840394
5.246459731494955 -0.16025506595561914
5.3092915845667505 -0.15682938270061522
5.372123437638546 -0.1524914035560117
5.434955290710342 -0.14722733110631
5.497787143782137 -0.14103238575930702
5.560618996853934 -0.13391168868328368
5.62345084992573 -0.12588099449385834
5.686282702997525 -0.11696723690844545
5.749114556069321 -0.10720885423418879
5.811946409141116 -0.09665586710398218
5.874778262212914 -0.08536968817995431
5.937610115284709 -0.07342265233429959
6.000441968356505 -0.060897265711414086
6.0632738214283 -0.04788518260200744
6.126105674500097 -0.03448592969032425
6.188937527571893 -0.02080540741822817
6.2517693806436885 -0.006954207406486688