0.031415926535897934 0.007886262530723435
0.0942477796076938 0.023624862275322032
0.15707963267948966 0.03926187019117461
0.21991148575128552 0.054730170377097764
0.2827433388230814 0.06996355880046976
0.34557519189487723 0.08489709594560013
0.4084070449666731 0.09946744763420255
0.47123889803846897 0.11361321101677926
0.5340707511102649 0.12727522300177024
0.5969026041820606 0.140396848700399
0.6597344572538566 0.1529242478104098
0.7225663103256523 0.16480661723182113
0.7853981633974483 0.17599640859251656
0.8482300164692442 0.18644951975110588
0.91106186954104 0.19612545972952694
0.9738937226128359 0.2049874868994876
1.0367255756846319 0.2130027205971741
1.0995574287564276 0.22014222666292524
1.1623892818282235 0.22638107769131516
1.2252211349000193 0.2316983890281859
1.2880529879718152 0.23607733176193
1.350884841043611 0.2395051241253722
1.413716694115407 0.24197300285188345
1.4765485471872026 0.24347617611596087
1.5393804002589986 0.24401375973654946
1.6022122533307945 0.24358869833378916
1.6650441064025903 0.2422076731102732
1.7278759594743862 0.23988099788036693
1.7907078125461822 0.2366225049000376
1.853539665617978 0.2324494219594733
1.9163715186897736 0.227382242096002
1.9792033717615696 0.22144458716974214
2.0420352248333655 0.21466306642306296
2.104867077905162 0.2070671310209754
2.1676989309769574 0.1986889254462385
2.230530784048753 0.18956313650303727
2.2933626371205493 0.17972684056884072
2.356194490192345 0.16921934962727356
2.4190263432641403 0.15808205651683346
2.4818581963359367 0.14635827974193052
2.5446900494077322 0.13409310811443195
2.607521902479528 0.12133324542574032
2.670353755551324 0.1081268552911857
2.7331856086231197 0.09452340625962911
2.796017461694916 0.08057351724096759
2.8588493147667116 0.06632880327183753
2.9216811678385075 0.05184172161427656
2.9845130209103035 0.037165418162475976
3.047344873982099 0.02235357411803971
3.1101767270538954 0.007460252883507786
3.173008580125691 -0.007460252883507786
3.2358404331974873 -0.02235357411803971
3.2986722862692828 -0.037165418162475976
3.3615041393410787 -0.05184172161427656
3.4243359924128747 -0.06632880327183753
3.48716784548467 -0.08057351724096759
3.549999698556466 -0.09452340625962904
3.612831551628262 -0.1081268552911857
3.675663404700058 -0.12133324542574032
3.7384952577718535 -0.13409310811443187
3.8013271108436495 -0.14635827974193052
3.8641589639154454 -0.15808205651683332
3.9269908169872414 -0.16921934962727356
3.989822670059038 -0.17972684056884092
4.052654523130833 -0.18956313650303727
4.115486376202629 -0.1986889254462385
4.178318229274425 -0.20706713102097551
4.241150082346222 -0.21466306642306301
4.303981935418017 -0.2214445871697422
4.366813788489813 -0.227382242096002
4.429645641561608 -0.2324494219594732
4.4924774946334045 -0.2366225049000376
4.5553093477052 -0.23988099788036693
4.618141200776996 -0.24220767311027327
4.680973053848792 -0.24358869833378916
4.743804906920587 -0.2440137597365494
4.806636759992383 -0.2434761761159609
4.869468613064179 -0.24197300285188345
4.932300466135976 -0.2395051241253722
4.995132319207771 -0.23607733176193
5.057964172279567 -0.23169838902818607
5.120796025351362 -0.22638107769131524
5.183627878423159 -0.22014222666292524
5.246459731494955 -0.21300272059717393
5.3092915845667505 -0.2049874868994876
5.372123437638546 -0.19612545972952694
5.434955290710342 -0.1864495197511059
5.497787143782137 -0.1759964085925169
5.560618996853934 -0.16480661723182105
5.62345084992573 -0.1529242478104098
5.686282702997525 -0.140396848700399
5.749114556069321 -0.1272752230017704
5.811946409141116 -0.1136132110167795
5.874778262212914 -0.09946744763420252
5.937610115284709 -0.08489709594560013
6.000441968356505 -0.06996355880046976
6.0632738214283 -0.05473017037709787
6.126105674500097 -0.03926187019117461
6.188937527571893 -0.023624862275321932
6.2517693806436885 -0.007886262530723435