0.031415926535897934 0.006877867202947018
0.0942477796076938 0.020612607859846043
0.15707963267948966 0.034284396605642566
0.21991148575128552 0.047851362900196995
0.2827433388230814 0.061271780981254756
0.34557519189487723 0.07450412522567156
0.4084070449666731 0.08750712318239194
0.47123889803846897 0.10023980592224822
0.5340707511102649 0.11266155557132085
0.5969026041820606 0.12473215015357082
0.6597344572538566 0.1364118061579712
0.7225663103256523 0.1476612195577333
0.7853981633974483 0.15844160633592358
0.8482300164692442 0.16871474390354682
0.91106186954104 0.17844301512303434
0.9738937226128359 0.18758945696136328
1.0367255756846319 0.19611781608135004
1.0995574287564276 0.20399261392488224
1.1623892818282235 0.21117922403509182
1.2252211349000193 0.21764396449201676
1.2880529879718152 0.223354208383759
1.350884841043611 0.22827851518745332
1.413716694115407 0.23238678577616437
1.4765485471872026 0.2356504434838214
1.5393804002589986 0.23804264323593913
1.6022122533307945 0.23953851017627747
1.6650441064025903 0.24011540847865012
1.7278759594743862 0.23975324012302393
1.7907078125461822 0.23843477233594923
1.853539665617978 0.23614599115520363
1.9163715186897736 0.23287647719495636
1.9792033717615696 0.22861979819001316
2.0420352248333655 0.223373911328042
2.104867077905162 0.21714156679333646
2.1676989309769574 0.2099307024149067
2.230530784048753 0.20175481791860386
2.2933626371205493 0.19263331612108978
2.356194490192345 0.1825917975723536
2.4190263432641403 0.17166229475321845
2.4818581963359367 0.1598834320579168
2.5446900494077322 0.1473004985169814
2.607521902479528 0.13396542159562294
2.670353755551324 0.11993663245751382
2.7331856086231197 0.10527881579293401
2.796017461694916 0.09006254060749448
2.8588493147667116 0.07436377213975501
2.9216811678385075 0.05826326916492715
2.9845130209103035 0.0418458751518417
3.047344873982099 0.025199715849661988
3.1101767270538954 0.008415319656948743
3.173008580125691 -0.008415319656948743
3.2358404331974873 -0.025199715849661988
3.2986722862692828 -0.0418458751518417
3.3615041393410787 -0.05826326916492715
3.4243359924128747 -0.07436377213975501
3.48716784548467 -0.09006254060749448
3.549999698556466 -0.10527881579293394
3.612831551628262 -0.11993663245751382
3.675663404700058 -0.13396542159562294
3.7384952577718535 -0.14730049851698127
3.8013271108436495 -0.1598834320579168
3.8641589639154454 -0.1716622947532182
3.9269908169872414 -0.1825917975723536
3.989822670059038 -0.1926333161210899
4.052654523130833 -0.20175481791860386
4.115486376202629 -0.2099307024149067
4.178318229274425 -0.21714156679333674
4.241150082346222 -0.22337391132804202
4.303981935418017 -0.22861979819001316
4.366813788489813 -0.23287647719495636
4.429645641561608 -0.23614599115520363
4.4924774946334045 -0.23843477233594912
4.5553093477052 -0.23975324012302393
4.618141200776996 -0.2401154084786502
4.680973053848792 -0.23953851017627736
4.743804906920587 -0.23804264323593913
4.806636759992383 -0.23565044348382141
4.869468613064179 -0.23238678577616437
4.932300466135976 -0.22827851518745332
4.995132319207771 -0.223354208383759
5.057964172279567 -0.21764396449201695
5.120796025351362 -0.2111792240350919
5.183627878423159 -0.20399261392488224
5.246459731494955 -0.19611781608134993
5.3092915845667505 -0.18758945696136328
5.372123437638546 -0.17844301512303434
5.434955290710342 -0.16871474390354688
5.497787143782137 -0.1584416063359238
5.560618996853934 -0.14766121955773318
5.62345084992573 -0.1364118061579712
5.686282702997525 -0.12473215015357082
5.749114556069321 -0.1126615555713209
5.811946409141116 -0.10023980592224836
5.874778262212914 -0.08750712318239177
5.937610115284709 -0.07450412522567156
6.000441968356505 -0.061271780981254756
6.0632738214283 -0.04785136290019714
6.126105674500097 -0.034284396605642566
6.188937527571893 -0.020612607859845842
6.2517693806436885 -0.006877867202947018