0.031415926535897934 0.0028658449158981813
0.0942477796076938 0.008583176997611417
0.15707963267948966 0.01425754613407179
0.21991148575128552 0.01986067656313635
0.2827433388230814 0.025364836667267337
0.34557519189487723 0.030743046421799695
0.4084070449666731 0.03596927487671565
0.47123889803846897 0.041018625164979415
0.5340707511102649 0.045867504774514525
0.5969026041820606 0.05049377910675605
0.6597344572538566 0.05487690666542844
0.7225663103256523 0.05899805456694171
0.7853981633974483 0.06284019343010615
0.8482300164692442 0.06638817107888693
0.91106186954104 0.06962876486864192
0.9738937226128359 0.07255071281484345
1.0367255756846319 0.07514472405522435
1.0995574287564276 0.07740346950379197
1.1623892818282235 0.07932155385135847
1.2252211349000193 0.0808954703263335
1.2880529879718152 0.08212353984704021
1.350884841043611 0.08300583636959685
1.413716694115407 0.08354410036177416
1.4765485471872026 0.08374164241290126
1.5393804002589986 0.08360323902393088
1.6022122533307945 0.08313502261249837
1.6650441064025903 0.08234436771856839
1.7278759594743862 0.08123977531134147
1.7907078125461822 0.07983075698236262
1.853539665617978 0.07812772066858499
1.9163715186897736 0.07614185938802988
1.9792033717615696 0.07388504429517694
2.0420352248333655 0.07136972317865316
2.104867077905162 0.06860882533515314
2.1676989309769574 0.0656156735652977
2.230530784048753 0.062403903853242196
2.2933626371205493 0.05898739311556775
2.356194490192345 0.0553801952389179
2.4190263432641403 0.05159648547196041
2.4818581963359367 0.0476505130968529
2.5446900494077322 0.04355656217923774
2.607521902479528 0.039328920084093916
2.670353755551324 0.03498185334732892
2.7331856086231197 0.030529590409214057
2.796017461694916 0.02598631064483583
2.8588493147667116 0.0213661390675839
2.9216811678385075 0.016683146033199956
2.9845130209103035 0.011951351232883746
3.047344873982099 0.007184731233208878
3.1101767270538954 0.0023972297971009424
3.173008580125691 -0.0023972297971009424
3.2358404331974873 -0.007184731233208878
3.2986722862692828 -0.011951351232883746
3.3615041393410787 -0.016683146033199956
3.4243359924128747 -0.0213661390675839
3.48716784548467 -0.02598631064483583
3.549999698556466 -0.030529590409214057
3.612831551628262 -0.03498185334732892
3.675663404700058 -0.039328920084093916
3.7384952577718535 -0.04355656217923774
3.8013271108436495 -0.0476505130968529
3.8641589639154454 -0.05159648547196041
3.9269908169872414 -0.0553801952389179
3.989822670059038 -0.05898739311556775
4.052654523130833 -0.062403903853242196
4.115486376202629 -0.0656156735652977
4.178318229274425 -0.06860882533515314
4.241150082346222 -0.07136972317865316
4.303981935418017 -0.07388504429517684
4.366813788489813 -0.07614185938802988
4.429645641561608 -0.07812772066858492
4.4924774946334045 -0.07983075698236271
4.5553093477052 -0.08123977531134147
4.618141200776996 -0.08234436771856839
4.680973053848792 -0.08313502261249849
4.743804906920587 -0.08360323902393088
4.806636759992383 -0.08374164241290118
4.869468613064179 -0.08354410036177416
4.932300466135976 -0.08300583636959674
4.995132319207771 -0.08212353984704021
5.057964172279567 -0.0808954703263335
5.120796025351362 -0.07932155385135847
5.183627878423159 -0.07740346950379197
5.246459731494955 -0.07514472405522434
5.3092915845667505 -0.07255071281484345
5.372123437638546 -0.06962876486864192
5.434955290710342 -0.066388171078887
5.497787143782137 -0.06284019343010615
5.560618996853934 -0.05899805456694171
5.62345084992573 -0.05487690666542844
5.686282702997525 -0.05049377910675605
5.749114556069321 -0.04586750477451454
5.811946409141116 -0.041018625164979415
5.874778262212914 -0.03596927487671557
5.937610115284709 -0.030743046421799695
6.000441968356505 -0.025364836667267337
6.0632738214283 -0.019860676563136434
6.126105674500097 -0.01425754613407179
6.188937527571893 -0.008583176997611337
6.2517693806436885 -0.0028658449158981813