0.031415926535897934 0.001877792941714337
0.0942477796076938 0.005626244165344583
0.15707963267948966 0.009353315793906613
0.21991148575128552 0.013044835988814805
0.2827433388230814 0.016686754551858602
0.34557519189487723 0.020265191188513297
0.4084070449666731 0.02376648338017979
0.47123889803846897 0.02717723375596439
0.5340707511102649 0.03048435685605499
0.5969026041820606 0.033675125180190474
0.6597344572538566 0.036737214415981385
0.7225663103256523 0.03965874774273087
0.7853981633974483 0.042428339106758375
0.8482300164692442 0.04503513536384057
0.91106186954104 0.04746885718311856
0.9738937226128359 0.04971983860453989
1.0367255756846319 0.05177906513849987
1.0995574287564276 0.05363821029179995
1.1623892818282235 0.05528967039833067
1.2252211349000193 0.0567265976260971
1.2880529879718152 0.05794293102445785
1.350884841043611 0.058933425466947534
1.413716694115407 0.05969367833605919
1.4765485471872026 0.0602201537872037
1.5393804002589986 0.06051020442013557
1.6022122533307945 0.06056209017787035
1.6650441064025903 0.0603749942860091
1.7278759594743862 0.0599490360399373
1.7907078125461822 0.05928528024411815
1.853539665617978 0.058385743107163136
1.9163715186897736 0.057253394399062164
1.9792033717615696 0.055892155683344755
2.0420352248333655 0.054306894447433134
2.104867077905162 0.052503413969372685
2.1676989309769574 0.05048843877870485
2.230530784048753 0.0482695955936069
2.2933626371205493 0.04585538964554661
2.356194490192345 0.04325517633643438
2.4190263432641403 0.040479128211295734
2.4818581963359367 0.03753819727140559
2.5446900494077322 0.034444072697999116
2.607521902479528 0.031209134104405924
2.670353755551324 0.027846400483869743
2.7331856086231197 0.024369475070472785
2.796017461694916 0.020792486380458605
2.8588493147667116 0.01713002574974575
2.9216811678385075 0.013397081729469093
2.9845130209103035 0.009608971743891219
3.047344873982099 0.005781271452974235
3.1101767270538954 0.0019297422943584197
3.173008580125691 -0.0019297422943584197
3.2358404331974873 -0.005781271452974235
3.2986722862692828 -0.009608971743891219
3.3615041393410787 -0.013397081729469093
3.4243359924128747 -0.01713002574974575
3.48716784548467 -0.020792486380458605
3.549999698556466 -0.024369475070472785
3.612831551628262 -0.027846400483869743
3.675663404700058 -0.031209134104405924
3.7384952577718535 -0.03444407269799912
3.8013271108436495 -0.03753819727140559
3.8641589639154454 -0.04047912821129575
3.9269908169872414 -0.04325517633643438
3.989822670059038 -0.045855389645546744
4.052654523130833 -0.0482695955936069
4.115486376202629 -0.05048843877870485
4.178318229274425 -0.052503413969372734
4.241150082346222 -0.05430689444743319
4.303981935418017 -0.055892155683344796
4.366813788489813 -0.057253394399062164
4.429645641561608 -0.058385743107163164
4.4924774946334045 -0.0592852802441182
4.5553093477052 -0.0599490360399373
4.618141200776996 -0.060374994286009086
4.680973053848792 -0.06056209017787035
4.743804906920587 -0.06051020442013548
4.806636759992383 -0.06022015378720374
4.869468613064179 -0.05969367833605919
4.932300466135976 -0.058933425466947506
4.995132319207771 -0.05794293102445785
5.057964172279567 -0.05672659762609711
5.120796025351362 -0.05528967039833066
5.183627878423159 -0.05363821029179995
5.246459731494955 -0.051779065138499815
5.3092915845667505 -0.04971983860453989
5.372123437638546 -0.04746885718311856
5.434955290710342 -0.0450351353638406
5.497787143782137 -0.04242833910675853
5.560618996853934 -0.0396587477427309
5.62345084992573 -0.036737214415981385
5.686282702997525 -0.033675125180190474
5.749114556069321 -0.030484356856055043
5.811946409141116 -0.02717723375596438
5.874778262212914 -0.023766483380179827
5.937610115284709 -0.020265191188513297
6.000441968356505 -0.016686754551858602
6.0632738214283 -0.013044835988814805
6.126105674500097 -0.009353315793906613
6.188937527571893 -0.005626244165344654
6.2517693806436885 -0.001877792941714337