0.031415926535897934 0.004241803067782223
0.0942477796076938 0.012710305015546326
0.15707963267948966 0.021133535737219093
0.21991148575128552 0.029481452099278837
0.2827433388230814 0.03772421712493668
0.34557519189487723 0.04583228173995009
0.4084070449666731 0.053776465850238944
0.47123889803846897 0.06152803862753108
0.5340707511102649 0.06905879792548512
0.5969026041820606 0.07634114880077977
0.6597344572538566 0.08334818116906846
0.7225663103256523 0.09005374668173524
0.7853981633974483 0.09643253496312966
0.8482300164692442 0.10246014939637572
0.91106186954104 0.10811318268588127
0.9738937226128359 0.11336929245336501
1.0367255756846319 0.11820727713872571
1.0995574287564276 0.12260715247488185
1.1623892818282235 0.12655022878458907
1.2252211349000193 0.13001918930545472
1.2880529879718152 0.13299816968569297
1.350884841043611 0.13547283870700075
1.413716694115407 0.13743048018241427
1.4765485471872026 0.13886007584699833
1.5393804002589986 0.1397523889095069
1.6022122533307945 0.14010004776636184
1.6650441064025903 0.1398976291990384
1.7278759594743862 0.1391417401867489
1.7907078125461822 0.13783109727366105
1.853539665617978 0.13596660224007776
1.9163715186897736 0.1335514126471395
1.9792033717615696 0.13059100566234405
2.0420352248333655 0.12709323343654566
2.104867077905162 0.1230683682002626
2.1676989309769574 0.1185291351859772
2.230530784048753 0.11349073147100552
2.2933626371205493 0.10797082887876382
2.356194490192345 0.10198955917976935
2.4190263432641403 0.09556948000060339
2.4818581963359367 0.08873552008019941
2.5446900494077322 0.08151490280662732
2.607521902479528 0.0739370473196849
2.670353755551324 0.06603344686798955
2.7331856086231197 0.057837524554012365
2.796017461694916 0.049384467074244404
2.8588493147667116 0.040711037549917575
2.9216811678385075 0.03185536903030207
2.9845130209103035 0.022856740718541553
3.047344873982099 0.013755339402113716
3.1101767270538954 0.004592008949852587
3.173008580125691 -0.004592008949852587
3.2358404331974873 -0.013755339402113716
3.2986722862692828 -0.022856740718541553
3.3615041393410787 -0.03185536903030207
3.4243359924128747 -0.040711037549917575
3.48716784548467 -0.049384467074244404
3.549999698556466 -0.057837524554012365
3.612831551628262 -0.06603344686798955
3.675663404700058 -0.0739370473196849
3.7384952577718535 -0.08151490280662732
3.8013271108436495 -0.08873552008019941
3.8641589639154454 -0.09556948000060332
3.9269908169872414 -0.10198955917976935
3.989822670059038 -0.10797082887876384
4.052654523130833 -0.11349073147100552
4.115486376202629 -0.1185291351859772
4.178318229274425 -0.12306836820026268
4.241150082346222 -0.12709323343654566
4.303981935418017 -0.130591005662344
4.366813788489813 -0.1335514126471395
4.429645641561608 -0.13596660224007764
4.4924774946334045 -0.137831097273661
4.5553093477052 -0.1391417401867489
4.618141200776996 -0.13989762919903836
4.680973053848792 -0.14010004776636184
4.743804906920587 -0.13975238890950675
4.806636759992383 -0.1388600758469983
4.869468613064179 -0.13743048018241427
4.932300466135976 -0.1354728387070008
4.995132319207771 -0.13299816968569297
5.057964172279567 -0.13001918930545475
5.120796025351362 -0.12655022878458902
5.183627878423159 -0.12260715247488185
5.246459731494955 -0.11820727713872572
5.3092915845667505 -0.11336929245336501
5.372123437638546 -0.10811318268588127
5.434955290710342 -0.10246014939637564
5.497787143782137 -0.09643253496312976
5.560618996853934 -0.0900537466817352
5.62345084992573 -0.08334818116906846
5.686282702997525 -0.07634114880077977
5.749114556069321 -0.06905879792548515
5.811946409141116 -0.06152803862753116
5.874778262212914 -0.053776465850238916
5.937610115284709 -0.04583228173995009
6.000441968356505 -0.03772421712493668
6.0632738214283 -0.02948145209927894
6.126105674500097 -0.021133535737219093
6.188937527571893 -0.01271030501554632
6.2517693806436885 -0.004241803067782223