0.031415926535897934 0.008599939630928673
0.0942477796076938 0.02576864212950741
0.15707963267948966 0.042843923506392226
0.21991148575128552 0.05976386576923031
0.2827433388230814 0.07646709111785305
0.34557519189487723 0.09289297029337447
0.4084070449666731 0.10898182355324595
0.47123889803846897 0.12467511265548817
0.5340707511102649 0.13991562257693121
0.5969026041820606 0.15464763208035628
0.6597344572538566 0.16881707266930973
0.7225663103256523 0.1823716759112318
0.7853981633974483 0.19526110955301199
0.8482300164692442 0.20743710328172013
0.91106186954104 0.21885356538109646
0.9738937226128359 0.2294666918864009
1.0367255756846319 0.23923507013266607
1.0995574287564276 0.2481197788121324
1.1623892818282235 0.256084486795361
1.2252211349000193 0.26309555301882925
1.2880529879718152 0.2691221296935696
1.350884841043611 0.27413627094052195
1.413716694115407 0.2781130487071385
1.4765485471872026 0.2810306774671166
1.5393804002589986 0.2828706487543743
1.6022122533307945 0.28361787603966004
1.6650441064025903 0.28326084983269545
1.7278759594743862 0.2817918021969026
1.7907078125461822 0.2792068791133959
1.853539665617978 0.2755063183454533
1.9163715186897736 0.2706946296571874
1.9792033717615696 0.2647807734571802
2.0420352248333655 0.25777833319913773
2.104867077905162 0.24970567620948994
2.1676989309769574 0.24058609706021022
2.230530784048753 0.23044793719829026
2.2933626371205493 0.21932467431438418
2.356194490192345 0.207254974912169
2.4190263432641403 0.19428270375185658
2.4818581963359367 0.18045688430361065
2.5446900494077322 0.16583160506752248
2.607521902479528 0.15046586759322325
2.670353755551324 0.13442337324842898
2.7331856086231197 0.11777224721265742
2.796017461694916 0.10058469976768934
2.8588493147667116 0.0829366266654867
2.9216811678385075 0.06490715211243091
2.9845130209103035 0.04657811964385537
3.047344873982099 0.028033537799328555
3.1101767270538954 0.009358988972257768
3.173008580125691 -0.009358988972257768
3.2358404331974873 -0.028033537799328555
3.2986722862692828 -0.04657811964385537
3.3615041393410787 -0.06490715211243091
3.4243359924128747 -0.0829366266654867
3.48716784548467 -0.10058469976768934
3.549999698556466 -0.11777224721265729
3.612831551628262 -0.13442337324842898
3.675663404700058 -0.15046586759322325
3.7384952577718535 -0.16583160506752245
3.8013271108436495 -0.18045688430361065
3.8641589639154454 -0.1942827037518565
3.9269908169872414 -0.207254974912169
3.989822670059038 -0.21932467431438443
4.052654523130833 -0.23044793719829026
4.115486376202629 -0.24058609706021022
4.178318229274425 -0.24970567620949002
4.241150082346222 -0.25777833319913795
4.303981935418017 -0.26478077345718026
4.366813788489813 -0.2706946296571874
4.429645641561608 -0.27550631834545336
4.4924774946334045 -0.279206879113396
4.5553093477052 -0.2817918021969026
4.618141200776996 -0.28326084983269545
4.680973053848792 -0.28361787603966004
4.743804906920587 -0.2828706487543743
4.806636759992383 -0.28103067746711646
4.869468613064179 -0.2781130487071385
4.932300466135976 -0.27413627094052195
4.995132319207771 -0.26912212969356947
5.057964172279567 -0.2630955530188293
5.120796025351362 -0.256084486795361
5.183627878423159 -0.2481197788121324
5.246459731494955 -0.23923507013266598
5.3092915845667505 -0.2294666918864009
5.372123437638546 -0.21885356538109646
5.434955290710342 -0.20743710328172013
5.497787143782137 -0.19526110955301215
5.560618996853934 -0.18237167591123174
5.62345084992573 -0.16881707266930973
5.686282702997525 -0.15464763208035628
5.749114556069321 -0.1399156225769314
5.811946409141116 -0.12467511265548835
5.874778262212914 -0.10898182355324587
5.937610115284709 -0.09289297029337447
6.000441968356505 -0.07646709111785305
6.0632738214283 -0.05976386576923031
6.126105674500097 -0.042843923506392226
6.188937527571893 -0.025768642129507212
6.2517693806436885 -0.008599939630928673