0.031415926535897934 0.004877579869318977
0.0942477796076938 0.014613300302127066
0.15707963267948966 0.024290785039087957
0.21991148575128552 0.033871483853519804
0.2827433388230814 0.04331725512707129
0.34557519189487723 0.05259052582692919
0.4084070449666731 0.06165444808330966
0.47123889803846897 0.07047305148840735
0.5340707511102649 0.07901139030334675
0.5969026041820606 0.08723568483531373
0.6597344572538566 0.09511345633062715
0.7225663103256523 0.1026136548185731
0.7853981633974483 0.10970677943272288
0.8482300164692442 0.11636499082863098
0.91106186954104 0.12256221540669134
0.9738937226128359 0.12827424113418437
1.0367255756846319 0.13347880483906624
1.0995574287564276 0.138155670918026
1.1623892818282235 0.14228670146136843
1.2252211349000193 0.14585591784632254
1.2880529879718152 0.14884955388788368
1.350884841043611 0.15125610066209194
1.413716694115407 0.15306634313104375
1.4765485471872026 0.1542733887026199
1.5393804002589986 0.1548726878519692
1.6022122533307945 0.1548620469176234
1.6650441064025903 0.15424163316441722
1.7278759594743862 0.1530139721800523
1.7907078125461822 0.15118393764420637
1.853539665617978 0.14875873348068402
1.9163715186897736 0.1457478683763171
1.9792033717615696 0.14216312262723454
2.0420352248333655 0.1380185072555827
2.104867077905162 0.13333021532951972
2.1676989309769574 0.12811656541771235
2.230530784048753 0.12239793711774999
2.2933626371205493 0.11619669861657866
2.356194490192345 0.10953712627058766
2.4190263432641403 0.10244531623327492
2.4818581963359367 0.0949490882089928
2.5446900494077322 0.08707788147121566
2.607521902479528 0.07886264335180608
2.670353755551324 0.07033571048225616
2.7331856086231197 0.06153068314690887
2.796017461694916 0.0524822931895869
2.8588493147667116 0.04322626599654409
2.9216811678385075 0.03379917715782721
2.9845130209103035 0.024238304483620153
3.047344873982099 0.014581476119636217
3.1101767270538954 0.004866915564049621
3.173008580125691 -0.004866915564049621
3.2358404331974873 -0.014581476119636217
3.2986722862692828 -0.024238304483620153
3.3615041393410787 -0.03379917715782721
3.4243359924128747 -0.04322626599654409
3.48716784548467 -0.0524822931895869
3.549999698556466 -0.06153068314690872
3.612831551628262 -0.07033571048225616
3.675663404700058 -0.07886264335180608
3.7384952577718535 -0.0870778814712156
3.8013271108436495 -0.0949490882089928
3.8641589639154454 -0.10244531623327481
3.9269908169872414 -0.10953712627058766
3.989822670059038 -0.11619669861657872
4.052654523130833 -0.12239793711774999
4.115486376202629 -0.12811656541771235
4.178318229274425 -0.13333021532951983
4.241150082346222 -0.13801850725558285
4.303981935418017 -0.1421631226272346
4.366813788489813 -0.1457478683763171
4.429645641561608 -0.1487587334806839
4.4924774946334045 -0.15118393764420654
4.5553093477052 -0.1530139721800523
4.618141200776996 -0.15424163316441736
4.680973053848792 -0.1548620469176234
4.743804906920587 -0.15487268785196912
4.806636759992383 -0.15427338870261992
4.869468613064179 -0.15306634313104375
4.932300466135976 -0.1512561006620919
4.995132319207771 -0.14884955388788368
5.057964172279567 -0.14585591784632249
5.120796025351362 -0.14228670146136846
5.183627878423159 -0.138155670918026
5.246459731494955 -0.13347880483906607
5.3092915845667505 -0.12827424113418437
5.372123437638546 -0.12256221540669134
5.434955290710342 -0.11636499082863096
5.497787143782137 -0.10970677943272285
5.560618996853934 -0.10261365481857321
5.62345084992573 -0.09511345633062715
5.686282702997525 -0.08723568483531373
5.749114556069321 -0.07901139030334689
5.811946409141116 -0.07047305148840748
5.874778262212914 -0.061654448083309624
5.937610115284709 -0.05259052582692919
6.000441968356505 -0.04331725512707129
6.0632738214283 -0.0338714838535198
6.126105674500097 -0.024290785039087957
6.188937527571893 -0.014613300302126965
6.2517693806436885 -0.004877579869318977