0.031415926535897934 0.0031589198919395206
0.0942477796076938 0.009466676299552558
0.15707963267948966 0.015744194288850398
0.21991148575128552 0.021971354077397434
0.2827433388230814 0.028128095078843243
0.34557519189487723 0.0341944404942965
0.4084070449666731 0.04015052283969137
0.47123889803846897 0.04597661070825633
0.5340707511102649 0.051653137088753416
0.5969026041820606 0.05716072958409794
0.6597344572538566 0.06248024289983097
0.7225663103256523 0.06759279399604702
0.7853981633974483 0.07247980031786355
0.8482300164692442 0.07712302153625956
0.91106186954104 0.08150460524080326
0.9738937226128359 0.08560713702602396
1.0367255756846319 0.08941369540139091
1.0995574287564276 0.0929079119284859
1.1623892818282235 0.09607403694542559
1.2252211349000193 0.09889701117546634
1.2880529879718152 0.10136254343179285
1.350884841043611 0.1034571945218865
1.413716694115407 0.10516846732120312
1.4765485471872026 0.10648490282647656
1.5393804002589986 0.10739618181387266
1.6022122533307945 0.10789323151763242
1.6650441064025903 0.10796833651302754
1.7278759594743862 0.1076152527371304
1.7907078125461822 0.10682932331719429
1.853539665617978 0.10560759460612934
1.9163715186897736 0.10394893055593844
1.9792033717615696 0.10185412330294372
2.0420352248333655 0.0993259976043705
2.104867077905162 0.09636950656667037
2.1676989309769574 0.0929918159547552
2.230530784048753 0.08920237428109337
2.2933626371205493 0.08501296585681209
2.356194490192345 0.08043774405459898
2.4190263432641403 0.0754932421941844
2.4818581963359367 0.07019835972133287
2.5446900494077322 0.06457432171257799
2.607521902479528 0.058644610197915364
2.670353755551324 0.05243486634483238
2.7331856086231197 0.045972763176775525
2.796017461694916 0.03928784918970435
2.8588493147667116 0.032411363959435835
2.9216811678385075 0.025376027573974856
2.9845130209103035 0.018215806450276775
3.047344873982099 0.010965658774104617
3.1101767270538954 0.0036612634055565364
3.173008580125691 -0.0036612634055565364
3.2358404331974873 -0.010965658774104617
3.2986722862692828 -0.018215806450276775
3.3615041393410787 -0.025376027573974856
3.4243359924128747 -0.032411363959435835
3.48716784548467 -0.03928784918970435
3.549999698556466 -0.04597276317677538
3.612831551628262 -0.05243486634483238
3.675663404700058 -0.058644610197915364
3.7384952577718535 -0.06457432171257792
3.8013271108436495 -0.07019835972133287
3.8641589639154454 -0.0754932421941844
3.9269908169872414 -0.08043774405459898
3.989822670059038 -0.08501296585681216
4.052654523130833 -0.08920237428109337
4.115486376202629 -0.0929918159547552
4.178318229274425 -0.09636950656667044
4.241150082346222 -0.09932599760437047
4.303981935418017 -0.10185412330294372
4.366813788489813 -0.10394893055593844
4.429645641561608 -0.1056075946061293
4.4924774946334045 -0.10682932331719429
4.5553093477052 -0.1076152527371304
4.618141200776996 -0.1079683365130275
4.680973053848792 -0.10789323151763242
4.743804906920587 -0.10739618181387274
4.806636759992383 -0.10648490282647666
4.869468613064179 -0.10516846732120312
4.932300466135976 -0.10345719452188647
4.995132319207771 -0.10136254343179285
5.057964172279567 -0.09889701117546629
5.120796025351362 -0.0960740369454257
5.183627878423159 -0.0929079119284859
5.246459731494955 -0.08941369540139094
5.3092915845667505 -0.08560713702602396
5.372123437638546 -0.08150460524080326
5.434955290710342 -0.07712302153625959
5.497787143782137 -0.07247980031786362
5.560618996853934 -0.06759279399604701
5.62345084992573 -0.06248024289983097
5.686282702997525 -0.05716072958409794
5.749114556069321 -0.05165313708875343
5.811946409141116 -0.04597661070825633
5.874778262212914 -0.04015052283969136
5.937610115284709 -0.0341944404942965
6.000441968356505 -0.028128095078843243
6.0632738214283 -0.021971354077397524
6.126105674500097 -0.015744194288850398
6.188937527571893 -0.009466676299552387
6.2517693806436885 -0.0031589198919395206