0.031415926535897934 0.007468235803922773
0.0942477796076938 0.02237676814457208
0.15707963267948966 0.03720158602308162
0.21991148575128552 0.051887223400072846
0.2827433388230814 0.06637872664810698
0.34557519189487723 0.0806218536360212
0.4084070449666731 0.0945632671663851
0.47123889803846897 0.10815072147610609
0.5340707511102649 0.12133324073536796
0.5969026041820606 0.1340612887367961
0.6597344572538566 0.14628692924516512
0.7225663103256523 0.15796397676740823
0.7853981633974483 0.16904813779209465
0.8482300164692442 0.17949714282581838
0.91106186954104 0.18927086981041008
0.9738937226128359 0.19833145972951657
1.0367255756846319 0.2066434253969282
1.0995574287564276 0.21417375455433232
1.1623892818282235 0.22089200848667848
1.2252211349000193 0.22677041738440115
1.2880529879718152 0.2317839736404539
1.350884841043611 0.23591052416536148
1.413716694115407 0.23913086263603947
1.4765485471872026 0.24142882236663338
1.5393804002589986 0.2427913702066262
1.6022122533307945 0.24320870153940308
1.6650441064025903 0.2426743360816585
1.7278759594743862 0.24118521378060415
1.7907078125461822 0.23874178968372584
1.853539665617978 0.2353481262282697
1.9163715186897736 0.2310119809794993
1.9792033717615696 0.22574488745392346
2.0420352248333655 0.21956222631273714
2.104867077905162 0.21248328391842222
2.1676989309769574 0.20453129503026168
2.230530784048753 0.19573346628781607
2.2933626371205493 0.18612097710876924
2.356194490192345 0.1757289547199637
2.4190263432641403 0.1645964202554675
2.4818581963359367 0.1527662031965454
2.5446900494077322 0.1402848218939969
2.607521902479528 0.12720232849672125
2.670353755551324 0.11357211729925537
2.7331856086231197 0.099450696297555
2.796017461694916 0.08489742258342284
2.8588493147667116 0.06997420308625746
2.9216811678385075 0.054745163055249256
2.9845130209103035 0.03927628553280601
3.047344873982099 0.023635025867235503
3.1101767270538954 0.007889906017212114
3.173008580125691 -0.007889906017212114
3.2358404331974873 -0.023635025867235503
3.2986722862692828 -0.03927628553280601
3.3615041393410787 -0.054745163055249256
3.4243359924128747 -0.06997420308625746
3.48716784548467 -0.08489742258342284
3.549999698556466 -0.09945069629755485
3.612831551628262 -0.11357211729925537
3.675663404700058 -0.12720232849672125
3.7384952577718535 -0.14028482189399677
3.8013271108436495 -0.1527662031965454
3.8641589639154454 -0.16459642025546745
3.9269908169872414 -0.1757289547199637
3.989822670059038 -0.1861209771087693
4.052654523130833 -0.19573346628781607
4.115486376202629 -0.20453129503026168
4.178318229274425 -0.2124832839184223
4.241150082346222 -0.2195622263127373
4.303981935418017 -0.22574488745392346
4.366813788489813 -0.2310119809794993
4.429645641561608 -0.2353481262282697
4.4924774946334045 -0.23874178968372572
4.5553093477052 -0.24118521378060415
4.618141200776996 -0.24267433608165845
4.680973053848792 -0.243208701539403
4.743804906920587 -0.24279137020662614
4.806636759992383 -0.24142882236663338
4.869468613064179 -0.23913086263603947
4.932300466135976 -0.23591052416536137
4.995132319207771 -0.2317839736404539
5.057964172279567 -0.22677041738440115
5.120796025351362 -0.22089200848667864
5.183627878423159 -0.21417375455433232
5.246459731494955 -0.20664342539692798
5.3092915845667505 -0.19833145972951657
5.372123437638546 -0.18927086981041008
5.434955290710342 -0.17949714282581844
5.497787143782137 -0.16904813779209488
5.560618996853934 -0.15796397676740828
5.62345084992573 -0.14628692924516512
5.686282702997525 -0.1340612887367961
5.749114556069321 -0.12133324073536801
5.811946409141116 -0.10815072147610624
5.874778262212914 -0.09456326716638502
5.937610115284709 -0.0806218536360212
6.000441968356505 -0.06637872664810698
6.0632738214283 -0.051887223400072846
6.126105674500097 -0.03720158602308162
6.188937527571893 -0.02237676814457208
6.2517693806436885 -0.007468235803922773