0.031415926535897934 0.009385299452883621
0.0942477796076938 0.02811481980211978
0.15707963267948966 0.04672133893937996
0.21991148575128552 0.06512363517558539
0.2827433388230814 0.08324164712461694
0.34557519189487723 0.10099692124252474
0.4084070449666731 0.11831304317335108
0.47123889803846897 0.13511604881654493
0.5340707511102649 0.15133481141426877
0.5969026041820606 0.16690140140113985
0.6597344572538566 0.18175141625122385
0.7225663103256523 0.19582427808348155
0.7853981633974483 0.20906349733302543
0.8482300164692442 0.22141690134721295
0.91106186954104 0.23283682730911004
0.9738937226128359 0.24328027941358632
1.0367255756846319 0.25270905071202804
1.0995574287564276 0.2610898104908574
1.1623892818282235 0.26839415844913966
1.2252211349000193 0.2745986472858971
1.2880529879718152 0.2796847755947881
1.350884841043611 0.2836389531909008
1.413716694115407 0.28645244116175467
1.4765485471872026 0.288121269044044
1.5393804002589986 0.2886461315824126
1.6022122533307945 0.28803226753101635
1.6650441064025903 0.28628932291804465
1.7278759594743862 0.283431201113608
1.7907078125461822 0.27947590192866006
1.853539665617978 0.27444535183323215
1.9163715186897736 0.26836522722244033
1.9792033717615696 0.2612647724844413
2.0420352248333655 0.2531766144412821
2.104867077905162 0.24413657454644963
2.1676989309769574 0.2341834800362577
2.230530784048753 0.22335897504979793
2.2933626371205493 0.2117073325571215
2.356194490192345 0.19927526777005167
2.4190263432641403 0.18611175355637738
2.4818581963359367 0.17226783823737782
2.5446900494077322 0.15779646602138306
2.607521902479528 0.1427523002126276
2.670353755551324 0.12719154923486412
2.7331856086231197 0.11117179542258873
2.796017461694916 0.09475182645860138
2.8588493147667116 0.07799146927407166
2.9216811678385075 0.06095142617533115
2.9845130209103035 0.04369311291923903
3.047344873982099 0.026278498425120863
3.1101767270538954 0.008769945785070241
3.173008580125691 -0.008769945785070241
3.2358404331974873 -0.026278498425120863
3.2986722862692828 -0.04369311291923903
3.3615041393410787 -0.06095142617533115
3.4243359924128747 -0.07799146927407166
3.48716784548467 -0.09475182645860138
3.549999698556466 -0.11117179542258866
3.612831551628262 -0.12719154923486412
3.675663404700058 -0.1427523002126276
3.7384952577718535 -0.15779646602138306
3.8013271108436495 -0.17226783823737782
3.8641589639154454 -0.1861117535563775
3.9269908169872414 -0.19927526777005167
3.989822670059038 -0.21170733255712168
4.052654523130833 -0.22335897504979793
4.115486376202629 -0.2341834800362577
4.178318229274425 -0.24413657454644982
4.241150082346222 -0.2531766144412822
4.303981935418017 -0.2612647724844413
4.366813788489813 -0.26836522722244033
4.429645641561608 -0.27444535183323215
4.4924774946334045 -0.2794759019286601
4.5553093477052 -0.283431201113608
4.618141200776996 -0.2862893229180447
4.680973053848792 -0.28803226753101635
4.743804906920587 -0.28864613158241276
4.806636759992383 -0.28812126904404417
4.869468613064179 -0.28645244116175467
4.932300466135976 -0.28363895319090066
4.995132319207771 -0.2796847755947881
5.057964172279567 -0.27459864728589706
5.120796025351362 -0.26839415844913983
5.183627878423159 -0.2610898104908574
5.246459731494955 -0.2527090507120279
5.3092915845667505 -0.24328027941358632
5.372123437638546 -0.23283682730911004
5.434955290710342 -0.22141690134721315
5.497787143782137 -0.2090634973330256
5.560618996853934 -0.19582427808348138
5.62345084992573 -0.18175141625122385
5.686282702997525 -0.16690140140113985
5.749114556069321 -0.15133481141426885
5.811946409141116 -0.13511604881654513
5.874778262212914 -0.11831304317335097
5.937610115284709 -0.10099692124252474
6.000441968356505 -0.08324164712461694
6.0632738214283 -0.06512363517558535
6.126105674500097 -0.04672133893937996
6.188937527571893 -0.028114819802119717
6.2517693806436885 -0.009385299452883621