0.031415926535897934 0.005117579245333971
0.0942477796076938 0.015339224459028281
0.15707963267948966 0.025520318496233155
0.21991148575128552 0.035633789518046716
0.2827433388230814 0.04565250945713845
0.34557519189487723 0.05554927227927327
0.4084070449666731 0.06529677310462852
0.47123889803846897 0.07486758858596637
0.5340707511102649 0.08423415905194362
0.5969026041820606 0.09336877305699533
0.6597344572538566 0.10224355513249211
0.7225663103256523 0.11083045770478776
0.7853981633974483 0.11910125833129297
0.8482300164692442 0.12702756360195164
0.91106186954104 0.13458082125564896
0.9738937226128359 0.14173234226320552
1.0367255756846319 0.14845333482346862
1.0995574287564276 0.1547149523979
1.1623892818282235 0.16048835806159842
1.2252211349000193 0.16574480756277557
1.2880529879718152 0.17045575354437792
1.350884841043611 0.17459297337509785
1.413716694115407 0.17812872294514942
1.4765485471872026 0.18103591858643422
1.5393804002589986 0.1832883489580368
1.6022122533307945 0.18486091827771944
1.6650441064025903 0.18572992166116764
1.7278759594743862 0.18587335253933404
1.7907078125461822 0.1852712411516771
1.853539665617978 0.18390602195810987
1.9163715186897736 0.181762926483634
1.9792033717615696 0.1788303966278573
2.0420352248333655 0.17510051187235617
2.104867077905162 0.1705694221540754
2.1676989309769574 0.16523777651185786
2.230530784048753 0.1591111360419952
2.2933626371205493 0.15220035831862108
2.356194490192345 0.14452193935819213
2.4190263432641403 0.13609829855162403
2.4818581963359367 0.12695799186716988
2.5446900494077322 0.11713583914309206
2.607521902479528 0.1066729525186638
2.670353755551324 0.09561665503671841
2.7331856086231197 0.08402028118686092
2.796017461694916 0.07194285458835774
2.8588493147667116 0.059448642021294386
2.9216811678385075 0.04660658743387624
2.9845130209103035 0.033489634164247876
3.047344873982099 0.02017394816298511
3.1101767270538954 0.0067380592163275264
3.173008580125691 -0.0067380592163275264
3.2358404331974873 -0.02017394816298511
3.2986722862692828 -0.033489634164247876
3.3615041393410787 -0.04660658743387624
3.4243359924128747 -0.059448642021294386
3.48716784548467 -0.07194285458835774
3.549999698556466 -0.08402028118686092
3.612831551628262 -0.09561665503671841
3.675663404700058 -0.1066729525186638
3.7384952577718535 -0.11713583914309189
3.8013271108436495 -0.12695799186716988
3.8641589639154454 -0.13609829855162403
3.9269908169872414 -0.14452193935819213
3.989822670059038 -0.15220035831862114
4.052654523130833 -0.1591111360419952
4.115486376202629 -0.16523777651185786
4.178318229274425 -0.1705694221540754
4.241150082346222 -0.17510051187235628
4.303981935418017 -0.1788303966278573
4.366813788489813 -0.181762926483634
4.429645641561608 -0.18390602195810982
4.4924774946334045 -0.18527124115167695
4.5553093477052 -0.18587335253933404
4.618141200776996 -0.18572992166116775
4.680973053848792 -0.18486091827771936
4.743804906920587 -0.1832883489580368
4.806636759992383 -0.18103591858643422
4.869468613064179 -0.17812872294514942
4.932300466135976 -0.1745929733750978
4.995132319207771 -0.17045575354437792
5.057964172279567 -0.16574480756277557
5.120796025351362 -0.1604883580615985
5.183627878423159 -0.1547149523979
5.246459731494955 -0.14845333482346845
5.3092915845667505 -0.14173234226320552
5.372123437638546 -0.13458082125564896
5.434955290710342 -0.12702756360195164
5.497787143782137 -0.11910125833129308
5.560618996853934 -0.11083045770478776
5.62345084992573 -0.10224355513249211
5.686282702997525 -0.09336877305699533
5.749114556069321 -0.08423415905194362
5.811946409141116 -0.07486758858596637
5.874778262212914 -0.06529677310462836
5.937610115284709 -0.05554927227927327
6.000441968356505 -0.04565250945713845
6.0632738214283 -0.03563378951804679
6.126105674500097 -0.025520318496233155
6.188937527571893 -0.015339224459028281
6.2517693806436885 -0.005117579245333971