0.031415926535897934 0.009442200236336578
0.0942477796076938 0.028281448965425764
0.15707963267948966 0.046985552084953
0.21991148575128552 0.0654654410936542
0.2827433388230814 0.08363357815534724
0.34557519189487723 0.10140454417142086
0.4084070449666731 0.11869560310443734
0.47123889803846897 0.13542723639622495
0.5340707511102649 0.15152364178394376
0.5969026041820606 0.16691319136681199
0.6597344572538566 0.181528844406186
0.7225663103256523 0.19530851104242425
0.7853981633974483 0.20819536387155896
0.8482300164692442 0.22013809512978058
0.91106186954104 0.2310911180690973
0.9738937226128359 0.24101471195708518
1.0367255756846319 0.24987511098043116
1.0995574287564276 0.2576445381586405
1.1623892818282235 0.26430118616375164
1.2252211349000193 0.2698291476777626
1.2880529879718152 0.274218298586756
1.350884841043611 0.2774641378961688
1.413716694115407 0.27956758874448384
1.4765485471872026 0.28053476528461907
1.5393804002589986 0.2803767104882428
1.6022122533307945 0.2791091101059474
1.6650441064025903 0.27675198808656226
1.7278759594743862 0.27332938872559276
1.7907078125461822 0.2688690506822403
1.853539665617978 0.2634020777853044
1.9163715186897736 0.2569626112509335
1.9792033717615696 0.24958750757148418
2.0420352248333655 0.24131602591721993
2.104867077905162 0.23218952843421112
2.1676989309769574 0.2222511963353213
2.230530784048753 0.21154576417885096
2.2933626371205493 0.20011927422255887
2.356194490192345 0.1880188522395682
2.4190263432641403 0.17529250569586297
2.4818581963359367 0.16198894472405365
2.5446900494077322 0.14815742589060252
2.607521902479528 0.13384761834813688
2.670353755551324 0.11910949159380584
2.7331856086231197 0.10399322372053461
2.796017461694916 0.0885491287511968
2.8588493147667116 0.07282760138589328
2.9216811678385075 0.056879077268789734
2.9845130209103035 0.04075400669197033
3.047344873982099 0.024502839497821324
3.1101767270538954 0.00817601881687434
3.173008580125691 -0.00817601881687434
3.2358404331974873 -0.024502839497821324
3.2986722862692828 -0.04075400669197033
3.3615041393410787 -0.056879077268789734
3.4243359924128747 -0.07282760138589328
3.48716784548467 -0.0885491287511968
3.549999698556466 -0.10399322372053443
3.612831551628262 -0.11910949159380584
3.675663404700058 -0.13384761834813688
3.7384952577718535 -0.14815742589060243
3.8013271108436495 -0.16198894472405365
3.8641589639154454 -0.1752925056958627
3.9269908169872414 -0.1880188522395682
3.989822670059038 -0.2001192742225591
4.052654523130833 -0.21154576417885096
4.115486376202629 -0.2222511963353213
4.178318229274425 -0.23218952843421128
4.241150082346222 -0.24131602591722004
4.303981935418017 -0.24958750757148418
4.366813788489813 -0.2569626112509335
4.429645641561608 -0.2634020777853043
4.4924774946334045 -0.2688690506822405
4.5553093477052 -0.27332938872559276
4.618141200776996 -0.2767519880865622
4.680973053848792 -0.2791091101059474
4.743804906920587 -0.2803767104882428
4.806636759992383 -0.2805347652846191
4.869468613064179 -0.27956758874448384
4.932300466135976 -0.2774641378961689
4.995132319207771 -0.274218298586756
5.057964172279567 -0.2698291476777625
5.120796025351362 -0.2643011861637517
5.183627878423159 -0.2576445381586405
5.246459731494955 -0.24987511098043103
5.3092915845667505 -0.24101471195708518
5.372123437638546 -0.2310911180690973
5.434955290710342 -0.22013809512978064
5.497787143782137 -0.20819536387155899
5.560618996853934 -0.19530851104242408
5.62345084992573 -0.181528844406186
5.686282702997525 -0.16691319136681199
5.749114556069321 -0.15152364178394392
5.811946409141116 -0.135427236396225
5.874778262212914 -0.11869560310443722
5.937610115284709 -0.10140454417142086
6.000441968356505 -0.08363357815534724
6.0632738214283 -0.06546544109365435
6.126105674500097 -0.046985552084953
6.188937527571893 -0.02828144896542568
6.2517693806436885 -0.009442200236336578