0.031415926535897934 0.000761284056687201
0.0942477796076938 0.0022800459967946864
0.15707963267948966 0.003787419142716392
0.21991148575128552 0.0052759096185561434
0.2827433388230814 0.006738170027653114
0.34557519189487723 0.008167055078660631
0.4084070449666731 0.00955567433012972
0.47123889803846897 0.01089744134726302
0.5340707511102649 0.01218611864672992
0.5969026041820606 0.013415857900170415
0.6597344572538566 0.014581234971196998
0.7225663103256523 0.015677279471096917
0.7853981633974483 0.016699498631699426
0.8482300164692442 0.01764389540676383
0.91106186954104 0.01850698082266759
0.9738937226128359 0.019285780702352328
1.0367255756846319 0.019977836981014595
1.0995574287564276 0.020581203915937
1.1623892818282235 0.021094439564658642
1.2252211349000193 0.021516592964407947
1.2880529879718152 0.021847187490849105
1.350884841043611 0.022086200905707155
1.413716694115407 0.02223404262111525
1.4765485471872026 0.022291528714298424
1.5393804002589986 0.022259855220542288
1.6022122533307945 0.022140570216512716
1.6650441064025903 0.02193554518135673
1.7278759594743862 0.02164694609109654
1.7907078125461822 0.021277204664176704
1.853539665617978 0.02082899013413607
1.9163715186897736 0.020305181880674865
1.9792033717615696 0.019708843204178404
2.0420352248333655 0.019043196482233245
2.104867077905162 0.01831159990082211
2.1676989309769574 0.017517525908570915
2.230530784048753 0.016664541500329276
2.2933626371205493 0.01575629039699753
2.356194490192345 0.014796477152248279
2.4190263432641403 0.013788853183838204
2.4818581963359367 0.012737204697674004
2.5446900494077322 0.011645342446677096
2.607521902479528 0.01051709324368586
2.670353755551324 0.009356293127988101
2.7331856086231197 0.008166782068363439
2.796017461694916 0.006952400071503801
2.8588493147667116 0.0057169845530825715
2.9216811678385075 0.0044643688193044435
2.9845130209103035 0.0031983814992064237
3.047344873982099 0.001922846762059052
3.1101767270538954 0.0006415851496965276
3.173008580125691 -0.0006415851496965276
3.2358404331974873 -0.001922846762059052
3.2986722862692828 -0.0031983814992064237
3.3615041393410787 -0.0044643688193044435
3.4243359924128747 -0.0057169845530825715
3.48716784548467 -0.006952400071503801
3.549999698556466 -0.008166782068363439
3.612831551628262 -0.009356293127988101
3.675663404700058 -0.01051709324368586
3.7384952577718535 -0.011645342446677096
3.8013271108436495 -0.012737204697674004
3.8641589639154454 -0.013788853183838204
3.9269908169872414 -0.014796477152248279
3.989822670059038 -0.01575629039699753
4.052654523130833 -0.016664541500329276
4.115486376202629 -0.017517525908570915
4.178318229274425 -0.01831159990082211
4.241150082346222 -0.019043196482233245
4.303981935418017 -0.019708843204178508
4.366813788489813 -0.020305181880674865
4.429645641561608 -0.02082899013413607
4.4924774946334045 -0.021277204664176704
4.5553093477052 -0.02164694609109654
4.618141200776996 -0.02193554518135673
4.680973053848792 -0.022140570216512716
4.743804906920587 -0.0222598552205424
4.806636759992383 -0.022291528714298535
4.869468613064179 -0.02223404262111525
4.932300466135976 -0.022086200905707155
4.995132319207771 -0.021847187490849105
5.057964172279567 -0.021516592964407947
5.120796025351362 -0.021094439564658642
5.183627878423159 -0.020581203915937
5.246459731494955 -0.019977836981014706
5.3092915845667505 -0.019285780702352328
5.372123437638546 -0.01850698082266759
5.434955290710342 -0.01764389540676383
5.497787143782137 -0.016699498631699426
5.560618996853934 -0.015677279471097025
5.62345084992573 -0.014581234971196998
5.686282702997525 -0.013415857900170415
5.749114556069321 -0.01218611864672992
5.811946409141116 -0.010897441347263125
5.874778262212914 -0.00955567433012972
5.937610115284709 -0.008167055078660631
6.000441968356505 -0.006738170027653114
6.0632738214283 -0.0052759096185561434
6.126105674500097 -0.003787419142716392
6.188937527571893 -0.0022800459967946864
6.2517693806436885 -0.000761284056687201