0.031415926535897934 0.005585065424050198
0.0942477796076938 0.016727333031524752
0.15707963267948966 0.02778622667292713
0.21991148575128552 0.038706879818482705
0.2827433388230814 0.04943548942926611
0.34557519189487723 0.05991972024410044
0.4084070449666731 0.07010908853591552
0.47123889803846897 0.07995532027759461
0.5340707511102649 0.08941267922583483
0.5969026041820606 0.09843826108836391
0.6597344572538566 0.1069922506648116
0.7225663103256523 0.11503813962284908
0.7853981633974483 0.12254290336650019
0.8482300164692442 0.12947713625057647
0.91106186954104 0.13581514517278087
0.9738937226128359 0.14153500231367555
1.0367255756846319 0.14661855847727423
1.0995574287564276 0.15105141909712774
1.1623892818282235 0.15482288550321344
1.2252211349000193 0.15792586448575466
1.2880529879718152 0.16035674953867826
1.350884841043611 0.16211527741631615
1.413716694115407 0.16320436379368725
1.4765485471872026 0.16362992188741615
1.5393804002589986 0.1634006678773923
1.6022122533307945 0.16252791687680107
1.6650441064025903 0.16102537303957734
1.7278759594743862 0.15890891717991962
1.7907078125461822 0.15619639501892016
1.853539665617978 0.15290740887926368
1.9163715186897736 0.14906311533061417
1.9792033717615696 0.1446860309554151
2.0420352248333655 0.13979984806612805
2.104867077905162 0.13442926186817997
2.1676989309769574 0.12859981023469685
2.230530784048753 0.12233772694488787
2.2933626371205493 0.11566980894196319
2.356194490192345 0.108623297891868
2.4190263432641403 0.10122577607293881
2.4818581963359367 0.09350507640000388
2.5446900494077322 0.08548920618473768
2.607521902479528 0.07720628405685936
2.670353755551324 0.06868448931710118
2.7331856086231197 0.059952022861356584
2.796017461694916 0.05103707870438888
2.8588493147667116 0.04196782503906227
2.9216811678385075 0.03277239369128743
2.9845130209103035 0.023478876769841308
3.047344873982099 0.01411532926206299
3.1101767270538954 0.004709776289507913
3.173008580125691 -0.004709776289507913
3.2358404331974873 -0.01411532926206299
3.2986722862692828 -0.023478876769841308
3.3615041393410787 -0.03277239369128743
3.4243359924128747 -0.04196782503906227
3.48716784548467 -0.05103707870438888
3.549999698556466 -0.05995202286135648
3.612831551628262 -0.06868448931710118
3.675663404700058 -0.07720628405685936
3.7384952577718535 -0.08548920618473768
3.8013271108436495 -0.09350507640000388
3.8641589639154454 -0.10122577607293864
3.9269908169872414 -0.108623297891868
3.989822670059038 -0.11566980894196328
4.052654523130833 -0.12233772694488787
4.115486376202629 -0.12859981023469685
4.178318229274425 -0.13442926186817994
4.241150082346222 -0.1397998480661283
4.303981935418017 -0.1446860309554151
4.366813788489813 -0.14906311533061417
4.429645641561608 -0.15290740887926368
4.4924774946334045 -0.1561963950189202
4.5553093477052 -0.15890891717991962
4.618141200776996 -0.16102537303957742
4.680973053848792 -0.16252791687680102
4.743804906920587 -0.16340066787739224
4.806636759992383 -0.16362992188741615
4.869468613064179 -0.16320436379368725
4.932300466135976 -0.16211527741631618
4.995132319207771 -0.16035674953867826
5.057964172279567 -0.15792586448575466
5.120796025351362 -0.1548228855032135
5.183627878423159 -0.15105141909712774
5.246459731494955 -0.14661855847727404
5.3092915845667505 -0.14153500231367555
5.372123437638546 -0.13581514517278087
5.434955290710342 -0.12947713625057655
5.497787143782137 -0.12254290336650019
5.560618996853934 -0.11503813962284905
5.62345084992573 -0.1069922506648116
5.686282702997525 -0.09843826108836391
5.749114556069321 -0.08941267922583493
5.811946409141116 -0.07995532027759471
5.874778262212914 -0.07010908853591544
5.937610115284709 -0.05991972024410044
6.000441968356505 -0.04943548942926611
6.0632738214283 -0.03870687981848277
6.126105674500097 -0.02778622667292713
6.188937527571893 -0.01672733303152462
6.2517693806436885 -0.005585065424050198