0.031415926535897934 0.00548621087549944
0.0942477796076938 0.01644325690354671
0.15707963267948966 0.02735417705756647
0.21991148575128552 0.03818822503910872
0.2827433388230814 0.04891466088038933
0.34557519189487723 0.059502753341830535
0.4084070449666731 0.06992178230610083
0.47123889803846897 0.08014104135263565
0.5340707511102649 0.09012984083102274
0.5969026041820606 0.0998575119109976
0.6597344572538566 0.10929341226815582
0.7225663103256523 0.11840693426416127
0.7853981633974483 0.1271675166938988
0.8482300164692442 0.13554466139454577
0.91106186954104 0.14350795623691548
0.9738937226128359 0.15102710624065946
1.0367255756846319 0.15807197476385879
1.0995574287564276 0.1646126369048316
1.1623892818282235 0.17061944740887797
1.2252211349000193 0.1760631254829905
1.2880529879718152 0.18091485897370965
1.350884841043611 0.18514643034226252
1.413716694115407 0.1887303667608745
1.4765485471872026 0.19164011643783743
1.5393804002589986 0.19385025293969763
1.6022122533307945 0.19533670880072662
1.6650441064025903 0.19607703907858856
1.7278759594743862 0.19605071472027413
1.7907078125461822 0.19523944463862913
1.853539665617978 0.19362752426920501
1.9163715186897736 0.19120220709113575
1.9792033717615696 0.18795409417736522
2.0420352248333655 0.18387753532529805
2.104867077905162 0.1789710337601841
2.1676989309769574 0.17323764486697887
2.230530784048753 0.16668535797352346
2.2933626371205493 0.15932744897271678
2.356194490192345 0.151182790636737
2.4190263432641403 0.1422761069481102
2.4818581963359367 0.13263815775187146
2.5446900494077322 0.12230584060802271
2.607521902479528 0.11132219795853535
2.670353755551324 0.09973631964971114
2.7331856086231197 0.08760313345849051
2.796017461694916 0.0749830795019402
2.8588493147667116 0.06194166815352294
2.9216811678385075 0.04854892518971067
2.9845130209103035 0.03487873214580548
3.047344873982099 0.021008074040040334
3.1101767270538954 0.007016210485800375
3.173008580125691 -0.007016210485800375
3.2358404331974873 -0.021008074040040334
3.2986722862692828 -0.03487873214580548
3.3615041393410787 -0.04854892518971067
3.4243359924128747 -0.06194166815352294
3.48716784548467 -0.0749830795019402
3.549999698556466 -0.08760313345849051
3.612831551628262 -0.09973631964971114
3.675663404700058 -0.11132219795853535
3.7384952577718535 -0.12230584060802265
3.8013271108436495 -0.13263815775187146
3.8641589639154454 -0.14227610694811002
3.9269908169872414 -0.151182790636737
3.989822670059038 -0.15932744897271683
4.052654523130833 -0.16668535797352346
4.115486376202629 -0.17323764486697887
4.178318229274425 -0.17897103376018417
4.241150082346222 -0.1838775353252981
4.303981935418017 -0.1879540941773653
4.366813788489813 -0.19120220709113575
4.429645641561608 -0.1936275242692051
4.4924774946334045 -0.19523944463862902
4.5553093477052 -0.19605071472027413
4.618141200776996 -0.19607703907858864
4.680973053848792 -0.19533670880072662
4.743804906920587 -0.19385025293969763
4.806636759992383 -0.19164011643783752
4.869468613064179 -0.1887303667608745
4.932300466135976 -0.18514643034226255
4.995132319207771 -0.18091485897370976
5.057964172279567 -0.1760631254829905
5.120796025351362 -0.17061944740887794
5.183627878423159 -0.1646126369048316
5.246459731494955 -0.1580719747638586
5.3092915845667505 -0.15102710624065946
5.372123437638546 -0.14350795623691548
5.434955290710342 -0.13554466139454577
5.497787143782137 -0.12716751669389895
5.560618996853934 -0.11840693426416121
5.62345084992573 -0.10929341226815582
5.686282702997525 -0.0998575119109976
5.749114556069321 -0.09012984083102282
5.811946409141116 -0.08014104135263586
5.874778262212914 -0.06992178230610069
5.937610115284709 -0.059502753341830535
6.000441968356505 -0.04891466088038933
6.0632738214283 -0.03818822503910878
6.126105674500097 -0.02735417705756647
6.188937527571893 -0.016443256903546654
6.2517693806436885 -0.00548621087549944