0.031415926535897934 0.006257269555193884
0.0942477796076938 0.01875157744764827
0.15707963267948966 0.031185224834077995
0.21991148575128552 0.043517881818027335
0.2827433388230814 0.05570938399701401
0.34557519189487723 0.06771979837372892
0.4084070449666731 0.07950948909201538
0.47123889803846897 0.09103918310223345
0.5340707511102649 0.10227003596941173
0.5969026041820606 0.1131636981627165
0.6597344572538566 0.12368238230169364
0.7225663103256523 0.13378893197828695
0.7853981633974483 0.14344689291801968
0.8482300164692442 0.15262058738266993
0.91106186954104 0.1612751928435161
0.9738937226128359 0.1693768260617264
1.0367255756846319 0.176892633793341
1.0995574287564276 0.18379089138310248
1.1623892818282235 0.19004111051662073
1.2252211349000193 0.19561415735670162
1.2880529879718152 0.20048238219018732
1.350884841043611 0.20461976154999295
1.413716694115407 0.20800205354782889
1.4765485471872026 0.21060696685225846
1.5393804002589986 0.21241434337191956
1.6022122533307945 0.21340635425479343
1.6650441064025903 0.2135677082939277
1.7278759594743862 0.2128858712438615
1.7907078125461822 0.2113512939097625
1.853539665617978 0.20895764618678575
1.9163715186897736 0.20570205351869883
1.9792033717615696 0.2015853315353236
2.0420352248333655 0.19661221394522974
2.104867077905162 0.1907915681347829
2.1676989309769574 0.1841365923916723
2.230530784048753 0.17666498826686783
2.2933626371205493 0.16839910135022065
2.356194490192345 0.15936602369636127
2.4190263432641403 0.14959765132958353
2.4818581963359367 0.13913069070257025
2.5446900494077322 0.1280066086981397
2.607521902479528 0.1162715217478225
2.670353755551324 0.10397602088437836
2.7331856086231197 0.09117493102066465
2.796017461694916 0.07792700441263808
2.8588493147667116 0.06429455006332649
2.9216811678385075 0.05034300268854047
2.9845130209103035 0.03614043671589422
3.047344873982099 0.021757032543338155
3.1101767270538954 0.0072645038588225064
3.173008580125691 -0.0072645038588225064
3.2358404331974873 -0.021757032543338155
3.2986722862692828 -0.03614043671589422
3.3615041393410787 -0.05034300268854047
3.4243359924128747 -0.06429455006332649
3.48716784548467 -0.07792700441263808
3.549999698556466 -0.09117493102066465
3.612831551628262 -0.10397602088437836
3.675663404700058 -0.1162715217478225
3.7384952577718535 -0.12800660869813973
3.8013271108436495 -0.13913069070257025
3.8641589639154454 -0.1495976513295834
3.9269908169872414 -0.15936602369636127
3.989822670059038 -0.16839910135022068
4.052654523130833 -0.17666498826686783
4.115486376202629 -0.1841365923916723
4.178318229274425 -0.19079156813478299
4.241150082346222 -0.19661221394522987
4.303981935418017 -0.20158533153532368
4.366813788489813 -0.20570205351869883
4.429645641561608 -0.20895764618678575
4.4924774946334045 -0.21135129390976232
4.5553093477052 -0.2128858712438615
4.618141200776996 -0.2135677082939277
4.680973053848792 -0.2134063542547936
4.743804906920587 -0.21241434337191964
4.806636759992383 -0.21060696685225844
4.869468613064179 -0.20800205354782889
4.932300466135976 -0.20461976154999295
4.995132319207771 -0.20048238219018735
5.057964172279567 -0.19561415735670157
5.120796025351362 -0.19004111051662087
5.183627878423159 -0.18379089138310248
5.246459731494955 -0.17689263379334091
5.3092915845667505 -0.1693768260617264
5.372123437638546 -0.1612751928435161
5.434955290710342 -0.1526205873826698
5.497787143782137 -0.1434468929180199
5.560618996853934 -0.13378893197828687
5.62345084992573 -0.12368238230169364
5.686282702997525 -0.1131636981627165
5.749114556069321 -0.10227003596941185
5.811946409141116 -0.09103918310223354
5.874778262212914 -0.0795094890920152
5.937610115284709 -0.06771979837372892
6.000441968356505 -0.05570938399701401
6.0632738214283 -0.043517881818027335
6.126105674500097 -0.031185224834077995
6.188937527571893 -0.01875157744764827
6.2517693806436885 -0.006257269555193884