0.031415926535897934 0.00928086442548192
0.0942477796076938 0.027803753434470474
0.15707963267948966 0.04621032331498377
0.21991148575128552 0.0644236939686743
0.2827433388230814 0.08236797730994698
0.34557519189487723 0.09996866030032157
0.4084070449666731 0.1171529745924567
0.47123889803846897 0.13385024948589233
0.5340707511102649 0.14999224526607258
0.5969026041820606 0.16551346442203757
0.6597344572538566 0.180351438701746
0.7225663103256523 0.19444699045176572
0.7853981633974483 0.20774446718423495
0.8482300164692442 0.22019194880312246
0.91106186954104 0.23174142738942796
0.9738937226128359 0.24234895987809946
1.0367255756846319 0.25197479434704906
1.0995574287564276 0.26058347097187917
1.1623892818282235 0.2681438989724013
1.2252211349000193 0.2746294110847916
1.2880529879718152 0.28001779723486314
1.350884841043611 0.2842913191643144
1.413716694115407 0.28743670777598584
1.4765485471872026 0.2894451449210211
1.5393804002589986 0.29031223125686517
1.6022122533307945 0.2900379416679544
1.6650441064025903 0.2886265695693607
1.7278759594743862 0.286086661216718
1.7907078125461822 0.2824309409328339
1.853539665617978 0.27767622794184943
1.9163715186897736 0.27184334528452386
1.9792033717615696 0.26495702108163477
2.0420352248333655 0.25704578222407404
2.104867077905162 0.2481418404045876
2.1676989309769574 0.23828097027263845
2.230530784048753 0.22750237939475523
2.2933626371205493 0.21584856964077792
2.356194490192345 0.20336518959310837
2.4190263432641403 0.19010087759148656
2.4818581963359367 0.1761070950786609
2.5446900494077322 0.16143795000002742
2.607521902479528 0.14615001012908777
2.670353755551324 0.13030210633560174
2.7331856086231197 0.11395512597877709
2.796017461694916 0.09717179678736305
2.8588493147667116 0.08001646177510488
2.9216811678385075 0.06255484592652161
2.9845130209103035 0.044853815567262416
3.047344873982099 0.02698113149846263
3.1101767270538954 0.009005197119296456
3.173008580125691 -0.009005197119296456
3.2358404331974873 -0.02698113149846263
3.2986722862692828 -0.044853815567262416
3.3615041393410787 -0.06255484592652161
3.4243359924128747 -0.08001646177510488
3.48716784548467 -0.09717179678736305
3.549999698556466 -0.11395512597877695
3.612831551628262 -0.13030210633560174
3.675663404700058 -0.14615001012908777
3.7384952577718535 -0.1614379500000274
3.8013271108436495 -0.1761070950786609
3.8641589639154454 -0.19010087759148653
3.9269908169872414 -0.20336518959310837
3.989822670059038 -0.2158485696407781
4.052654523130833 -0.22750237939475523
4.115486376202629 -0.23828097027263845
4.178318229274425 -0.24814184040458756
4.241150082346222 -0.2570457822240743
4.303981935418017 -0.2649570210816349
4.366813788489813 -0.27184334528452386
4.429645641561608 -0.27767622794184943
4.4924774946334045 -0.2824309409328341
4.5553093477052 -0.286086661216718
4.618141200776996 -0.288626569569361
4.680973053848792 -0.29003794166795427
4.743804906920587 -0.2903122312568653
4.806636759992383 -0.2894451449210212
4.869468613064179 -0.28743670777598584
4.932300466135976 -0.2842913191643143
4.995132319207771 -0.28001779723486314
5.057964172279567 -0.2746294110847916
5.120796025351362 -0.2681438989724014
5.183627878423159 -0.26058347097187917
5.246459731494955 -0.251974794347049
5.3092915845667505 -0.24234895987809946
5.372123437638546 -0.23174142738942796
5.434955290710342 -0.22019194880312265
5.497787143782137 -0.20774446718423525
5.560618996853934 -0.19444699045176572
5.62345084992573 -0.180351438701746
5.686282702997525 -0.16551346442203757
5.749114556069321 -0.14999224526607272
5.811946409141116 -0.13385024948589258
5.874778262212914 -0.11715297459245655
5.937610115284709 -0.09996866030032157
6.000441968356505 -0.08236797730994698
6.0632738214283 -0.0644236939686744
6.126105674500097 -0.04621032331498377
6.188937527571893 -0.027803753434470384
6.2517693806436885 -0.00928086442548192