0.031415926535897934 0.009500061425024712
0.0942477796076938 0.028435545595305502
0.15707963267948966 0.047177914416407264
0.21991148575128552 0.06560107779834759
0.2827433388230814 0.08358287195066684
0.34557519189487723 0.1010065231726277
0.4084070449666731 0.11776200750136238
0.47123889803846897 0.1337472802056114
0.5340707511102649 0.14886935197652762
0.5969026041820606 0.16304519218768956
0.6597344572538566 0.17620244373538452
0.7225663103256523 0.18827993864843615
0.7853981633974483 0.1992280087511342
0.8482300164692442 0.2090085910072975
0.91106186954104 0.2175951325673584
0.9738937226128359 0.22497230576090962
1.0367255756846319 0.23113554809663006
1.0995574287564276 0.2360904465355501
1.1623892818282235 0.2398519887092554
1.2252211349000193 0.2424437062252435
1.2880529879718152 0.24389673665758888
1.350884841043611 0.2442488312443724
1.413716694115407 0.24354333474677203
1.4765485471872026 0.2418281624651576
1.5393804002589986 0.2391547971952876
1.6022122533307945 0.23557732611274687
1.6650441064025903 0.23115153438119215
1.7278759594743862 0.22593406887565684
1.7907078125461822 0.219981681970397
1.853539665617978 0.2133505620144246
1.9163715186897736 0.20609575403186522
1.9792033717615696 0.19827067143209667
2.0420352248333655 0.1899266971578343
2.104867077905162 0.18111287076950933
2.1676989309769574 0.17187565646662742
2.230530784048753 0.16225878596482335
2.2933626371205493 0.15230316944817787
2.356194490192345 0.14204686745577053
2.4190263432641403 0.1315251164886564
2.4818581963359367 0.12077040128509357
2.5446900494077322 0.10981256705526518
2.607521902479528 0.09867896544235434
2.670353755551324 0.08739462853976605
2.7331856086231197 0.07598246590527252
2.796017461694916 0.06446348013860492
2.8588493147667116 0.052856997202094115
2.9216811678385075 0.04118090824242974
2.9845130209103035 0.02945192019842651
3.047344873982099 0.01768581294193618
3.1101767270538954 0.005897701087333819
3.173008580125691 -0.005897701087333819
3.2358404331974873 -0.01768581294193618
3.2986722862692828 -0.02945192019842651
3.3615041393410787 -0.04118090824242974
3.4243359924128747 -0.052856997202094115
3.48716784548467 -0.06446348013860492
3.549999698556466 -0.07598246590527245
3.612831551628262 -0.08739462853976605
3.675663404700058 -0.09867896544235434
3.7384952577718535 -0.10981256705526518
3.8013271108436495 -0.12077040128509357
3.8641589639154454 -0.13152511648865634
3.9269908169872414 -0.14204686745577053
3.989822670059038 -0.1523031694481779
4.052654523130833 -0.16225878596482335
4.115486376202629 -0.17187565646662742
4.178318229274425 -0.1811128707695095
4.241150082346222 -0.1899266971578344
4.303981935418017 -0.19827067143209676
4.366813788489813 -0.20609575403186522
4.429645641561608 -0.21335056201442454
4.4924774946334045 -0.2199816819703972
4.5553093477052 -0.22593406887565684
4.618141200776996 -0.23115153438119218
4.680973053848792 -0.23557732611274687
4.743804906920587 -0.2391547971952876
4.806636759992383 -0.24182816246515765
4.869468613064179 -0.24354333474677203
4.932300466135976 -0.2442488312443726
4.995132319207771 -0.24389673665758882
5.057964172279567 -0.2424437062252435
5.120796025351362 -0.2398519887092554
5.183627878423159 -0.2360904465355501
5.246459731494955 -0.23113554809662992
5.3092915845667505 -0.22497230576090962
5.372123437638546 -0.2175951325673584
5.434955290710342 -0.20900859100729743
5.497787143782137 -0.19922800875113436
5.560618996853934 -0.18827993864843606
5.62345084992573 -0.17620244373538452
5.686282702997525 -0.16304519218768956
5.749114556069321 -0.14886935197652776
5.811946409141116 -0.1337472802056116
5.874778262212914 -0.1177620075013621
5.937610115284709 -0.1010065231726277
6.000441968356505 -0.08358287195066684
6.0632738214283 -0.06560107779834759
6.126105674500097 -0.047177914416407264
6.188937527571893 -0.028435545595305343
6.2517693806436885 -0.009500061425024712