0.031415926535897934 0.00898580952823044
0.0942477796076938 0.02688497967082503
0.15707963267948966 0.04456796486352257
0.21991148575128552 0.061894483383291655
0.2827433388230814 0.07872990823165792
0.34557519189487723 0.09494731758781799
0.4084070449666731 0.11042934268103306
0.47123889803846897 0.12506976754880264
0.5340707511102649 0.13877484385578467
0.5969026041820606 0.15146429395194833
0.6597344572538566 0.16307198624290328
0.7225663103256523 0.17354627825915894
0.7853981633974483 0.18285003402802188
0.8482300164692442 0.19096033294353307
0.91106186954104 0.19786789679416106
0.9738937226128359 0.20357626950900945
1.0367255756846319 0.20810079018702365
1.0995574287564276 0.21146740387434046
1.1623892818282235 0.21371135628870344
1.2252211349000193 0.21487581833405656
1.2880529879718152 0.21501048400692907
1.350884841043611 0.214170181473654
1.413716694115407 0.21241353206614963
1.4765485471872026 0.20980168610799887
1.5393804002589986 0.20639715824327837
1.6022122533307945 0.20226277866731351
1.6650441064025903 0.19746077066639978
1.7278759594743862 0.192051959409727
1.7907078125461822 0.18609511217509642
1.853539665617978 0.1796464062325501
1.9163715186897736 0.17275901749413106
1.9792033717615696 0.1654828207471797
2.0420352248333655 0.15786419076503796
2.104867077905162 0.14994589274649134
2.1676989309769574 0.14176705027077854
2.230530784048753 0.13336317915920426
2.2933626371205493 0.12476627619951533
2.356194490192345 0.11600495251500374
2.4190263432641403 0.10710460235779659
2.4818581963359367 0.0980875991993827
2.5446900494077322 0.08897351211940241
2.607521902479528 0.07977933660792629
2.670353755551324 0.07051973496100893
2.7331856086231197 0.06120728243908708
2.796017461694916 0.05185271625658432
2.8588493147667116 0.04246518526979143
2.9216811678385075 0.033052498924942504
2.9845130209103035 0.023621374619539018
3.047344873982099 0.014177683119875285
3.1101767270538954 0.004726692070335176
3.173008580125691 -0.004726692070335176
3.2358404331974873 -0.014177683119875285
3.2986722862692828 -0.023621374619539018
3.3615041393410787 -0.033052498924942504
3.4243359924128747 -0.04246518526979143
3.48716784548467 -0.05185271625658432
3.549999698556466 -0.06120728243908693
3.612831551628262 -0.07051973496100893
3.675663404700058 -0.07977933660792629
3.7384952577718535 -0.08897351211940226
3.8013271108436495 -0.0980875991993827
3.8641589639154454 -0.10710460235779648
3.9269908169872414 -0.11600495251500374
3.989822670059038 -0.1247662761995155
4.052654523130833 -0.13336317915920426
4.115486376202629 -0.14176705027077854
4.178318229274425 -0.14994589274649145
4.241150082346222 -0.15786419076503808
4.303981935418017 -0.16548282074717965
4.366813788489813 -0.17275901749413106
4.429645641561608 -0.17964640623255004
4.4924774946334045 -0.1860951121750965
4.5553093477052 -0.192051959409727
4.618141200776996 -0.1974607706663999
4.680973053848792 -0.20226277866731351
4.743804906920587 -0.20639715824327828
4.806636759992383 -0.20980168610799885
4.869468613064179 -0.21241353206614963
4.932300466135976 -0.21417018147365405
4.995132319207771 -0.2150104840069291
5.057964172279567 -0.21487581833405656
5.120796025351362 -0.21371135628870339
5.183627878423159 -0.21146740387434046
5.246459731494955 -0.20810079018702363
5.3092915845667505 -0.20357626950900945
5.372123437638546 -0.19786789679416106
5.434955290710342 -0.1909603329435332
5.497787143782137 -0.1828500340280221
5.560618996853934 -0.17354627825915891
5.62345084992573 -0.16307198624290328
5.686282702997525 -0.15146429395194833
5.749114556069321 -0.13877484385578473
5.811946409141116 -0.12506976754880283
5.874778262212914 -0.11042934268103295
5.937610115284709 -0.09494731758781799
6.000441968356505 -0.07872990823165792
6.0632738214283 -0.06189448338329183
6.126105674500097 -0.04456796486352257
6.188937527571893 -0.026884979670824854
6.2517693806436885 -0.00898580952823044