0.031415926535897934 0.0026700095801946207
0.0942477796076938 0.00800061183943181
0.15707963267948966 0.013302985482877758
0.21991148575128552 0.01855838512816074
0.2827433388230814 0.023748176177158527
0.34557519189487723 0.0288538796120809
0.4084070449666731 0.03385721726991647
0.47123889803846897 0.03874015772574829
0.5340707511102649 0.04348496291007209
0.5969026041820606 0.048074235577894996
0.6597344572538566 0.052490967737606975
0.7225663103256523 0.056718590134939954
0.7853981633974483 0.06074102287123443
0.8482300164692442 0.06454272721524207
0.91106186954104 0.06810875864329481
0.9738937226128359 0.07142482111345116
1.0367255756846319 0.07447732254480788
1.0995574287564276 0.07725343143328602
1.1623892818282235 0.07974113448974571
1.2252211349000193 0.08192929513527403
1.2880529879718152 0.08380771263217489
1.350884841043611 0.08536718156800313
1.413716694115407 0.08659955134464022
1.4765485471872026 0.0874977852558428
1.5393804002589986 0.08805601866616315
1.6022122533307945 0.08826961573313756
1.6650441064025903 0.08813522404494983
1.7278759594743862 0.08765082647943954
1.7907078125461822 0.08681578952958555
1.853539665617978 0.08563090728787227
1.9163715186897736 0.08409844023977778
1.9792033717615696 0.08222214798755818
2.0420352248333655 0.08000731501204036
2.104867077905162 0.07746076858461251
2.1676989309769574 0.07459088796605563
2.230530784048753 0.07140760407496306
2.2933626371205493 0.06792238887738561
2.356194490192345 0.06414823384154299
2.4190263432641403 0.060099616916781534
2.4818581963359367 0.055792457633451
2.5446900494077322 0.05124406007821805
2.607521902479528 0.04647304367487362
2.670353755551324 0.04149926189046964
2.7331856086231197 0.03634370918638073
2.796017461694916 0.03102841673879933
2.8588493147667116 0.025576337657840356
2.9216811678385075 0.020011222633183532
2.9845130209103035 0.014357487121251384
3.047344873982099 0.008640071358626433
3.1101767270538954 0.0028842946334815336
3.173008580125691 -0.0028842946334815336
3.2358404331974873 -0.008640071358626433
3.2986722862692828 -0.014357487121251384
3.3615041393410787 -0.020011222633183532
3.4243359924128747 -0.025576337657840356
3.48716784548467 -0.03102841673879933
3.549999698556466 -0.03634370918638073
3.612831551628262 -0.04149926189046964
3.675663404700058 -0.04647304367487362
3.7384952577718535 -0.05124406007821788
3.8013271108436495 -0.055792457633451
3.8641589639154454 -0.060099616916781534
3.9269908169872414 -0.06414823384154299
3.989822670059038 -0.06792238887738568
4.052654523130833 -0.07140760407496306
4.115486376202629 -0.07459088796605563
4.178318229274425 -0.07746076858461251
4.241150082346222 -0.08000731501204036
4.303981935418017 -0.08222214798755816
4.366813788489813 -0.08409844023977778
4.429645641561608 -0.08563090728787227
4.4924774946334045 -0.08681578952958552
4.5553093477052 -0.08765082647943954
4.618141200776996 -0.08813522404494992
4.680973053848792 -0.08826961573313756
4.743804906920587 -0.08805601866616315
4.806636759992383 -0.08749778525584266
4.869468613064179 -0.08659955134464022
4.932300466135976 -0.08536718156800305
4.995132319207771 -0.08380771263217489
5.057964172279567 -0.08192929513527411
5.120796025351362 -0.07974113448974571
5.183627878423159 -0.07725343143328602
5.246459731494955 -0.07447732254480795
5.3092915845667505 -0.07142482111345116
5.372123437638546 -0.06810875864329481
5.434955290710342 -0.06454272721524215
5.497787143782137 -0.060741022871234666
5.560618996853934 -0.056718590134939954
5.62345084992573 -0.052490967737606975
5.686282702997525 -0.048074235577894996
5.749114556069321 -0.04348496291007216
5.811946409141116 -0.03874015772574829
5.874778262212914 -0.03385721726991647
5.937610115284709 -0.0288538796120809
6.000441968356505 -0.023748176177158527
6.0632738214283 -0.01855838512816074
6.126105674500097 -0.013302985482877758
6.188937527571893 -0.00800061183943181
6.2517693806436885 -0.0026700095801946207