0.031415926535897934 0.004484436059750235
0.0942477796076938 0.013437095935830581
0.15707963267948966 0.022341166926149406
0.21991148575128552 0.031164415758910116
0.2827433388230814 0.039874847576851995
0.34557519189487723 0.04844080020021937
0.4084070449666731 0.05683103734233683
0.47123889803846897 0.0650148405550756
0.5340707511102649 0.07296209973431159
0.5969026041820606 0.0806434020751019
0.6597344572538566 0.08803011943005327
0.7225663103256523 0.09509449408922119
0.7853981633974483 0.10180972306269737
0.8482300164692442 0.10815004100455841
0.91106186954104 0.11409080196579609
0.9738937226128359 0.11960856020111778
1.0367255756846319 0.12468115027715197
1.0995574287564276 0.12928776673504316
1.1623892818282235 0.13340904354647184
1.2252211349000193 0.13702713356709567
1.2880529879718152 0.1401257881342167
1.350884841043611 0.1426904368756628
1.413716694115407 0.14470826769479525
1.4765485471872026 0.14616830677329026
1.5393804002589986 0.1470614982908908
1.6022122533307945 0.14738078340251576
1.6650441064025903 0.14712117784169618
1.7278759594743862 0.1462798473399136
1.7907078125461822 0.14485617986949426
1.853539665617978 0.14285185353949753
1.9163715186897736 0.1402708988063573
1.9792033717615696 0.13711975351123942
2.0420352248333655 0.13340730913169815
2.104867077905162 0.12914494654383327
2.1676989309769574 0.12434655953999389
2.230530784048753 0.11902856434272831
2.2933626371205493 0.11320989340370886
2.356194490192345 0.10691197188094195
2.4190263432641403 0.1001586753511474
2.4818581963359367 0.09297626753714076
2.5446900494077322 0.0853933171104562
2.607521902479528 0.07744059296291983
2.670353755551324 0.06915093772051942
2.7331856086231197 0.060559119689375045
2.796017461694916 0.05170166386533728
2.8588493147667116 0.042616663092323384
2.9216811678385075 0.0333435709051639
2.9845130209103035 0.023922978024997606
3.047344873982099 0.014396374873539619
3.1101767270538954 0.004805902822032628
3.173008580125691 -0.004805902822032628
3.2358404331974873 -0.014396374873539619
3.2986722862692828 -0.023922978024997606
3.3615041393410787 -0.0333435709051639
3.4243359924128747 -0.042616663092323384
3.48716784548467 -0.05170166386533728
3.549999698556466 -0.06055911968937496
3.612831551628262 -0.06915093772051942
3.675663404700058 -0.07744059296291983
3.7384952577718535 -0.08539331711045622
3.8013271108436495 -0.09297626753714076
3.8641589639154454 -0.10015867535114745
3.9269908169872414 -0.10691197188094195
3.989822670059038 -0.11320989340370888
4.052654523130833 -0.11902856434272831
4.115486376202629 -0.12434655953999389
4.178318229274425 -0.1291449465438333
4.241150082346222 -0.13340730913169824
4.303981935418017 -0.1371197535112395
4.366813788489813 -0.1402708988063573
4.429645641561608 -0.14285185353949748
4.4924774946334045 -0.14485617986949426
4.5553093477052 -0.1462798473399136
4.618141200776996 -0.14712117784169615
4.680973053848792 -0.14738078340251573
4.743804906920587 -0.14706149829089074
4.806636759992383 -0.1461683067732902
4.869468613064179 -0.14470826769479525
4.932300466135976 -0.14269043687566274
4.995132319207771 -0.1401257881342167
5.057964172279567 -0.13702713356709567
5.120796025351362 -0.13340904354647176
5.183627878423159 -0.12928776673504316
5.246459731494955 -0.12468115027715185
5.3092915845667505 -0.11960856020111778
5.372123437638546 -0.11409080196579609
5.434955290710342 -0.1081500410045584
5.497787143782137 -0.10180972306269744
5.560618996853934 -0.09509449408922112
5.62345084992573 -0.08803011943005327
5.686282702997525 -0.0806434020751019
5.749114556069321 -0.07296209973431163
5.811946409141116 -0.06501484055507577
5.874778262212914 -0.05683103734233683
5.937610115284709 -0.04844080020021937
6.000441968356505 -0.039874847576851995
6.0632738214283 -0.03116441575891004
6.126105674500097 -0.022341166926149406
6.188937527571893 -0.013437095935830576
6.2517693806436885 -0.004484436059750235