0.031415926535897934 0.008701906556621921
0.0942477796076938 0.02605085372924167
0.15707963267948966 0.04323580972706703
0.21991148575128552 0.06014945880491004
0.2827433388230814 0.07668746636948212
0.34557519189487723 0.0927495992742256
0.4084070449666731 0.10824077546613614
0.47123889803846897 0.12307202500049128
0.5340707511102649 0.1371613461347848
0.5969026041820606 0.15043444231194986
0.6597344572538566 0.1628253283332573
0.7225663103256523 0.17427679686999314
0.7853981633974483 0.18474073961231605
0.8482300164692442 0.19417832072042462
0.91106186954104 0.2025600037213072
0.9738937226128359 0.2098654364604252
1.0367255756846319 0.216083202038697
1.0995574287564276 0.2212104467079938
1.1623892818282235 0.2252523983398728
1.2252211349000193 0.22822179121849234
1.2880529879718152 0.2301382144626988
1.350884841043611 0.2310274023094399
1.413716694115407 0.23092048478090982
1.4765485471872026 0.22985321693512772
1.5393804002589986 0.2278652040184995
1.6022122533307945 0.22499913847883418
1.6650441064025903 0.22130006305562652
1.7278759594743862 0.21681467214859862
1.7907078125461822 0.21159066148532985
1.853539665617978 0.20567613386947237
1.9163715186897736 0.19911906658752634
1.9792033717615696 0.1919668439649442
2.0420352248333655 0.18426585665499423
2.104867077905162 0.17606116756202567
2.1676989309769574 0.16739624287260718
2.230530784048753 0.15831274550550348
2.2933626371205493 0.148850387392714
2.356194490192345 0.13904683635565265
2.4190263432641403 0.12893767292134029
2.4818581963359367 0.11855639220571251
2.5446900494077322 0.10793444594396141
2.607521902479528 0.09710131983906356
2.670353755551324 0.08608464159758397
2.7331856086231197 0.07491031529634368
2.796017461694916 0.0636026780470644
2.8588493147667116 0.05218467527411937
2.9216811678385075 0.04067805127179551
2.9845130209103035 0.029103552044114266
3.047344873982099 0.017481137737492353
3.1101767270538954 0.005830202242586541
3.173008580125691 -0.005830202242586541
3.2358404331974873 -0.017481137737492353
3.2986722862692828 -0.029103552044114266
3.3615041393410787 -0.04067805127179551
3.4243359924128747 -0.05218467527411937
3.48716784548467 -0.0636026780470644
3.549999698556466 -0.07491031529634357
3.612831551628262 -0.08608464159758397
3.675663404700058 -0.09710131983906356
3.7384952577718535 -0.10793444594396134
3.8013271108436495 -0.11855639220571251
3.8641589639154454 -0.12893767292134017
3.9269908169872414 -0.13904683635565265
3.989822670059038 -0.14885038739271414
4.052654523130833 -0.15831274550550348
4.115486376202629 -0.16739624287260718
4.178318229274425 -0.17606116756202586
4.241150082346222 -0.1842658566549944
4.303981935418017 -0.19196684396494434
4.366813788489813 -0.19911906658752634
4.429645641561608 -0.20567613386947226
4.4924774946334045 -0.21159066148532987
4.5553093477052 -0.21681467214859862
4.618141200776996 -0.22130006305562652
4.680973053848792 -0.2249991384788343
4.743804906920587 -0.2278652040184993
4.806636759992383 -0.22985321693512775
4.869468613064179 -0.23092048478090982
4.932300466135976 -0.23102740230944
4.995132319207771 -0.2301382144626988
5.057964172279567 -0.22822179121849234
5.120796025351362 -0.22525239833987296
5.183627878423159 -0.2212104467079938
5.246459731494955 -0.21608320203869696
5.3092915845667505 -0.2098654364604252
5.372123437638546 -0.2025600037213072
5.434955290710342 -0.19417832072042462
5.497787143782137 -0.18474073961231618
5.560618996853934 -0.17427679686999306
5.62345084992573 -0.1628253283332573
5.686282702997525 -0.15043444231194986
5.749114556069321 -0.13716134613478495
5.811946409141116 -0.12307202500049151
5.874778262212914 -0.108240775466136
5.937610115284709 -0.0927495992742256
6.000441968356505 -0.07668746636948212
6.0632738214283 -0.0601494588049101
6.126105674500097 -0.04323580972706703
6.188937527571893 -0.02605085372924161
6.2517693806436885 -0.008701906556621921