0.031415926535897934 0.0011591935158411402
0.0942477796076938 0.003473247019234035
0.15707963267948966 0.005774313574805325
0.21991148575128552 0.00805378066369696
0.2827433388230814 0.010303103899678857
0.34557519189487723 0.01251383420735658
0.4084070449666731 0.014677644923109022
0.47123889803846897 0.01678635879318865
0.5340707511102649 0.01883197484072684
0.5969026041820606 0.02080669507006456
0.6597344572538566 0.022702950972806942
0.7225663103256523 0.02451342979529818
0.7853981633974483 0.026231100521771425
0.8482300164692442 0.027849239521287393
0.91106186954104 0.029361455799697404
0.9738937226128359 0.03076171579031748
1.0367255756846319 0.03204436760880181
1.0995574287564276 0.033204164688939004
1.1623892818282235 0.03423628870687096
1.2252211349000193 0.03513637169166655
1.2880529879718152 0.035900517210446244
1.350884841043611 0.03652532050654845
1.413716694115407 0.0370078874597556
1.4765485471872026 0.037345852228647704
1.5393804002589986 0.03753739342697472
1.6022122533307945 0.03758124867885832
1.6650441064025903 0.03747672739196007
1.7278759594743862 0.03722372158381239
1.7907078125461822 0.03682271459463378
1.853539665617978 0.03627478752044122
1.9163715186897736 0.03558162320344192
1.9792033717615696 0.03474550762277718
2.0420352248333655 0.033769328537926024
2.104867077905162 0.03265657124961586
2.1676989309769574 0.03141131135901046
2.230530784048753 0.03003820442528799
2.2933626371205493 0.028542472444380927
2.356194490192345 0.02692988709749958
2.4190263432641403 0.025206749746803602
2.4818581963359367 0.02337986818690774
2.5446900494077322 0.021456530194332593
2.607521902479528 0.019444473952026243
2.670353755551324 0.017351855462076887
2.7331856086231197 0.015187213096035601
2.796017461694916 0.012959429468169002
2.8588493147667116 0.01067769085171013
2.9216811678385075 0.00835144439103168
2.9845130209103035 0.005990353392895825
3.047344873982099 0.00360425100684872
3.1101767270538954 0.0012030926277888595
3.173008580125691 -0.0012030926277888595
3.2358404331974873 -0.00360425100684872
3.2986722862692828 -0.005990353392895825
3.3615041393410787 -0.00835144439103168
3.4243359924128747 -0.01067769085171013
3.48716784548467 -0.012959429468169002
3.549999698556466 -0.015187213096035601
3.612831551628262 -0.017351855462076887
3.675663404700058 -0.019444473952026243
3.7384952577718535 -0.021456530194332597
3.8013271108436495 -0.02337986818690774
3.8641589639154454 -0.025206749746803533
3.9269908169872414 -0.02692988709749958
3.989822670059038 -0.028542472444380844
4.052654523130833 -0.03003820442528799
4.115486376202629 -0.03141131135901046
4.178318229274425 -0.03265657124961583
4.241150082346222 -0.033769328537926066
4.303981935418017 -0.034745507622777116
4.366813788489813 -0.03558162320344192
4.429645641561608 -0.03627478752044113
4.4924774946334045 -0.03682271459463377
4.5553093477052 -0.03722372158381239
4.618141200776996 -0.037476727391960146
4.680973053848792 -0.03758124867885832
4.743804906920587 -0.03753739342697465
4.806636759992383 -0.03734585222864773
4.869468613064179 -0.0370078874597556
4.932300466135976 -0.0365253205065485
4.995132319207771 -0.035900517210446244
5.057964172279567 -0.035136371691666564
5.120796025351362 -0.03423628870687099
5.183627878423159 -0.033204164688939004
5.246459731494955 -0.03204436760880183
5.3092915845667505 -0.03076171579031748
5.372123437638546 -0.029361455799697404
5.434955290710342 -0.02784923952128737
5.497787143782137 -0.02623110052177139
5.560618996853934 -0.024513429795298174
5.62345084992573 -0.022702950972806942
5.686282702997525 -0.02080669507006456
5.749114556069321 -0.018831974840726948
5.811946409141116 -0.016786358793188762
5.874778262212914 -0.014677644923109176
5.937610115284709 -0.01251383420735658
6.000441968356505 -0.010303103899678857
6.0632738214283 -0.008053780663696948
6.126105674500097 -0.005774313574805325
6.188937527571893 -0.003473247019234148
6.2517693806436885 -0.0011591935158411402