0.031415926535897934 0.0054631348282947285
0.0942477796076938 0.01636929848302337
0.15707963267948966 0.02721520988708907
0.21991148575128552 0.03796091971245397
0.2827433388230814 0.04856680569740252
0.34557519189487723 0.05899370113014583
0.4084070449666731 0.06920302108498079
0.47123889803846897 0.07915688590097018
0.5340707511102649 0.0888182414848389
0.5969026041820606 0.09815097612403043
0.6597344572538566 0.10712003360840655
0.7225663103256523 0.11569152257519379
0.7853981633974483 0.12383282210660043
0.8482300164692442 0.1315126837180144
0.91106186954104 0.13870132997195164
0.9738937226128359 0.1453705500342469
1.0367255756846319 0.15149379255008247
1.0995574287564276 0.15704625625454613
1.1623892818282235 0.16200497874238984
1.2252211349000193 0.16634892380214775
1.2880529879718152 0.17005906766927437
1.350884841043611 0.17311848447094133
1.413716694115407 0.17551243102200306
1.4765485471872026 0.1772284309889964
1.5393804002589986 0.17825635826944342
1.6022122533307945 0.17858851924097816
1.6650441064025903 0.1782197333237655
1.7278759594743862 0.17714741107625387
1.7907078125461822 0.17537162881546423
1.853539665617978 0.17289519852660168
1.9163715186897736 0.16972373161136162
1.9792033717615696 0.16586569482899718
2.0420352248333655 0.161332456618412
2.104867077905162 0.15613832186255538
2.1676989309769574 0.15030055307717885
2.230530784048753 0.14383937598264523
2.2933626371205493 0.13677796745686946
2.356194490192345 0.129142423974771
2.4190263432641403 0.12096170881794727
2.4818581963359367 0.11226757658824212
2.5446900494077322 0.10309447387832622
2.607521902479528 0.09347941533620818
2.670353755551324 0.08346183480061294
2.7331856086231197 0.07308341166929898
2.796017461694916 0.06238787317891711
2.8588493147667116 0.051420773806921755
2.9216811678385075 0.04022925353573694
2.9845130209103035 0.028861777228319542
3.047344873982099 0.017367857833840032
3.1101767270538954 0.005797766554685915
3.173008580125691 -0.005797766554685915
3.2358404331974873 -0.017367857833840032
3.2986722862692828 -0.028861777228319542
3.3615041393410787 -0.04022925353573694
3.4243359924128747 -0.051420773806921755
3.48716784548467 -0.06238787317891711
3.549999698556466 -0.0730834116692988
3.612831551628262 -0.08346183480061294
3.675663404700058 -0.09347941533620818
3.7384952577718535 -0.10309447387832606
3.8013271108436495 -0.11226757658824212
3.8641589639154454 -0.1209617088179472
3.9269908169872414 -0.129142423974771
3.989822670059038 -0.13677796745686954
4.052654523130833 -0.14383937598264523
4.115486376202629 -0.15030055307717885
4.178318229274425 -0.15613832186255558
4.241150082346222 -0.161332456618412
4.303981935418017 -0.16586569482899724
4.366813788489813 -0.16972373161136162
4.429645641561608 -0.17289519852660168
4.4924774946334045 -0.17537162881546423
4.5553093477052 -0.17714741107625387
4.618141200776996 -0.1782197333237656
4.680973053848792 -0.17858851924097813
4.743804906920587 -0.17825635826944342
4.806636759992383 -0.1772284309889964
4.869468613064179 -0.17551243102200306
4.932300466135976 -0.17311848447094144
4.995132319207771 -0.17005906766927437
5.057964172279567 -0.1663489238021477
5.120796025351362 -0.16200497874238984
5.183627878423159 -0.15704625625454613
5.246459731494955 -0.1514937925500825
5.3092915845667505 -0.1453705500342469
5.372123437638546 -0.13870132997195164
5.434955290710342 -0.13151268371801447
5.497787143782137 -0.12383282210660057
5.560618996853934 -0.11569152257519376
5.62345084992573 -0.10712003360840655
5.686282702997525 -0.09815097612403043
5.749114556069321 -0.088818241484839
5.811946409141116 -0.07915688590097038
5.874778262212914 -0.06920302108498066
5.937610115284709 -0.05899370113014583
6.000441968356505 -0.04856680569740252
6.0632738214283 -0.03796091971245398
6.126105674500097 -0.02721520988708907
6.188937527571893 -0.016369298483023282
6.2517693806436885 -0.0054631348282947285