0.031415926535897934 0.0028652131556583466
0.0942477796076938 0.008585045301863688
0.15707963267948966 0.014273127780677247
0.21991148575128552 0.01990840351213331
0.2827433388230814 0.02546997924982717
0.34557519189487723 0.03093719069153242
0.4084070449666731 0.036289667178288285
0.47123889803846897 0.041507395879705415
0.5340707511102649 0.046570785373418355
0.5969026041820606 0.05146072853763113
0.6597344572538566 0.05615866468680339
0.7225663103256523 0.060646640890862524
0.7853981633974483 0.06490737242700946
0.8482300164692442 0.06892430231935033
0.91106186954104 0.07268165992434178
0.9738937226128359 0.07616451851860562
1.0367255756846319 0.07935885183935168
1.0995574287564276 0.08225158951586983
1.1623892818282235 0.08483067131292861
1.2252211349000193 0.08708510008324782
1.2880529879718152 0.08900499329650254
1.350884841043611 0.09058163297685451
1.413716694115407 0.09180751384030462
1.4765485471872026 0.09267638937800626
1.5393804002589986 0.09318331558315258
1.6022122533307945 0.09332469196845805
1.6650441064025903 0.09309829947017177
1.7278759594743862 0.09250333478476834
1.7907078125461822 0.09154044063793643
1.853539665617978 0.09021173144428915
1.9163715186897736 0.08852081378255855
1.9792033717615696 0.08647280108703423
2.0420352248333655 0.08407432194375852
2.104867077905162 0.08133352138143427
2.1676989309769574 0.07826005456377032
2.230530784048753 0.07486507232343707
2.2933626371205493 0.0711611980288153
2.356194490192345 0.06716249534368196
2.4190263432641403 0.06288442652672215
2.4818581963359367 0.05834380102147314
2.5446900494077322 0.053558714206571593
2.607521902479528 0.048548476308884154
2.670353755551324 0.043333531625577494
2.7331856086231197 0.037935368352155004
2.796017461694916 0.03237641946823504
2.8588493147667116 0.026679955287294214
2.9216811678385075 0.02086996842645408
2.9845130209103035 0.014971052093303953
3.047344873982099 0.009008272714495617
3.1101767270538954 0.003007038041454149
3.173008580125691 -0.003007038041454149
3.2358404331974873 -0.009008272714495617
3.2986722862692828 -0.014971052093303953
3.3615041393410787 -0.02086996842645408
3.4243359924128747 -0.026679955287294214
3.48716784548467 -0.03237641946823504
3.549999698556466 -0.037935368352155004
3.612831551628262 -0.043333531625577494
3.675663404700058 -0.048548476308884154
3.7384952577718535 -0.05355871420657169
3.8013271108436495 -0.05834380102147314
3.8641589639154454 -0.06288442652672208
3.9269908169872414 -0.06716249534368196
3.989822670059038 -0.07116119802881533
4.052654523130833 -0.07486507232343707
4.115486376202629 -0.07826005456377032
4.178318229274425 -0.08133352138143436
4.241150082346222 -0.08407432194375851
4.303981935418017 -0.08647280108703412
4.366813788489813 -0.08852081378255855
4.429645641561608 -0.09021173144428915
4.4924774946334045 -0.09154044063793666
4.5553093477052 -0.09250333478476834
4.618141200776996 -0.09309829947017163
4.680973053848792 -0.09332469196845812
4.743804906920587 -0.0931833155831525
4.806636759992383 -0.09267638937800621
4.869468613064179 -0.09180751384030462
4.932300466135976 -0.09058163297685455
4.995132319207771 -0.08900499329650256
5.057964172279567 -0.08708510008324785
5.120796025351362 -0.0848306713129286
5.183627878423159 -0.08225158951586983
5.246459731494955 -0.07935885183935179
5.3092915845667505 -0.07616451851860562
5.372123437638546 -0.07268165992434178
5.434955290710342 -0.06892430231935025
5.497787143782137 -0.06490737242700953
5.560618996853934 -0.0606466408908625
5.62345084992573 -0.05615866468680339
5.686282702997525 -0.05146072853763113
5.749114556069321 -0.04657078537341849
5.811946409141116 -0.04150739587970545
5.874778262212914 -0.036289667178288236
5.937610115284709 -0.03093719069153242
6.000441968356505 -0.02546997924982717
6.0632738214283 -0.01990840351213331
6.126105674500097 -0.014273127780677247
6.188937527571893 -0.008585045301863669
6.2517693806436885 -0.0028652131556583466