0.031415926535897934 0.01004809099151755
0.0942477796076938 0.030083555158244304
0.15707963267948966 0.04993748886443503
0.21991148575128552 0.06949093874946417
0.2827433388230814 0.08862801811314233
0.34557519189487723 0.10723706652293297
0.4084070449666731 0.1252117434636174
0.47123889803846897 0.14245203880905796
0.5340707511102649 0.15886518419635803
0.5969026041820606 0.174366451040489
0.6597344572538566 0.18887982295435962
0.7225663103256523 0.20233853272886498
0.7853981633974483 0.21468545674980247
0.8482300164692442 0.22587336272806724
0.91106186954104 0.2358650098152735
0.9738937226128359 0.2446331034659647
1.0367255756846319 0.25216011067099825
1.0995574287564276 0.25843794429774786
1.1623892818282235 0.2634675281060152
1.2252211349000193 0.26725825644920176
1.2880529879718152 0.2698273646228583
1.350884841043611 0.2711992272177158
1.413716694115407 0.2714046026327993
1.4765485471872026 0.27047984209961523
1.5393804002589986 0.2684660811855041
1.6022122533307945 0.26540843083586907
1.6650441064025903 0.26135518365671134
1.7278759594743862 0.25635704942244203
1.7907078125461822 0.2504664318200732
1.853539665617978 0.243736756312437
1.9163715186897736 0.23622185681857602
1.9792033717615696 0.22797542675802412
2.0420352248333655 0.21905053796320895
2.104867077905162 0.20949922909094787
2.1676989309769574 0.1993721635037174
2.230530784048753 0.1887183551715095
2.2933626371205493 0.17758495997806123
2.356194490192345 0.16601712890033757
2.4190263432641403 0.15405791885587541
2.4818581963359367 0.14174825655915688
2.5446900494077322 0.12912695046999245
2.607521902479528 0.11623074582477363
2.670353755551324 0.10309441778469813
2.7331856086231197 0.08975089788289574
2.796017461694916 0.0762314291754221
2.8588493147667116 0.06256574577200204
2.9216811678385075 0.04878227271672435
2.9845130209103035 0.03490834248516541
3.047344873982099 0.020970424644423582
3.1101767270538954 0.00699436547123788
3.173008580125691 -0.00699436547123788
3.2358404331974873 -0.020970424644423582
3.2986722862692828 -0.03490834248516541
3.3615041393410787 -0.04878227271672435
3.4243359924128747 -0.06256574577200204
3.48716784548467 -0.0762314291754221
3.549999698556466 -0.08975089788289566
3.612831551628262 -0.10309441778469813
3.675663404700058 -0.11623074582477363
3.7384952577718535 -0.1291269504699922
3.8013271108436495 -0.14174825655915688
3.8641589639154454 -0.15405791885587528
3.9269908169872414 -0.16601712890033757
3.989822670059038 -0.17758495997806145
4.052654523130833 -0.1887183551715095
4.115486376202629 -0.1993721635037174
4.178318229274425 -0.2094992290909479
4.241150082346222 -0.219050537963209
4.303981935418017 -0.22797542675802412
4.366813788489813 -0.23622185681857602
4.429645641561608 -0.243736756312437
4.4924774946334045 -0.2504664318200732
4.5553093477052 -0.25635704942244203
4.618141200776996 -0.26135518365671134
4.680973053848792 -0.2654084308358691
4.743804906920587 -0.2684660811855041
4.806636759992383 -0.2704798420996151
4.869468613064179 -0.2714046026327993
4.932300466135976 -0.2711992272177158
4.995132319207771 -0.2698273646228583
5.057964172279567 -0.26725825644920176
5.120796025351362 -0.2634675281060152
5.183627878423159 -0.25843794429774786
5.246459731494955 -0.25216011067099814
5.3092915845667505 -0.2446331034659647
5.372123437638546 -0.2358650098152735
5.434955290710342 -0.22587336272806743
5.497787143782137 -0.21468545674980266
5.560618996853934 -0.2023385327288649
5.62345084992573 -0.18887982295435962
5.686282702997525 -0.174366451040489
5.749114556069321 -0.15886518419635834
5.811946409141116 -0.14245203880905824
5.874778262212914 -0.1252117434636173
5.937610115284709 -0.10723706652293297
6.000441968356505 -0.08862801811314233
6.0632738214283 -0.06949093874946435
6.126105674500097 -0.04993748886443503
6.188937527571893 -0.03008355515824413
6.2517693806436885 -0.01004809099151755