0.031415926535897934 0.005048786684626983
0.0942477796076938 0.01510745649871654
0.15707963267948966 0.02505002770330365
0.21991148575128552 0.0348011239963172
0.2827433388230814 0.04428834302577321
0.34557519189487723 0.05344332820878958
0.4084070449666731 0.06220272881995176
0.47123889803846897 0.07050902464924458
0.5340707511102649 0.0783111970422156
0.5969026041820606 0.08556523420278998
0.6597344572538566 0.09223446493631526
0.7225663103256523 0.09828972121257314
0.7853981633974483 0.10370933573405304
0.8482300164692442 0.1084789858436714
0.91106186954104 0.11259139939447652
0.9738937226128359 0.11604594149349577
1.0367255756846319 0.11884810325403014
1.0995574287564276 0.12100891484424653
1.1623892818282235 0.12254430526463837
1.2252211349000193 0.12347443053256128
1.2880529879718152 0.12382299044525588
1.350884841043611 0.12361655200251041
1.413716694115407 0.12288389507375154
1.4765485471872026 0.12165539316497458
1.5393804002589986 0.11996243933703685
1.6022122533307945 0.11783692458502475
1.6650441064025903 0.11531077341854531
1.7278759594743862 0.11241553906648857
1.7907078125461822 0.10918205872070048
1.853539665617978 0.10564016755928843
1.9163715186897736 0.10181846895812705
1.9792033717615696 0.09774415729712085
2.0420352248333655 0.09344288907117053
2.104867077905162 0.08893869759099803
2.1676989309769574 0.08425394636723554
2.230530784048753 0.07940931627186446
2.2933626371205493 0.0744238217241893
2.356194490192345 0.06931485141657212
2.4190263432641403 0.06409822944434955
2.4818581963359367 0.05878829310539302
2.5446900494077322 0.05339798406297877
2.607521902479528 0.04793895000099343
2.670353755551324 0.04242165432726677
2.7331856086231197 0.036855491887122005
2.796017461694916 0.031248909026491155
2.8588493147667116 0.02560952668630507
2.9216811678385075 0.019944265513682512
2.9845130209103035 0.014259472238692908
3.047344873982099 0.008561046787325917
3.1101767270538954 0.002854569781737519
3.173008580125691 -0.002854569781737519
3.2358404331974873 -0.008561046787325917
3.2986722862692828 -0.014259472238692908
3.3615041393410787 -0.019944265513682512
3.4243359924128747 -0.02560952668630507
3.48716784548467 -0.031248909026491155
3.549999698556466 -0.0368554918871219
3.612831551628262 -0.04242165432726677
3.675663404700058 -0.04793895000099343
3.7384952577718535 -0.05339798406297877
3.8013271108436495 -0.05878829310539302
3.8641589639154454 -0.06409822944434944
3.9269908169872414 -0.06931485141657212
3.989822670059038 -0.0744238217241894
4.052654523130833 -0.07940931627186446
4.115486376202629 -0.08425394636723554
4.178318229274425 -0.08893869759099812
4.241150082346222 -0.09344288907117061
4.303981935418017 -0.09774415729712085
4.366813788489813 -0.10181846895812705
4.429645641561608 -0.10564016755928843
4.4924774946334045 -0.10918205872070048
4.5553093477052 -0.11241553906648857
4.618141200776996 -0.11531077341854529
4.680973053848792 -0.11783692458502475
4.743804906920587 -0.11996243933703685
4.806636759992383 -0.12165539316497449
4.869468613064179 -0.12288389507375154
4.932300466135976 -0.12361655200251032
4.995132319207771 -0.12382299044525596
5.057964172279567 -0.12347443053256116
5.120796025351362 -0.12254430526463843
5.183627878423159 -0.12100891484424653
5.246459731494955 -0.1188481032540301
5.3092915845667505 -0.11604594149349577
5.372123437638546 -0.11259139939447652
5.434955290710342 -0.10847898584367151
5.497787143782137 -0.10370933573405304
5.560618996853934 -0.09828972121257304
5.62345084992573 -0.09223446493631526
5.686282702997525 -0.08556523420278998
5.749114556069321 -0.07831119704221569
5.811946409141116 -0.07050902464924474
5.874778262212914 -0.06220272881995156
5.937610115284709 -0.05344332820878958
6.000441968356505 -0.04428834302577321
6.0632738214283 -0.0348011239963172
6.126105674500097 -0.02505002770330365
6.188937527571893 -0.015107456498716455
6.2517693806436885 -0.005048786684626983