0.031415926535897934 0.008686987230316023
0.0942477796076938 0.025997176358397125
0.15707963267948966 0.04311693166175098
0.21991148575128552 0.05992234784790033
0.2827433388230814 0.07629401473426829
0.34557519189487723 0.09211865673001618
0.4084070449666731 0.10729062060084218
0.47123889803846897 0.12171317761343586
0.5340707511102649 0.13529961266794832
0.5969026041820606 0.14797408037777632
0.6597344572538566 0.15967221592130118
0.7225663103256523 0.17034149652332914
0.7853981633974483 0.1799413572750651
0.8482300164692442 0.18844307233724136
0.91106186954104 0.19582941909427434
0.9738937226128359 0.20209414829399017
1.0367255756846319 0.20724128744032047
1.0995574287564276 0.21128430760343234
1.1623892818282235 0.21424518534873307
1.2252211349000193 0.2161533917131576
1.2880529879718152 0.21704483918954964
1.350884841043611 0.21696081568547837
1.413716694115407 0.21594693160554007
1.4765485471872026 0.21405210278943695
1.5393804002589986 0.2113275882482675
1.6022122533307945 0.2078260976933261
1.6650441064025903 0.20360097993713455
1.7278759594743862 0.1987054995260625
1.7907078125461822 0.19319220556279873
1.853539665617978 0.18711239368321736
1.9163715186897736 0.18051565961861823
1.9792033717615696 0.17344954072196786
2.0420352248333655 0.16595924025995237
2.104867077905162 0.15808742814472682
2.1676989309769574 0.14987411105837384
2.230530784048753 0.14135656455770274
2.2933626371205493 0.1325693196806852
2.356194490192345 0.12354419675112452
2.4190263432641403 0.1143103794398171
2.4818581963359367 0.1048945226375158
2.5446900494077322 0.09532088828209963
2.607521902479528 0.08561150392058488
2.670353755551324 0.07578633944353212
2.7331856086231197 0.06586349807886713
2.796017461694916 0.05585941835375028
2.8588493147667116 0.045789084311515904
2.9216811678385075 0.035666241794753945
2.9845130209103035 0.02550361906767963
3.047344873982099 0.015313150446024148
3.1101767270538954 0.0051062019278340105
3.173008580125691 -0.0051062019278340105
3.2358404331974873 -0.015313150446024148
3.2986722862692828 -0.02550361906767963
3.3615041393410787 -0.035666241794753945
3.4243359924128747 -0.045789084311515904
3.48716784548467 -0.05585941835375028
3.549999698556466 -0.06586349807886713
3.612831551628262 -0.07578633944353212
3.675663404700058 -0.08561150392058488
3.7384952577718535 -0.09532088828209963
3.8013271108436495 -0.1048945226375158
3.8641589639154454 -0.11431037943981703
3.9269908169872414 -0.12354419675112452
3.989822670059038 -0.1325693196806854
4.052654523130833 -0.14135656455770274
4.115486376202629 -0.14987411105837384
4.178318229274425 -0.1580874281447269
4.241150082346222 -0.16595924025995246
4.303981935418017 -0.17344954072196786
4.366813788489813 -0.18051565961861823
4.429645641561608 -0.18711239368321742
4.4924774946334045 -0.19319220556279884
4.5553093477052 -0.1987054995260625
4.618141200776996 -0.2036009799371346
4.680973053848792 -0.2078260976933261
4.743804906920587 -0.21132758824826742
4.806636759992383 -0.21405210278943695
4.869468613064179 -0.21594693160554007
4.932300466135976 -0.21696081568547843
4.995132319207771 -0.21704483918954964
5.057964172279567 -0.21615339171315748
5.120796025351362 -0.21424518534873296
5.183627878423159 -0.21128430760343234
5.246459731494955 -0.20724128744032042
5.3092915845667505 -0.20209414829399017
5.372123437638546 -0.19582941909427434
5.434955290710342 -0.18844307233724136
5.497787143782137 -0.17994135727506524
5.560618996853934 -0.17034149652332906
5.62345084992573 -0.15967221592130118
5.686282702997525 -0.14797408037777632
5.749114556069321 -0.1352996126679484
5.811946409141116 -0.12171317761343603
5.874778262212914 -0.1072906206008421
5.937610115284709 -0.09211865673001618
6.000441968356505 -0.07629401473426829
6.0632738214283 -0.05992234784790045
6.126105674500097 -0.04311693166175098
6.188937527571893 -0.025997176358397055
6.2517693806436885 -0.008686987230316023