0.031415926535897934 0.00532790729204287
0.0942477796076938 0.015946903087945042
0.15707963267948966 0.026455932835830406
0.21991148575128552 0.0367833086967409
0.2827433388230814 0.0468597371621893
0.34557519189487723 0.05661919826089707
0.4084070449666731 0.06599974943039388
0.47123889803846897 0.07494423693616535
0.5340707511102649 0.08340090076934552
0.5969026041820606 0.09132386240734357
0.6597344572538566 0.09867348853543874
0.7225663103256523 0.10541662764682153
0.7853981633974483 0.11152672020752749
0.8482300164692442 0.11698378664127222
0.91106186954104 0.12177430062176103
0.9738937226128359 0.12589095794241684
1.0367255756846319 0.12933235347868907
1.0995574287564276 0.13210258041016856
1.1623892818282235 0.13421076690526068
1.2252211349000193 0.13567056589870552
1.2880529879718152 0.13649961344938705
1.350884841043611 0.1367189705146924
1.413716694115407 0.136352561898741
1.4765485471872026 0.1354266247175307
1.5393804002589986 0.13396917707210285
1.6022122533307945 0.13200951582781228
1.6650441064025903 0.12957775055390314
1.7278759594743862 0.12670437886253838
1.7907078125461822 0.12341990666655221
1.853539665617978 0.11975451530196952
1.9163715186897736 0.11573777607115154
1.9792033717615696 0.11139841157721517
2.0420352248333655 0.10676410224914958
2.104867077905162 0.10186133569785723
2.1676989309769574 0.09671529598547911
2.230530784048753 0.09134978951667104
2.2933626371205493 0.0857872040495097
2.356194490192345 0.08004849725158197
2.4190263432641403 0.07415321126892198
2.4818581963359367 0.06811950990771158
2.5446900494077322 0.06196423522837389
2.607521902479528 0.05570298059830789
2.670353755551324 0.04935017752491797
2.7331856086231197 0.042919193879243644
2.796017461694916 0.036422441409456816
2.8588493147667116 0.029871490722212048
2.9216811678385075 0.023277192169944377
2.9845130209103035 0.016649801317263055
3.047344873982099 0.00999910786469742
3.1101767270538954 0.0033345670796838043
3.173008580125691 -0.0033345670796838043
3.2358404331974873 -0.00999910786469742
3.2986722862692828 -0.016649801317263055
3.3615041393410787 -0.023277192169944377
3.4243359924128747 -0.029871490722212048
3.48716784548467 -0.036422441409456816
3.549999698556466 -0.04291919387924358
3.612831551628262 -0.04935017752491797
3.675663404700058 -0.05570298059830789
3.7384952577718535 -0.06196423522837389
3.8013271108436495 -0.06811950990771158
3.8641589639154454 -0.07415321126892198
3.9269908169872414 -0.08004849725158197
3.989822670059038 -0.08578720404950989
4.052654523130833 -0.09134978951667104
4.115486376202629 -0.09671529598547911
4.178318229274425 -0.10186133569785728
4.241150082346222 -0.10676410224914964
4.303981935418017 -0.11139841157721524
4.366813788489813 -0.11573777607115154
4.429645641561608 -0.11975451530196952
4.4924774946334045 -0.12341990666655221
4.5553093477052 -0.12670437886253838
4.618141200776996 -0.12957775055390325
4.680973053848792 -0.13200951582781228
4.743804906920587 -0.1339691770721029
4.806636759992383 -0.1354266247175307
4.869468613064179 -0.136352561898741
4.932300466135976 -0.13671897051469226
4.995132319207771 -0.13649961344938707
5.057964172279567 -0.1356705658987056
5.120796025351362 -0.13421076690526063
5.183627878423159 -0.13210258041016856
5.246459731494955 -0.129332353478689
5.3092915845667505 -0.12589095794241684
5.372123437638546 -0.12177430062176103
5.434955290710342 -0.11698378664127222
5.497787143782137 -0.11152672020752745
5.560618996853934 -0.10541662764682153
5.62345084992573 -0.09867348853543874
5.686282702997525 -0.09132386240734357
5.749114556069321 -0.08340090076934563
5.811946409141116 -0.07494423693616548
5.874778262212914 -0.06599974943039376
5.937610115284709 -0.05661919826089707
6.000441968356505 -0.0468597371621893
6.0632738214283 -0.0367833086967409
6.126105674500097 -0.026455932835830406
6.188937527571893 -0.015946903087945042
6.2517693806436885 -0.00532790729204287