0.031415926535897934 0.009744411897618032
0.0942477796076938 0.029184117717340963
0.15707963267948966 0.04847683813438997
0.21991148575128552 0.06752580704583994
0.2827433388230814 0.08623607977827609
0.34557519189487723 0.10451523219226146
0.4084070449666731 0.1222740307204679
0.47123889803846897 0.1394270656167572
0.5340707511102649 0.1558933401440011
0.5969026041820606 0.1715968089910272
0.6597344572538566 0.1864668598863689
0.7225663103256523 0.20043873316803915
0.7853981633974483 0.21345387496977772
0.8482300164692442 0.22546022068571425
0.91106186954104 0.2364124064623921
0.9738937226128359 0.2462719076195657
1.0367255756846319 0.25500710409423594
1.0995574287564276 0.26259327420717243
1.1623892818282235 0.26901251923617325
1.2252211349000193 0.27425362241279916
1.2880529879718152 0.2783118470071456
1.350884841043611 0.28118867909838713
1.413716694115407 0.28289152142122054
1.4765485471872026 0.2834333453089644
1.5393804002589986 0.2828323082081474
1.6022122533307945 0.28111134450899816
1.6650441064025903 0.27829773752038023
1.7278759594743862 0.2744226803222692
1.7907078125461822 0.2695208329659175
1.853539665617978 0.2636298830787319
1.9163715186897736 0.25679011638908444
1.9792033717615696 0.2490440030401267
2.0420352248333655 0.24043580483700033
2.104867077905162 0.23101120779475004
2.1676989309769574 0.2208169835498901
2.230530784048753 0.2099006823902189
2.2933626371205493 0.19831035986571963
2.356194490192345 0.18609433818557586
2.4190263432641403 0.17330100289635994
2.4818581963359367 0.15997863468455478
2.5446900494077322 0.14617527555946871
2.607521902479528 0.13193862815379748
2.670353755551324 0.11731598642915148
2.7331856086231197 0.10235419569093378
2.796017461694916 0.08709963949725355
2.8588493147667116 0.07159825078486165
2.9216811678385075 0.055895544325259505
2.9845130209103035 0.04003666745959309
3.047344873982099 0.024066465935100454
3.1101767270538954 0.00802956157251945
3.173008580125691 -0.00802956157251945
3.2358404331974873 -0.024066465935100454
3.2986722862692828 -0.04003666745959309
3.3615041393410787 -0.055895544325259505
3.4243359924128747 -0.07159825078486165
3.48716784548467 -0.08709963949725355
3.549999698556466 -0.10235419569093368
3.612831551628262 -0.11731598642915148
3.675663404700058 -0.13193862815379748
3.7384952577718535 -0.14617527555946871
3.8013271108436495 -0.15997863468455478
3.8641589639154454 -0.1733010028963598
3.9269908169872414 -0.18609433818557586
3.989822670059038 -0.19831035986571982
4.052654523130833 -0.2099006823902189
4.115486376202629 -0.2208169835498901
4.178318229274425 -0.23101120779475012
4.241150082346222 -0.24043580483700053
4.303981935418017 -0.24904400304012686
4.366813788489813 -0.25679011638908444
4.429645641561608 -0.26362988307873186
4.4924774946334045 -0.2695208329659175
4.5553093477052 -0.2744226803222692
4.618141200776996 -0.27829773752038023
4.680973053848792 -0.28111134450899816
4.743804906920587 -0.2828323082081473
4.806636759992383 -0.2834333453089644
4.869468613064179 -0.28289152142122054
4.932300466135976 -0.281188679098387
4.995132319207771 -0.2783118470071457
5.057964172279567 -0.2742536224127991
5.120796025351362 -0.26901251923617325
5.183627878423159 -0.26259327420717243
5.246459731494955 -0.255007104094236
5.3092915845667505 -0.2462719076195657
5.372123437638546 -0.2364124064623921
5.434955290710342 -0.2254602206857144
5.497787143782137 -0.2134538749697779
5.560618996853934 -0.20043873316803903
5.62345084992573 -0.1864668598863689
5.686282702997525 -0.1715968089910272
5.749114556069321 -0.1558933401440013
5.811946409141116 -0.13942706561675747
5.874778262212914 -0.1222740307204678
5.937610115284709 -0.10451523219226146
6.000441968356505 -0.08623607977827609
6.0632738214283 -0.06752580704584016
6.126105674500097 -0.04847683813438997
6.188937527571893 -0.029184117717340755
6.2517693806436885 -0.009744411897618032