0.031415926535897934 0.007775673581838708
0.0942477796076938 0.023302388697032706
0.15707963267948966 0.038755255908097835
0.21991148575128552 0.054085203435458494
0.2827433388230814 0.0692433975021174
0.34557519189487723 0.0841813331968818
0.4084070449666731 0.09885092129132211
0.47123889803846897 0.11320457026124846
0.5340707511102649 0.12719526305215226
0.5969026041820606 0.14077662846319397
0.6597344572538566 0.15390300739615972
0.7225663103256523 0.16652951461352192
0.7853981633974483 0.17861209706154127
0.8482300164692442 0.1901075902278632
0.91106186954104 0.20097377440533692
0.9738937226128359 0.21116943311151318
1.0367255756846319 0.2206544162527871
1.0995574287564276 0.2293897109095065
1.1623892818282235 0.23733752283929285
1.2252211349000193 0.24446137193580242
1.2880529879718152 0.25072620492444303
1.350884841043611 0.2560985285102644
1.413716694115407 0.2605465660017326
1.4765485471872026 0.26404044010320377
1.5393804002589986 0.26655238408582327
1.6022122533307945 0.2680569829004686
1.6650441064025903 0.26853144497975434
1.7278759594743862 0.26795590448614526
1.7907078125461822 0.26631375260331963
1.853539665617978 0.2635919951495826
1.9163715186897736 0.2597816323366963
1.9792033717615696 0.25487805493787324
2.0420352248333655 0.2488814495105722
2.104867077905162 0.2417972037024154
2.1676989309769574 0.23363630112458408
2.230530784048753 0.2244156938909956
2.2933626371205493 0.21415863978719488
2.356194490192345 0.2028949902488315
2.4190263432641403 0.19066141499354283
2.4818581963359367 0.17750154935146184
2.5446900494077322 0.16346605115136806
2.607521902479528 0.14861255548948984
2.670353755551324 0.1330055178505565
2.7331856086231197 0.11671593883996681
2.796017461694916 0.09982096715131691
2.8588493147667116 0.08240338121849126
2.9216811678385075 0.06455095412658254
2.9845130209103035 0.04635571058589208
3.047344873982099 0.027913088888608422
3.1101767270538954 0.009321024539636714
3.173008580125691 -0.009321024539636714
3.2358404331974873 -0.027913088888608422
3.2986722862692828 -0.04635571058589208
3.3615041393410787 -0.06455095412658254
3.4243359924128747 -0.08240338121849126
3.48716784548467 -0.09982096715131691
3.549999698556466 -0.11671593883996667
3.612831551628262 -0.1330055178505565
3.675663404700058 -0.14861255548948984
3.7384952577718535 -0.1634660511513679
3.8013271108436495 -0.17750154935146184
3.8641589639154454 -0.19066141499354272
3.9269908169872414 -0.2028949902488315
3.989822670059038 -0.21415863978719515
4.052654523130833 -0.2244156938909956
4.115486376202629 -0.23363630112458408
4.178318229274425 -0.2417972037024155
4.241150082346222 -0.24888144951057226
4.303981935418017 -0.2548780549378733
4.366813788489813 -0.2597816323366963
4.429645641561608 -0.26359199514958254
4.4924774946334045 -0.2663137526033197
4.5553093477052 -0.26795590448614526
4.618141200776996 -0.26853144497975434
4.680973053848792 -0.2680569829004686
4.743804906920587 -0.2665523840858233
4.806636759992383 -0.26404044010320366
4.869468613064179 -0.2605465660017326
4.932300466135976 -0.25609852851026427
4.995132319207771 -0.25072620492444303
5.057964172279567 -0.24446137193580245
5.120796025351362 -0.23733752283929274
5.183627878423159 -0.2293897109095065
5.246459731494955 -0.22065441625278703
5.3092915845667505 -0.21116943311151318
5.372123437638546 -0.20097377440533692
5.434955290710342 -0.19010759022786308
5.497787143782137 -0.17861209706154146
5.560618996853934 -0.166529514613522
5.62345084992573 -0.15390300739615972
5.686282702997525 -0.14077662846319397
5.749114556069321 -0.12719526305215242
5.811946409141116 -0.11320457026124855
5.874778262212914 -0.09885092129132216
5.937610115284709 -0.0841813331968818
6.000441968356505 -0.0692433975021174
6.0632738214283 -0.05408520343545856
6.126105674500097 -0.038755255908097835
6.188937527571893 -0.02330238869703263
6.2517693806436885 -0.007775673581838708