0.031415926535897934 0.009242530492633023
0.0942477796076938 0.027580071815920197
0.15707963267948966 0.04548083950812755
0.21991148575128552 0.06267250339211052
0.2827433388230814 0.07890955117707814
0.34557519189487723 0.09398127417648709
0.4084070449666731 0.10771739835985135
0.47123889803846897 0.11999116577855298
0.5340707511102649 0.13071991806721517
0.5969026041820606 0.13986344304538142
0.6597344572538566 0.14742049569177154
0.7225663103256523 0.1534239871740695
0.7853981633974483 0.15793535331478661
0.8482300164692442 0.16103857862265492
0.91106186954104 0.16283428011781814
0.9738937226128359 0.16343416363399693
1.0367255756846319 0.16295606898086915
1.0995574287564276 0.1615197304951347
1.1623892818282235 0.1592433031726367
1.2252211349000193 0.15624064508097593
1.2880529879718152 0.15261930450270486
1.350884841043611 0.14847913369022087
1.413716694115407 0.14391143758173927
1.4765485471872026 0.1389985623069973
1.5393804002589986 0.13381383187104623
1.6022122533307945 0.12842174948976554
1.6650441064025903 0.12287839060635643
1.7278759594743862 0.11723192610516839
1.7907078125461822 0.11152322558743233
1.853539665617978 0.1057865011020292
1.9163715186897736 0.10004996105465519
1.9792033717615696 0.09433645199181238
2.0420352248333655 0.08866407256277084
2.104867077905162 0.08304674928770553
2.1676989309769574 0.07749476794046978
2.230530784048753 0.07201525754941274
2.2933626371205493 0.06661262639182187
2.356194490192345 0.061288951060396585
2.4190263432641403 0.05604432085140646
2.4818581963359367 0.05087714048300569
2.5446900494077322 0.04578439459876069
2.607521902479528 0.040761877728017294
2.670353755551324 0.035804393427458656
2.7331856086231197 0.030905926269301328
2.796017461694916 0.026059790211642352
2.8588493147667116 0.021258756716490683
2.9216811678385075 0.016495165794319772
2.9845130209103035 0.011761022967822426
3.047344873982099 0.0070480849744650916
3.1101767270538954 0.002347936876407202
3.173008580125691 -0.002347936876407202
3.2358404331974873 -0.0070480849744650916
3.2986722862692828 -0.011761022967822426
3.3615041393410787 -0.016495165794319772
3.4243359924128747 -0.021258756716490683
3.48716784548467 -0.026059790211642352
3.549999698556466 -0.030905926269301328
3.612831551628262 -0.035804393427458656
3.675663404700058 -0.040761877728017294
3.7384952577718535 -0.04578439459876069
3.8013271108436495 -0.05087714048300569
3.8641589639154454 -0.05604432085140639
3.9269908169872414 -0.061288951060396585
3.989822670059038 -0.06661262639182193
4.052654523130833 -0.07201525754941274
4.115486376202629 -0.07749476794046978
4.178318229274425 -0.08304674928770565
4.241150082346222 -0.08866407256277091
4.303981935418017 -0.0943364519918125
4.366813788489813 -0.10004996105465519
4.429645641561608 -0.10578650110202908
4.4924774946334045 -0.11152322558743238
4.5553093477052 -0.11723192610516839
4.618141200776996 -0.12287839060635657
4.680973053848792 -0.12842174948976554
4.743804906920587 -0.13381383187104623
4.806636759992383 -0.13899856230699723
4.869468613064179 -0.14391143758173927
4.932300466135976 -0.14847913369022084
4.995132319207771 -0.15261930450270503
5.057964172279567 -0.15624064508097593
5.120796025351362 -0.15924330317263663
5.183627878423159 -0.1615197304951347
5.246459731494955 -0.1629560689808692
5.3092915845667505 -0.16343416363399693
5.372123437638546 -0.16283428011781814
5.434955290710342 -0.16103857862265497
5.497787143782137 -0.15793535331478673
5.560618996853934 -0.15342398717406944
5.62345084992573 -0.14742049569177154
5.686282702997525 -0.13986344304538142
5.749114556069321 -0.1307199180672154
5.811946409141116 -0.11999116577855311
5.874778262212914 -0.10771739835985121
5.937610115284709 -0.09398127417648709
6.000441968356505 -0.07890955117707814
6.0632738214283 -0.06267250339211064
6.126105674500097 -0.04548083950812755
6.188937527571893 -0.027580071815920027
6.2517693806436885 -0.009242530492633023