0.031415926535897934 0.008316160742135655
0.0942477796076938 0.024909588598348253
0.15707963267948966 0.04138658443770135
0.21991148575128552 0.05767035408015503
0.2827433388230814 0.07368533573913211
0.34557519189487723 0.08935767635478875
0.4084070449666731 0.10461569149731338
0.47123889803846897 0.11939030442695134
0.5340707511102649 0.13361546011385128
0.5969026041820606 0.1472285102904095
0.6597344572538566 0.16017056593291243
0.7225663103256523 0.1723868139484179
0.7853981633974483 0.18382679527586884
0.8482300164692442 0.19444464209464193
0.91106186954104 0.2041992723641606
0.9738937226128359 0.21305454048790295
1.0367255756846319 0.22097934349488527
1.0995574287564276 0.2279476827505045
1.1623892818282235 0.2339386818337419
1.2252211349000193 0.23893656183538017
1.2880529879718152 0.24293057592766568
1.350884841043611 0.24591490561538426
1.413716694115407 0.24788852158791402
1.4765485471872026 0.24885501253906933
1.5393804002589986 0.24882238569585466
1.6022122533307945 0.24780284309030098
1.6650441064025903 0.24581253781466514
1.7278759594743862 0.24287131461650313
1.7907078125461822 0.23900243921641479
1.853539665617978 0.23423232067024208
1.9163715186897736 0.22859023095430914
1.9792033717615696 0.22210802573425575
2.0420352248333655 0.2148198699941525
2.104867077905162 0.20676197186323741
2.1676989309769574 0.19797232759390015
2.230530784048753 0.1884904802278803
2.2933626371205493 0.1783572940493621
2.356194490192345 0.16761474647450753
2.4190263432641403 0.1563057385769422
2.4818581963359367 0.1444739250066276
2.5446900494077322 0.13216356363308956
2.607521902479528 0.1194193848393505
2.670353755551324 0.10628648001516987
2.7331856086231197 0.09281020845092226
2.796017461694916 0.07903612151919406
2.8588493147667116 0.06500990275138013
2.9216811678385075 0.05077732217182975
2.9845130209103035 0.03638420304237705
3.047344873982099 0.021876398994836305
3.1101767270538954 0.007299779387464379
3.173008580125691 -0.007299779387464379
3.2358404331974873 -0.021876398994836305
3.2986722862692828 -0.03638420304237705
3.3615041393410787 -0.05077732217182975
3.4243359924128747 -0.06500990275138013
3.48716784548467 -0.07903612151919406
3.549999698556466 -0.09281020845092218
3.612831551628262 -0.10628648001516987
3.675663404700058 -0.1194193848393505
3.7384952577718535 -0.13216356363308956
3.8013271108436495 -0.1444739250066276
3.8641589639154454 -0.1563057385769421
3.9269908169872414 -0.16761474647450753
3.989822670059038 -0.17835729404936224
4.052654523130833 -0.1884904802278803
4.115486376202629 -0.19797232759390015
4.178318229274425 -0.20676197186323747
4.241150082346222 -0.21481986999415256
4.303981935418017 -0.22210802573425587
4.366813788489813 -0.22859023095430914
4.429645641561608 -0.23423232067024208
4.4924774946334045 -0.23900243921641484
4.5553093477052 -0.24287131461650313
4.618141200776996 -0.24581253781466514
4.680973053848792 -0.24780284309030107
4.743804906920587 -0.24882238569585458
4.806636759992383 -0.24885501253906947
4.869468613064179 -0.24788852158791402
4.932300466135976 -0.2459149056153842
4.995132319207771 -0.24293057592766568
5.057964172279567 -0.23893656183538017
5.120796025351362 -0.2339386818337421
5.183627878423159 -0.2279476827505045
5.246459731494955 -0.22097934349488513
5.3092915845667505 -0.21305454048790295
5.372123437638546 -0.2041992723641606
5.434955290710342 -0.19444464209464196
5.497787143782137 -0.18382679527586904
5.560618996853934 -0.17238681394841782
5.62345084992573 -0.16017056593291243
5.686282702997525 -0.1472285102904095
5.749114556069321 -0.13361546011385145
5.811946409141116 -0.11939030442695145
5.874778262212914 -0.1046156914973133
5.937610115284709 -0.08935767635478875
6.000441968356505 -0.07368533573913211
6.0632738214283 -0.05767035408015503
6.126105674500097 -0.04138658443770135
6.188937527571893 -0.024909588598348173
6.2517693806436885 -0.008316160742135655