0.031415926535897934 0.006357383979523698
0.0942477796076938 0.019055100202240067
0.15707963267948966 0.03170165630906773
0.21991148575128552 0.04426292908616927
0.2827433388230814 0.056704770237582816
0.34557519189487723 0.06899299567075606
0.4084070449666731 0.08109337426965138
0.47123889803846897 0.09297161624837022
0.5340707511102649 0.10459336135363467
0.5969026041820606 0.1159241673941752
0.6597344572538566 0.12692949981618462
0.7225663103256523 0.1375747233129433
0.7853981633974483 0.14782509674912078
0.8482300164692442 0.1576457729908614
0.91106186954104 0.1670018055552002
0.9738937226128359 0.17585816431895043
1.0367255756846319 0.18417976284874002
1.0995574287564276 0.1919315002192424
1.1623892818282235 0.19907832046267793
1.2252211349000193 0.20558529302371162
1.2880529879718152 0.21141771776179194
1.350884841043611 0.21654125812679972
1.413716694115407 0.22092210611014512
1.4765485471872026 0.2245271824162559
1.5393804002589986 0.22732437498127941
1.6022122533307945 0.22928281845858264
1.6650441064025903 0.23037321656708712
1.7278759594743862 0.23056820823435614
1.7907078125461822 0.2298427772431175
1.853539665617978 0.2281747035978809
1.9163715186897736 0.2255450530703946
1.9792033717615696 0.22193869937831048
2.0420352248333655 0.21734487124039778
2.104867077905162 0.21175771419759007
2.1676989309769574 0.20517685468186667
2.230530784048753 0.197607951471108
2.2933626371205493 0.1890632175295236
2.356194490192345 0.17956189346251153
2.4190263432641403 0.16913065258704013
2.4818581963359367 0.15780391711010863
2.5446900494077322 0.14562406528122304
2.607521902479528 0.13264151077210642
2.670353755551324 0.11891463802124518
2.7331856086231197 0.10450958087968519
2.796017461694916 0.08949983654552507
2.8588493147667116 0.07396571232787645
2.9216811678385075 0.057993608999123716
2.9845130209103035 0.04167515106098514
3.047344873982099 0.02510618078949428
3.1101767270538954 0.008385639029061039
3.173008580125691 -0.008385639029061039
3.2358404331974873 -0.02510618078949428
3.2986722862692828 -0.04167515106098514
3.3615041393410787 -0.057993608999123716
3.4243359924128747 -0.07396571232787645
3.48716784548467 -0.08949983654552507
3.549999698556466 -0.10450958087968507
3.612831551628262 -0.11891463802124518
3.675663404700058 -0.13264151077210642
3.7384952577718535 -0.14562406528122274
3.8013271108436495 -0.15780391711010863
3.8641589639154454 -0.16913065258704013
3.9269908169872414 -0.17956189346251153
3.989822670059038 -0.18906321752952382
4.052654523130833 -0.197607951471108
4.115486376202629 -0.20517685468186667
4.178318229274425 -0.21175771419759024
4.241150082346222 -0.21734487124039792
4.303981935418017 -0.22193869937831048
4.366813788489813 -0.2255450530703946
4.429645641561608 -0.22817470359788103
4.4924774946334045 -0.2298427772431175
4.5553093477052 -0.23056820823435614
4.618141200776996 -0.23037321656708712
4.680973053848792 -0.22928281845858264
4.743804906920587 -0.22732437498127941
4.806636759992383 -0.22452718241625594
4.869468613064179 -0.22092210611014512
4.932300466135976 -0.21654125812679978
4.995132319207771 -0.21141771776179194
5.057964172279567 -0.20558529302371162
5.120796025351362 -0.1990783204626779
5.183627878423159 -0.1919315002192424
5.246459731494955 -0.18417976284873977
5.3092915845667505 -0.17585816431895043
5.372123437638546 -0.1670018055552002
5.434955290710342 -0.1576457729908616
5.497787143782137 -0.14782509674912084
5.560618996853934 -0.1375747233129432
5.62345084992573 -0.12692949981618462
5.686282702997525 -0.1159241673941752
5.749114556069321 -0.10459336135363469
5.811946409141116 -0.09297161624837032
5.874778262212914 -0.08109337426965131
5.937610115284709 -0.06899299567075606
6.000441968356505 -0.056704770237582816
6.0632738214283 -0.044262929086169286
6.126105674500097 -0.03170165630906773
6.188937527571893 -0.01905510020223994
6.2517693806436885 -0.006357383979523698