0.031415926535897934 0.00798158007663739
0.0942477796076938 0.0239182889606932
0.15707963267948966 0.03977570546226408
0.21991148575128552 0.055501172155606786
0.2827433388230814 0.0710423358325787
0.34557519189487723 0.0863472652502968
0.4084070449666731 0.10136456519966906
0.47123889803846897 0.11604348620580329
0.5340707511102649 0.1303340294264987
0.5969026041820606 0.14418704660927575
0.6597344572538566 0.15755433529099305
0.7225663103256523 0.17038872976623173
0.7853981633974483 0.18264418869963997
0.8482300164692442 0.19427588060117765
0.91106186954104 0.2052402687091086
0.9738937226128359 0.2154951971210381
1.0367255756846319 0.22499998026563522
1.0995574287564276 0.2337154980045011
1.1623892818282235 0.24160429878285997
1.2252211349000193 0.24863071329775605
1.2880529879718152 0.25476098111229356
1.350884841043611 0.2599633925041679
1.413716694115407 0.26420844758743267
1.4765485471872026 0.2674690343809799
1.5393804002589986 0.2697206270105019
1.6022122533307945 0.27094150462049754
1.6650441064025903 0.27111299084049034
1.7278759594743862 0.2702197128007338
1.7907078125461822 0.2682498777383208
1.853539665617978 0.2651955641920025
1.9163715186897736 0.2610530236773489
1.9792033717615696 0.2558229875948675
2.0420352248333655 0.24951097299177843
2.104867077905162 0.24212757972022894
2.1676989309769574 0.23368877056423829
2.230530784048753 0.22421612510299482
2.2933626371205493 0.2137370575001136
2.356194490192345 0.20228498811730986
2.4190263432641403 0.1898994589021958
2.4818581963359367 0.17662618294006746
2.5446900494077322 0.16251701942134317
2.607521902479528 0.14762986657419827
2.670353755551324 0.13202846683807196
2.7331856086231197 0.11578212067512057
2.796017461694916 0.0989653078739426
2.8588493147667116 0.08165721790772405
2.9216811678385075 0.06394119375909663
2.9845130209103035 0.04590409649025899
3.047344873982099 0.027635600582174506
3.1101767270538954 0.009227432551695742
3.173008580125691 -0.009227432551695742
3.2358404331974873 -0.027635600582174506
3.2986722862692828 -0.04590409649025899
3.3615041393410787 -0.06394119375909663
3.4243359924128747 -0.08165721790772405
3.48716784548467 -0.0989653078739426
3.549999698556466 -0.11578212067512046
3.612831551628262 -0.13202846683807196
3.675663404700058 -0.14762986657419827
3.7384952577718535 -0.162517019421343
3.8013271108436495 -0.17662618294006746
3.8641589639154454 -0.1898994589021957
3.9269908169872414 -0.20228498811730986
3.989822670059038 -0.2137370575001138
4.052654523130833 -0.22421612510299482
4.115486376202629 -0.23368877056423829
4.178318229274425 -0.24212757972022905
4.241150082346222 -0.24951097299177866
4.303981935418017 -0.2558229875948675
4.366813788489813 -0.2610530236773489
4.429645641561608 -0.2651955641920025
4.4924774946334045 -0.26824987773832076
4.5553093477052 -0.2702197128007338
4.618141200776996 -0.2711129908404903
4.680973053848792 -0.27094150462049754
4.743804906920587 -0.269720627010502
4.806636759992383 -0.26746903438097974
4.869468613064179 -0.26420844758743267
4.932300466135976 -0.25996339250416783
4.995132319207771 -0.25476098111229345
5.057964172279567 -0.24863071329775596
5.120796025351362 -0.24160429878285997
5.183627878423159 -0.2337154980045011
5.246459731494955 -0.22499998026563514
5.3092915845667505 -0.2154951971210381
5.372123437638546 -0.2052402687091086
5.434955290710342 -0.1942758806011777
5.497787143782137 -0.18264418869964003
5.560618996853934 -0.17038872976623146
5.62345084992573 -0.15755433529099305
5.686282702997525 -0.14418704660927575
5.749114556069321 -0.13033402942649872
5.811946409141116 -0.11604348620580356
5.874778262212914 -0.10136456519966906
5.937610115284709 -0.0863472652502968
6.000441968356505 -0.0710423358325787
6.0632738214283 -0.05550117215560712
6.126105674500097 -0.03977570546226408
6.188937527571893 -0.023918288960693024
6.2517693806436885 -0.00798158007663739