0.031415926535897934 0.007363832073069195
0.0942477796076938 0.022069399992633156
0.15707963267948966 0.03670870809090784
0.21991148575128552 0.05123767886272969
0.2827433388230814 0.06561237669747705
0.34557519189487723 0.07978906141021905
0.4084070449666731 0.09372423880320133
0.47123889803846897 0.10737470776929658
0.5340707511102649 0.12069760370698326
0.5969026041820606 0.13365043831856516
0.6597344572538566 0.1461911362023239
0.7225663103256523 0.1582780690167337
0.7853981633974483 0.16987008838153006
0.8482300164692442 0.1809265590762454
0.91106186954104 0.19140739449096753
0.9738937226128359 0.20127309666490065
1.0367255756846319 0.2104848036032854
1.0995574287564276 0.21900434687889778
1.1623892818282235 0.22679432278611497
1.2252211349000193 0.23381818050766315
1.2880529879718152 0.24004033085966925
1.350884841043611 0.24542627918133975
1.413716694115407 0.24994278581232124
1.4765485471872026 0.25355805733383624
1.5393804002589986 0.25624197131936316
1.6022122533307945 0.2579663367284486
1.6650441064025903 0.25870519126717495
1.7278759594743862 0.258435136019104
1.7907078125461822 0.2571357064158802
1.853539665617978 0.25478977717068235
1.9163715186897736 0.25138399715547743
1.9792033717615696 0.246909248393952
2.0420352248333655 0.24136112141194224
2.104867077905162 0.23474039720050113
2.1676989309769574 0.22705352408674356
2.230530784048753 0.21831307597606656
2.2933626371205493 0.2085381768437499
2.356194490192345 0.19775487514287513
2.4190263432641403 0.18599645109143545
2.4818581963359367 0.1733036397315565
2.5446900494077322 0.1597247533283391
2.607521902479528 0.14531568817654278
2.670353755551324 0.13013980325045207
2.7331856086231197 0.11426766135393118
2.796017461694916 0.09777662743190567
2.8588493147667116 0.08075032335560635
2.9216811678385075 0.06327794359463253
2.9845130209103035 0.04545344148901339
3.047344873982099 0.027374601045588642
3.1101767270538954 0.009142013999196228
3.173008580125691 -0.009142013999196228
3.2358404331974873 -0.027374601045588642
3.2986722862692828 -0.04545344148901339
3.3615041393410787 -0.06327794359463253
3.4243359924128747 -0.08075032335560635
3.48716784548467 -0.09777662743190567
3.549999698556466 -0.11426766135393106
3.612831551628262 -0.13013980325045207
3.675663404700058 -0.14531568817654278
3.7384952577718535 -0.15972475332833902
3.8013271108436495 -0.1733036397315565
3.8641589639154454 -0.1859964510914353
3.9269908169872414 -0.19775487514287513
3.989822670059038 -0.2085381768437502
4.052654523130833 -0.21831307597606656
4.115486376202629 -0.22705352408674356
4.178318229274425 -0.23474039720050116
4.241150082346222 -0.24136112141194227
4.303981935418017 -0.246909248393952
4.366813788489813 -0.25138399715547743
4.429645641561608 -0.2547897771706824
4.4924774946334045 -0.25713570641588024
4.5553093477052 -0.258435136019104
4.618141200776996 -0.25870519126717495
4.680973053848792 -0.2579663367284486
4.743804906920587 -0.2562419713193631
4.806636759992383 -0.2535580573338363
4.869468613064179 -0.24994278581232124
4.932300466135976 -0.24542627918133966
4.995132319207771 -0.24004033085966925
5.057964172279567 -0.23381818050766315
5.120796025351362 -0.22679432278611505
5.183627878423159 -0.21900434687889778
5.246459731494955 -0.21048480360328534
5.3092915845667505 -0.20127309666490065
5.372123437638546 -0.19140739449096753
5.434955290710342 -0.18092655907624539
5.497787143782137 -0.1698700883815302
5.560618996853934 -0.1582780690167337
5.62345084992573 -0.1461911362023239
5.686282702997525 -0.13365043831856516
5.749114556069321 -0.12069760370698335
5.811946409141116 -0.10737470776929679
5.874778262212914 -0.09372423880320123
5.937610115284709 -0.07978906141021905
6.000441968356505 -0.06561237669747705
6.0632738214283 -0.05123767886272978
6.126105674500097 -0.03670870809090784
6.188937527571893 -0.02206939999263297
6.2517693806436885 -0.007363832073069195