0.031415926535897934 0.0024744641218114815
0.0942477796076938 0.007413720967695411
0.15707963267948966 0.012324000807119794
0.21991148575128552 0.017186109442789897
0.2827433388230814 0.021981037868188363
0.34557519189487723 0.026690035308794886
0.4084070449666731 0.03129468123832437
0.47123889803846897 0.03577695609124269
0.5340707511102649 0.040119310402842126
0.5969026041820606 0.04430473211980149
0.6597344572538566 0.04831681183710862
0.7225663103256523 0.05213980573111935
0.7853981633974483 0.05575869597301138
0.8482300164692442 0.059159248421587964
0.91106186954104 0.06232806740894607
0.9738937226128359 0.06525264744661168
1.0367255756846319 0.06792142169308144
1.0995574287564276 0.07032380703604686
1.1623892818282235 0.07245024565374993
1.2252211349000193 0.07429224292979397
1.2880529879718152 0.0758424016043045
1.350884841043611 0.07709445205160512
1.413716694115407 0.07804327858068329
1.4765485471872026 0.0786849416598224
1.5393804002589986 0.07901669597115386
1.6022122533307945 0.0790370042048028
1.6650441064025903 0.07874554650614723
1.7278759594743862 0.07814322549385143
1.7907078125461822 0.07723216677118283
1.853539665617978 0.07601571485909091
1.9163715186897736 0.07449842448701509
1.9792033717615696 0.07268604718676545
2.0420352248333655 0.07058551314642829
2.104867077905162 0.06820490829533739
2.1676989309769574 0.06555344660794277
2.230530784048753 0.06264143763399856
2.2933626371205493 0.05948024928491274
2.356194490192345 0.05608226593126633
2.4190263432641403 0.05246084189424547
2.4818581963359367 0.04863025044374744
2.5446900494077322 0.04460562844783794
2.607521902479528 0.040402916851581906
2.670353755551324 0.036038797197491416
2.7331856086231197 0.031530624434304357
2.796017461694916 0.026896356294872588
2.8588493147667116 0.022154479556895677
2.9216811678385075 0.01732393353137628
2.9845130209103035 0.012424031152326948
3.047344873982099 0.0074743780667470856
3.1101767270538954 0.002494790145643622
3.173008580125691 -0.002494790145643622
3.2358404331974873 -0.0074743780667470856
3.2986722862692828 -0.012424031152326948
3.3615041393410787 -0.01732393353137628
3.4243359924128747 -0.022154479556895677
3.48716784548467 -0.026896356294872588
3.549999698556466 -0.03153062443430424
3.612831551628262 -0.036038797197491416
3.675663404700058 -0.040402916851581906
3.7384952577718535 -0.04460562844783783
3.8013271108436495 -0.04863025044374744
3.8641589639154454 -0.05246084189424547
3.9269908169872414 -0.05608226593126633
3.989822670059038 -0.05948024928491281
4.052654523130833 -0.06264143763399856
4.115486376202629 -0.06555344660794277
4.178318229274425 -0.06820490829533746
4.241150082346222 -0.07058551314642832
4.303981935418017 -0.07268604718676545
4.366813788489813 -0.07449842448701509
4.429645641561608 -0.07601571485909091
4.4924774946334045 -0.07723216677118283
4.5553093477052 -0.07814322549385143
4.618141200776996 -0.07874554650614715
4.680973053848792 -0.07903700420480275
4.743804906920587 -0.07901669597115389
4.806636759992383 -0.07868494165982247
4.869468613064179 -0.07804327858068329
4.932300466135976 -0.07709445205160523
4.995132319207771 -0.07584240160430442
5.057964172279567 -0.07429224292979394
5.120796025351362 -0.07245024565374997
5.183627878423159 -0.07032380703604686
5.246459731494955 -0.06792142169308145
5.3092915845667505 -0.06525264744661168
5.372123437638546 -0.06232806740894607
5.434955290710342 -0.05915924842158789
5.497787143782137 -0.05575869597301134
5.560618996853934 -0.05213980573111947
5.62345084992573 -0.04831681183710862
5.686282702997525 -0.04430473211980149
5.749114556069321 -0.04011931040284207
5.811946409141116 -0.03577695609124271
5.874778262212914 -0.03129468123832431
5.937610115284709 -0.026690035308794886
6.000441968356505 -0.021981037868188363
6.0632738214283 -0.017186109442789865
6.126105674500097 -0.012324000807119794
6.188937527571893 -0.007413720967695286
6.2517693806436885 -0.0024744641218114815