0.031415926535897934 0.006066697665696551
0.0942477796076938 0.018178726270811404
0.15707963267948966 0.030226715200946264
0.21991148575128552 0.04216817264895428
0.2827433388230814 0.053960907494183266
0.34557519189487723 0.06556314708309743
0.4084070449666731 0.07693365265719099
0.47123889803846897 0.08803183195182068
0.5340707511102649 0.09881784862619826
0.5969026041820606 0.10925272834078815
0.6597344572538566 0.11929846146771014
0.7225663103256523 0.12891810259581268
0.7853981633974483 0.13807586716776782
0.8482300164692442 0.14673722575453862
0.91106186954104 0.15486899662550055
0.9738937226128359 0.16243943740320704
1.0367255756846319 0.16941833669333475
1.0995574287564276 0.1757771066464209
1.1623892818282235 0.18148887743286016
1.2252211349000193 0.18652859459139767
1.2880529879718152 0.19087312014012578
1.350884841043611 0.1945013382149938
1.413716694115407 0.19739426582260383
1.4765485471872026 0.19953516906159566
1.5393804002589986 0.20090968488186625
1.6022122533307945 0.20150594811672662
1.6650441064025903 0.20131472314533197
1.7278759594743862 0.20032953912897267
1.7907078125461822 0.19854682732496645
1.853539665617978 0.19596605852811153
1.9163715186897736 0.1925898782363738
1.9792033717615696 0.18842423670117012
2.0420352248333655 0.18347851062153145
2.104867077905162 0.17776561289512383
2.1676989309769574 0.17130208656772467
2.230530784048753 0.16410817894627408
2.2933626371205493 0.15620789177780534
2.356194490192345 0.14762900346384844
2.4190263432641403 0.13840305949022222
2.4818581963359367 0.12856532761370226
2.5446900494077322 0.11815471486224731
2.607521902479528 0.10721364406990867
2.670353755551324 0.09578788846950538
2.7331856086231197 0.08392636378621281
2.796017461694916 0.07168087828663569
2.8588493147667116 0.059105842307246914
2.9216811678385075 0.04625793987444159
2.9845130209103035 0.03319576609336789
3.047344873982099 0.01997943498012888
3.1101767270538954 0.006670163298795559
3.173008580125691 -0.006670163298795559
3.2358404331974873 -0.01997943498012888
3.2986722862692828 -0.03319576609336789
3.3615041393410787 -0.04625793987444159
3.4243359924128747 -0.059105842307246914
3.48716784548467 -0.07168087828663569
3.549999698556466 -0.08392636378621272
3.612831551628262 -0.09578788846950538
3.675663404700058 -0.10721364406990867
3.7384952577718535 -0.11815471486224725
3.8013271108436495 -0.12856532761370226
3.8641589639154454 -0.1384030594902222
3.9269908169872414 -0.14762900346384844
3.989822670059038 -0.15620789177780545
4.052654523130833 -0.16410817894627408
4.115486376202629 -0.17130208656772467
4.178318229274425 -0.17776561289512385
4.241150082346222 -0.1834785106215316
4.303981935418017 -0.18842423670117014
4.366813788489813 -0.1925898782363738
4.429645641561608 -0.19596605852811141
4.4924774946334045 -0.19854682732496648
4.5553093477052 -0.20032953912897267
4.618141200776996 -0.20131472314533194
4.680973053848792 -0.20150594811672662
4.743804906920587 -0.20090968488186625
4.806636759992383 -0.19953516906159569
4.869468613064179 -0.19739426582260383
4.932300466135976 -0.19450133821499374
4.995132319207771 -0.19087312014012583
5.057964172279567 -0.18652859459139767
5.120796025351362 -0.1814888774328601
5.183627878423159 -0.1757771066464209
5.246459731494955 -0.16941833669333461
5.3092915845667505 -0.16243943740320704
5.372123437638546 -0.15486899662550055
5.434955290710342 -0.14673722575453865
5.497787143782137 -0.13807586716776804
5.560618996853934 -0.12891810259581257
5.62345084992573 -0.11929846146771014
5.686282702997525 -0.10925272834078815
5.749114556069321 -0.09881784862619844
5.811946409141116 -0.08803183195182081
5.874778262212914 -0.07693365265719093
5.937610115284709 -0.06556314708309743
6.000441968356505 -0.053960907494183266
6.0632738214283 -0.04216817264895451
6.126105674500097 -0.030226715200946264
6.188937527571893 -0.018178726270811404
6.2517693806436885 -0.006066697665696551