0.031415926535897934 0.00842007187163982
0.0942477796076938 0.025191053865627908
0.15707963267948966 0.04175569673918805
0.21991148575128552 0.05798022925419937
0.2827433388230814 0.0737364507932448
0.34557519189487723 0.08890374070318703
0.4084070449666731 0.10337085877867094
0.47123889803846897 0.11703749110677042
0.5340707511102649 0.12981550512190995
0.5969026041820606 0.14162988861407427
0.6597344572538566 0.152419359093771
0.7225663103256523 0.16213664179306758
0.7853981633974483 0.17074842610174257
0.8482300164692442 0.17823502084707143
0.91106186954104 0.18458973802828876
0.9738937226128359 0.18981804201060942
1.0367255756846319 0.19393650649184563
1.0995574287564276 0.19697162464334128
1.1623892818282235 0.1989585187097886
1.2252211349000193 0.19993959418098017
1.2880529879718152 0.19996318068975497
1.350884841043611 0.19908219739598845
1.413716694115407 0.19735287518689637
1.4765485471872026 0.19483356197233304
1.5393804002589986 0.19158363107379672
1.6022122533307945 0.18766250654556269
1.6650441064025903 0.1831288135107177
1.7278759594743862 0.17803965645628864
1.7907078125461822 0.17245002404868767
1.853539665617978 0.16641231547272284
1.9163715186897736 0.159975980574122
1.9792033717615696 0.15318726415880288
2.0420352248333655 0.14608904359905825
2.104867077905162 0.1387207483221796
2.1676989309769574 0.1311183497043119
2.230530784048753 0.12331441025288935
2.2933626371205493 0.11533818163105966
2.356194490192345 0.10721574196283597
2.4190263432641403 0.09897016387657162
2.4818581963359367 0.09062170582869529
2.5446900494077322 0.0821880203451705
2.607521902479528 0.07368437388347106
2.670353755551324 0.06512387402308101
2.7331856086231197 0.05651770061751622
2.796017461694916 0.04787533837348952
2.8588493147667116 0.03920480905715784
2.9216811678385075 0.03051290216207283
2.9845130209103035 0.021805403410315522
3.047344873982099 0.013087320901067725
3.1101767270538954 0.004363109074260179
3.173008580125691 -0.004363109074260179
3.2358404331974873 -0.013087320901067725
3.2986722862692828 -0.021805403410315522
3.3615041393410787 -0.03051290216207283
3.4243359924128747 -0.03920480905715784
3.48716784548467 -0.04787533837348952
3.549999698556466 -0.05651770061751614
3.612831551628262 -0.06512387402308101
3.675663404700058 -0.07368437388347106
3.7384952577718535 -0.08218802034517035
3.8013271108436495 -0.09062170582869529
3.8641589639154454 -0.09897016387657152
3.9269908169872414 -0.10721574196283597
3.989822670059038 -0.11533818163105992
4.052654523130833 -0.12331441025288935
4.115486376202629 -0.1311183497043119
4.178318229274425 -0.1387207483221796
4.241150082346222 -0.1460890435990583
4.303981935418017 -0.15318726415880302
4.366813788489813 -0.159975980574122
4.429645641561608 -0.16641231547272284
4.4924774946334045 -0.1724500240486877
4.5553093477052 -0.17803965645628864
4.618141200776996 -0.18312881351071789
4.680973053848792 -0.18766250654556288
4.743804906920587 -0.19158363107379672
4.806636759992383 -0.1948335619723331
4.869468613064179 -0.19735287518689637
4.932300466135976 -0.19908219739598848
4.995132319207771 -0.19996318068975497
5.057964172279567 -0.19993959418098017
5.120796025351362 -0.19895851870978856
5.183627878423159 -0.19697162464334128
5.246459731494955 -0.19393650649184568
5.3092915845667505 -0.18981804201060942
5.372123437638546 -0.18458973802828876
5.434955290710342 -0.17823502084707143
5.497787143782137 -0.17074842610174285
5.560618996853934 -0.1621366417930675
5.62345084992573 -0.152419359093771
5.686282702997525 -0.14162988861407427
5.749114556069321 -0.1298155051219101
5.811946409141116 -0.11703749110677059
5.874778262212914 -0.10337085877867092
5.937610115284709 -0.08890374070318703
6.000441968356505 -0.0737364507932448
6.0632738214283 -0.05798022925419948
6.126105674500097 -0.04175569673918805
6.188937527571893 -0.025191053865627804
6.2517693806436885 -0.00842007187163982