0.031415926535897934 0.00213863881790925
0.0942477796076938 0.006408265536996599
0.15707963267948966 0.010654959271407197
0.21991148575128552 0.014863497272547837
0.2827433388230814 0.01901875573355412
0.34557519189487723 0.023105749526327476
0.4084070449666731 0.02710967209982453
0.47123889803846897 0.031015935586538132
0.5340707511102649 0.03481021116402084
0.5969026041820606 0.03847846971740838
0.6597344572538566 0.04200702284675986
0.7225663103256523 0.0453825642591742
0.7853981633974483 0.048592211579562804
0.8482300164692442 0.05162354860514724
0.91106186954104 0.054464668016714526
0.9738937226128359 0.057104214543948706
1.0367255756846319 0.05953142856236593
1.0995574287564276 0.061736190075207815
1.1623892818282235 0.06370906300490556
1.2252211349000193 0.06544133968533439
1.2880529879718152 0.0669250854081759
1.350884841043611 0.06815318283453171
1.413716694115407 0.06911937603700861
1.4765485471872026 0.0698183138884965
1.5393804002589986 0.07024559246271783
1.6022122533307945 0.07039779605947705
1.6650441064025903 0.07027253641574994
1.7278759594743862 0.06986848961388079
1.7907078125461822 0.06918543015194151
1.853539665617978 0.06822426160062188
1.9163715186897736 0.06698704323782964
1.9792033717615696 0.06547701202847053
2.0420352248333655 0.0636985993045916
2.104867077905162 0.061657441502037995
2.1676989309769574 0.05936038432559667
2.230530784048753 0.05681547974658878
2.2933626371205493 0.05403197528597226
2.356194490192345 0.05102029510264183
2.4190263432641403 0.047792012490718606
2.4818581963359367 0.044359813490490306
2.5446900494077322 0.04073745143397559
2.607521902479528 0.036939692375890475
2.670353755551324 0.03298225150148735
2.7331856086231197 0.02888172075115328
2.796017461694916 0.024655488054148467
2.8588493147667116 0.020321648716390837
2.9216811678385075 0.015898909655473734
2.9845130209103035 0.011406487315793256
3.047344873982099 0.006864000223480609
3.1101767270538954 0.0022913572507966694
3.173008580125691 -0.0022913572507966694
3.2358404331974873 -0.006864000223480609
3.2986722862692828 -0.011406487315793256
3.3615041393410787 -0.015898909655473734
3.4243359924128747 -0.020321648716390837
3.48716784548467 -0.024655488054148467
3.549999698556466 -0.028881720751153292
3.612831551628262 -0.03298225150148735
3.675663404700058 -0.036939692375890475
3.7384952577718535 -0.04073745143397551
3.8013271108436495 -0.044359813490490306
3.8641589639154454 -0.04779201249071856
3.9269908169872414 -0.05102029510264183
3.989822670059038 -0.05403197528597238
4.052654523130833 -0.05681547974658878
4.115486376202629 -0.05936038432559667
4.178318229274425 -0.06165744150203814
4.241150082346222 -0.06369859930459157
4.303981935418017 -0.06547701202847069
4.366813788489813 -0.06698704323782964
4.429645641561608 -0.06822426160062184
4.4924774946334045 -0.06918543015194153
4.5553093477052 -0.06986848961388079
4.618141200776996 -0.07027253641574983
4.680973053848792 -0.07039779605947712
4.743804906920587 -0.07024559246271793
4.806636759992383 -0.06981831388849642
4.869468613064179 -0.06911937603700861
4.932300466135976 -0.06815318283453171
4.995132319207771 -0.06692508540817586
5.057964172279567 -0.06544133968533442
5.120796025351362 -0.06370906300490559
5.183627878423159 -0.061736190075207815
5.246459731494955 -0.059531428562365866
5.3092915845667505 -0.057104214543948706
5.372123437638546 -0.054464668016714526
5.434955290710342 -0.051623548605147195
5.497787143782137 -0.04859221157956281
5.560618996853934 -0.045382564259174134
5.62345084992573 -0.04200702284675986
5.686282702997525 -0.03847846971740838
5.749114556069321 -0.03481021116402077
5.811946409141116 -0.031015935586538177
5.874778262212914 -0.027109672099824508
5.937610115284709 -0.023105749526327476
6.000441968356505 -0.01901875573355412
6.0632738214283 -0.014863497272547753
6.126105674500097 -0.010654959271407197
6.188937527571893 -0.006408265536996599
6.2517693806436885 -0.00213863881790925