0.031415926535897934 0.008801247460151663
0.0942477796076938 0.02636815819831766
0.15707963267948966 0.04382848489980023
0.21991148575128552 0.06111173159228196
0.2827433388230814 0.07814823666021103
0.34557519189487723 0.09486949529742225
0.4084070449666731 0.11120847102020108
0.47123889803846897 0.1270998936007755
0.5340707511102649 0.14248054111966857
0.5969026041820606 0.15728950422188412
0.6597344572538566 0.1714684310823372
0.7225663103256523 0.18496175202511272
0.7853981633974483 0.19771688318360492
0.8482300164692442 0.20968440901931729
0.91106186954104 0.22081824392194543
0.9738937226128359 0.23107577347967895
1.0367255756846319 0.24041797632563477
1.0995574287564276 0.2488095277253755
1.1623892818282235 0.2562188862653404
1.2252211349000193 0.2626183651289624
1.2880529879718152 0.26798418950504277
1.350884841043611 0.2722965416626709
1.413716694115407 0.27553959515203924
1.4765485471872026 0.2777015394562478
1.5393804002589986 0.2787745962327966
1.6022122533307945 0.27875502805355923
1.6650441064025903 0.27764314028842396
1.7278759594743862 0.2754432764911951
1.7907078125461822 0.2721638073480287
1.853539665617978 0.26781711295016064
1.9163715186897736 0.2624195578654828
1.9792033717615696 0.2559914582187542
2.0420352248333655 0.24855703975844168
2.104867077905162 0.24014438569890467
2.1676989309769574 0.2307853729882491
2.230530784048753 0.22051559557151001
2.2933626371205493 0.20937427320098015
2.356194490192345 0.1974041443935957
2.4190263432641403 0.18465134225025095
2.4818581963359367 0.17116525203239563
2.5446900494077322 0.1569983496335025
2.607521902479528 0.14220602038091143
2.670353755551324 0.12684635794881285
2.7331856086231197 0.11097994354530281
2.796017461694916 0.09466960594343182
2.8588493147667116 0.07798016334446178
2.9216811678385075 0.06097814847681071
2.9845130209103035 0.04373151873175235
3.047344873982099 0.026309353502474816
3.1101767270538954 0.008781541213112493
3.173008580125691 -0.008781541213112493
3.2358404331974873 -0.026309353502474816
3.2986722862692828 -0.04373151873175235
3.3615041393410787 -0.06097814847681071
3.4243359924128747 -0.07798016334446178
3.48716784548467 -0.09466960594343182
3.549999698556466 -0.1109799435453026
3.612831551628262 -0.12684635794881285
3.675663404700058 -0.14220602038091143
3.7384952577718535 -0.1569983496335025
3.8013271108436495 -0.17116525203239563
3.8641589639154454 -0.18465134225025082
3.9269908169872414 -0.1974041443935957
3.989822670059038 -0.20937427320098034
4.052654523130833 -0.22051559557151001
4.115486376202629 -0.2307853729882491
4.178318229274425 -0.24014438569890487
4.241150082346222 -0.24855703975844184
4.303981935418017 -0.2559914582187544
4.366813788489813 -0.2624195578654828
4.429645641561608 -0.26781711295016064
4.4924774946334045 -0.2721638073480288
4.5553093477052 -0.2754432764911951
4.618141200776996 -0.27764314028842396
4.680973053848792 -0.27875502805355923
4.743804906920587 -0.27877459623279666
4.806636759992383 -0.2777015394562478
4.869468613064179 -0.27553959515203924
4.932300466135976 -0.2722965416626709
4.995132319207771 -0.26798418950504277
5.057964172279567 -0.26261836512896247
5.120796025351362 -0.2562188862653405
5.183627878423159 -0.2488095277253755
5.246459731494955 -0.24041797632563472
5.3092915845667505 -0.23107577347967895
5.372123437638546 -0.22081824392194543
5.434955290710342 -0.20968440901931729
5.497787143782137 -0.197716883183605
5.560618996853934 -0.18496175202511267
5.62345084992573 -0.1714684310823372
5.686282702997525 -0.15728950422188412
5.749114556069321 -0.14248054111966865
5.811946409141116 -0.12709989360077562
5.874778262212914 -0.11120847102020102
5.937610115284709 -0.09486949529742225
6.000441968356505 -0.07814823666021103
6.0632738214283 -0.06111173159228216
6.126105674500097 -0.04382848489980023
6.188937527571893 -0.02636815819831747
6.2517693806436885 -0.008801247460151663