0.031415926535897934 0.00868973778078643
0.0942477796076938 0.026032410484019747
0.15707963267948966 0.04326486431064241
0.21991148575128552 0.060314250699740765
0.2827433388230814 0.07710866142127208
0.34557519189487723 0.09357749340026326
0.4084070449666731 0.10965180246467095
0.47123889803846897 0.12526464317607242
0.5340707511102649 0.14035139213273268
0.5969026041820606 0.1548500524028761
0.6597344572538566 0.16870153704504032
0.7225663103256523 0.18184992999441946
0.7853981633974483 0.19424272293101302
0.8482300164692442 0.2058310270890305
0.91106186954104 0.21656975930938738
0.9738937226128359 0.22641780197081218
1.0367255756846319 0.23533813675321152
1.0995574287564276 0.24329795248360123
1.1623892818282235 0.2502687275850934
1.2252211349000193 0.256226287889261
1.2880529879718152 0.26115084077889067
1.350884841043611 0.26502698680000736
1.413716694115407 0.2678437100185184
1.4765485471872026 0.26959434849826414
1.5393804002589986 0.2702765463449563
1.6022122533307945 0.2698921887964929
1.6650441064025903 0.26844732184711356
1.7278759594743862 0.2659520578739613
1.7907078125461822 0.2624204686933367
1.853539665617978 0.2578704674139362
1.9163715186897736 0.2523236803794008
1.9792033717615696 0.24580531040626033
2.0420352248333655 0.23834399242933482
2.104867077905162 0.22997164256815866
2.1676989309769574 0.22072330152795736
2.230530784048753 0.21063697314974208
2.2933626371205493 0.19975345882840256
2.356194490192345 0.18811618842704095
2.4190263432641403 0.1757710482316079
2.4818581963359367 0.16276620641313472
2.5446900494077322 0.1491519363961192
2.607521902479528 0.13498043847117705
2.670353755551324 0.12030565993788805
2.7331856086231197 0.10518311401954443
2.796017461694916 0.08966969775476447
2.8588493147667116 0.07382350904102683
2.9216811678385075 0.05770366298133935
2.9845130209103035 0.04137010766672022
3.047344873982099 0.02488343951311254
3.1101767270538954 0.008304718261029272
3.173008580125691 -0.008304718261029272
3.2358404331974873 -0.02488343951311254
3.2986722862692828 -0.04137010766672022
3.3615041393410787 -0.05770366298133935
3.4243359924128747 -0.07382350904102683
3.48716784548467 -0.08966969775476447
3.549999698556466 -0.10518311401954433
3.612831551628262 -0.12030565993788805
3.675663404700058 -0.13498043847117705
3.7384952577718535 -0.14915193639611898
3.8013271108436495 -0.16276620641313472
3.8641589639154454 -0.1757710482316079
3.9269908169872414 -0.18811618842704095
3.989822670059038 -0.1997534588284027
4.052654523130833 -0.21063697314974208
4.115486376202629 -0.22072330152795736
4.178318229274425 -0.2299716425681588
4.241150082346222 -0.23834399242933488
4.303981935418017 -0.24580531040626036
4.366813788489813 -0.2523236803794008
4.429645641561608 -0.2578704674139361
4.4924774946334045 -0.2624204686933367
4.5553093477052 -0.2659520578739613
4.618141200776996 -0.2684473218471137
4.680973053848792 -0.2698921887964929
4.743804906920587 -0.2702765463449563
4.806636759992383 -0.26959434849826414
4.869468613064179 -0.2678437100185184
4.932300466135976 -0.26502698680000725
4.995132319207771 -0.26115084077889067
5.057964172279567 -0.256226287889261
5.120796025351362 -0.25026872758509344
5.183627878423159 -0.24329795248360123
5.246459731494955 -0.23533813675321152
5.3092915845667505 -0.22641780197081218
5.372123437638546 -0.21656975930938738
5.434955290710342 -0.20583102708903064
5.497787143782137 -0.19424272293101327
5.560618996853934 -0.18184992999441946
5.62345084992573 -0.16870153704504032
5.686282702997525 -0.1548500524028761
5.749114556069321 -0.14035139213273273
5.811946409141116 -0.1252646431760727
5.874778262212914 -0.1096518024646708
5.937610115284709 -0.09357749340026326
6.000441968356505 -0.07710866142127208
6.0632738214283 -0.06031425069974078
6.126105674500097 -0.04326486431064241
6.188937527571893 -0.02603241048401962
6.2517693806436885 -0.00868973778078643