0.031415926535897934 0.004251662387675617
0.0942477796076938 0.012735563312032567
0.15707963267948966 0.021161315653492455
0.21991148575128552 0.02949056219531701
0.2827433388230814 0.037685553623045105
0.34557519189487723 0.04570938207193689
0.4084070449666731 0.05352620528569488
0.47123889803846897 0.061101459017727885
0.5340707511102649 0.06840205552907373
0.5969026041820606 0.07539656629623333
0.6597344572538566 0.08205538733048987
0.7225663103256523 0.08835088582007648
0.7853981633974483 0.09425752712978348
0.8482300164692442 0.0997519815212135
0.91106186954104 0.10481321028305621
0.9738937226128359 0.10942253127711106
1.0367255756846319 0.11356366420568514
1.0995574287564276 0.11722275618359353
1.1623892818282235 0.12038838844850354
1.2252211349000193 0.1230515652629813
1.2880529879718152 0.12520568624767572
1.350884841043611 0.1268465035360019
1.413716694115407 0.12797206525590019
1.4765485471872026 0.12858264692414603
1.5393804002589986 0.1286806723844974
1.6022122533307945 0.12827062593464858
1.6650441064025903 0.12735895727105107
1.7278759594743862 0.12595398083815074
1.7907078125461822 0.12406577110275989
1.853539665617978 0.12170605518862612
1.9163715186897736 0.11888810420427294
1.9792033717615696 0.11562662448239161
2.0420352248333655 0.1119376498247744
2.104867077905162 0.10783843571615923
2.1676989309769574 0.10334735633628041
2.230530784048753 0.09848380506446382
2.2933626371205493 0.09326809903754359
2.356194490192345 0.08772138819162487
2.4190263432641403 0.08186556909289627
2.4818581963359367 0.07572320374358266
2.5446900494077322 0.06931744343722596
2.607521902479528 0.06267195763354368
2.670353755551324 0.055810867727597094
2.7331856086231197 0.048758685501261945
2.796017461694916 0.04154025596710846
2.8588493147667116 0.03418070424582674
2.9216811678385075 0.026705386058122175
2.9845130209103035 0.019139841360449758
3.047344873982099 0.011509750610811557
3.1101767270538954 0.0038408931159163713
3.173008580125691 -0.0038408931159163713
3.2358404331974873 -0.011509750610811557
3.2986722862692828 -0.019139841360449758
3.3615041393410787 -0.026705386058122175
3.4243359924128747 -0.03418070424582674
3.48716784548467 -0.04154025596710846
3.549999698556466 -0.048758685501261945
3.612831551628262 -0.055810867727597094
3.675663404700058 -0.06267195763354368
3.7384952577718535 -0.0693174434372259
3.8013271108436495 -0.07572320374358266
3.8641589639154454 -0.08186556909289641
3.9269908169872414 -0.08772138819162487
3.989822670059038 -0.09326809903754371
4.052654523130833 -0.09848380506446382
4.115486376202629 -0.10334735633628041
4.178318229274425 -0.10783843571615923
4.241150082346222 -0.11193764982477426
4.303981935418017 -0.11562662448239158
4.366813788489813 -0.11888810420427294
4.429645641561608 -0.12170605518862612
4.4924774946334045 -0.12406577110276004
4.5553093477052 -0.12595398083815074
4.618141200776996 -0.12735895727105115
4.680973053848792 -0.1282706259346486
4.743804906920587 -0.12868067238449743
4.806636759992383 -0.1285826469241461
4.869468613064179 -0.12797206525590019
4.932300466135976 -0.12684650353600183
4.995132319207771 -0.12520568624767572
5.057964172279567 -0.12305156526298128
5.120796025351362 -0.12038838844850357
5.183627878423159 -0.11722275618359353
5.246459731494955 -0.11356366420568519
5.3092915845667505 -0.10942253127711106
5.372123437638546 -0.10481321028305621
5.434955290710342 -0.09975198152121359
5.497787143782137 -0.09425752712978358
5.560618996853934 -0.08835088582007655
5.62345084992573 -0.08205538733048987
5.686282702997525 -0.07539656629623333
5.749114556069321 -0.06840205552907387
5.811946409141116 -0.06110145901772789
5.874778262212914 -0.0535262052856947
5.937610115284709 -0.04570938207193689
6.000441968356505 -0.037685553623045105
6.0632738214283 -0.029490562195317087
6.126105674500097 -0.021161315653492455
6.188937527571893 -0.012735563312032471
6.2517693806436885 -0.004251662387675617