0.031415926535897934 0.009363341480325504
0.0942477796076938 0.028049271800765774
0.15707963267948966 0.04661317204934547
0.21991148575128552 0.06497444610796842
0.2827433388230814 0.08305362597999054
0.34557519189487723 0.100772807640092
0.4084070449666731 0.1180560718259604
0.47123889803846897 0.13482988594475834
0.5340707511102649 0.15102348360486295
0.5969026041820606 0.16656921867572655
0.6597344572538566 0.18140289121515504
0.7225663103256523 0.19546404307212634
0.7853981633974483 0.20869622146234856
0.8482300164692442 0.22104720931091418
0.91106186954104 0.2324692216498664
0.9738937226128359 0.24291906783723566
1.0367255756846319 0.2523582798181923
1.0995574287564276 0.2607532070697572
1.1623892818282235 0.2680750792509534
1.2252211349000193 0.2743000379148545
1.2880529879718152 0.2794091389239087
1.350884841043611 0.28338832744300474
1.413716694115407 0.28622838756540137
1.4765485471872026 0.28792486875565865
1.5393804002589986 0.2884779913731669
1.6022122533307945 0.28789253357289
1.6650441064025903 0.2861777018704873
1.7278759594743862 0.28334698761165894
1.7907078125461822 0.27941801150539586
1.853539665617978 0.27441235827304894
1.9163715186897736 0.2683554033350316
1.9792033717615696 0.2612761333097224
2.0420352248333655 0.2532069619396336
2.104867077905162 0.24418354289271793
2.1676989309769574 0.23424458071594184
2.230530784048753 0.22343164104756785
2.2933626371205493 0.2117889610271057
2.356194490192345 0.1993632606801999
2.4190263432641403 0.18620355590188614
2.4818581963359367 0.17236097351729476
2.5446900494077322 0.15788856876511392
2.607521902479528 0.14284114542668513
2.670353755551324 0.12727507871289642
2.7331856086231197 0.11124814092209429
2.796017461694916 0.09481932979494023
2.8588493147667116 0.07804869941611962
2.9216811678385075 0.0609971934476061
2.9845130209103035 0.04372648042324879
3.047344873982099 0.026298790789204433
3.1101767270538954 0.008776755338609025
3.173008580125691 -0.008776755338609025
3.2358404331974873 -0.026298790789204433
3.2986722862692828 -0.04372648042324879
3.3615041393410787 -0.0609971934476061
3.4243359924128747 -0.07804869941611962
3.48716784548467 -0.09481932979494023
3.549999698556466 -0.11124814092209415
3.612831551628262 -0.12727507871289642
3.675663404700058 -0.14284114542668513
3.7384952577718535 -0.1578885687651138
3.8013271108436495 -0.17236097351729476
3.8641589639154454 -0.186203555901886
3.9269908169872414 -0.1993632606801999
3.989822670059038 -0.21178896102710587
4.052654523130833 -0.22343164104756785
4.115486376202629 -0.23424458071594184
4.178318229274425 -0.24418354289271796
4.241150082346222 -0.2532069619396336
4.303981935418017 -0.2612761333097224
4.366813788489813 -0.2683554033350316
4.429645641561608 -0.27441235827304894
4.4924774946334045 -0.2794180115053959
4.5553093477052 -0.28334698761165894
4.618141200776996 -0.2861777018704873
4.680973053848792 -0.28789253357289
4.743804906920587 -0.2884779913731668
4.806636759992383 -0.2879248687556587
4.869468613064179 -0.28622838756540137
4.932300466135976 -0.28338832744300463
4.995132319207771 -0.2794091389239087
5.057964172279567 -0.2743000379148545
5.120796025351362 -0.2680750792509534
5.183627878423159 -0.2607532070697572
5.246459731494955 -0.25235827981819237
5.3092915845667505 -0.24291906783723566
5.372123437638546 -0.2324692216498664
5.434955290710342 -0.22104720931091437
5.497787143782137 -0.2086962214623487
5.560618996853934 -0.19546404307212617
5.62345084992573 -0.18140289121515504
5.686282702997525 -0.16656921867572655
5.749114556069321 -0.15102348360486312
5.811946409141116 -0.13482988594475867
5.874778262212914 -0.11805607182596024
5.937610115284709 -0.100772807640092
6.000441968356505 -0.08305362597999054
6.0632738214283 -0.06497444610796868
6.126105674500097 -0.04661317204934547
6.188937527571893 -0.02804927180076563
6.2517693806436885 -0.009363341480325504