0.031415926535897934 0.00881625265668097
0.0942477796076938 0.026303693088574213
0.15707963267948966 0.043361847588782185
0.21991148575128552 0.05972376080256298
0.2827433388230814 0.07514977719856539
0.34557519189487723 0.08943555438445845
0.4084070449666731 0.10241759802866951
0.47123889803846897 0.11397613549176341
0.5340707511102649 0.12403541088409227
0.5969026041820606 0.13256170471095496
0.6597344572538566 0.13955953371164387
0.7225663103256523 0.14506656326766393
0.7853981633974483 0.14914777150982358
0.8482300164692442 0.1518893558117508
0.91106186954104 0.15339278776557988
0.9738937226128359 0.15376932093376183
1.0367255756846319 0.1531351525070775
1.0995574287564276 0.15160734677011276
1.1623892818282235 0.14930055155198785
1.2252211349000193 0.1463244811362209
1.2880529879718152 0.1427820999490012
1.350884841043611 0.13876841841062623
1.413716694115407 0.1343698023983951
1.4765485471872026 0.12966369743038997
1.5393804002589986 0.12471867481493226
1.6022122533307945 0.11959471701104471
1.6650441064025903 0.11434367129429286
1.7278759594743862 0.1090098130714865
1.7907078125461822 0.10363047187811707
1.853539665617978 0.09823668365498034
1.9163715186897736 0.09285384205615936
1.9792033717615696 0.0875023292125128
2.0420352248333655 0.082198112616744
2.104867077905162 0.07695329973806768
2.1676989309769574 0.07177664578369436
2.230530784048753 0.06667401287891728
2.2933626371205493 0.06164878100980095
2.356194490192345 0.056702212519277664
2.4190263432641403 0.051833772906006575
2.4818581963359367 0.047041411261640416
2.5446900494077322 0.04232180399185252
2.607521902479528 0.037670565576796156
2.670353755551324 0.033082430098686944
2.7331856086231197 0.028551407145413904
2.796017461694916 0.02407091552583736
2.8588493147667116 0.019633898032023842
2.9216811678385075 0.015232920276320542
2.9845130209103035 0.010860256431569296
3.047344873982099 0.006507964521379676
3.1101767270538954 0.0021679537515524455
3.173008580125691 -0.0021679537515524455
3.2358404331974873 -0.006507964521379676
3.2986722862692828 -0.010860256431569296
3.3615041393410787 -0.015232920276320542
3.4243359924128747 -0.019633898032023842
3.48716784548467 -0.02407091552583736
3.549999698556466 -0.028551407145413828
3.612831551628262 -0.033082430098686944
3.675663404700058 -0.037670565576796156
3.7384952577718535 -0.042321803991852446
3.8013271108436495 -0.047041411261640416
3.8641589639154454 -0.051833772906006575
3.9269908169872414 -0.056702212519277664
3.989822670059038 -0.06164878100980109
4.052654523130833 -0.06667401287891728
4.115486376202629 -0.07177664578369436
4.178318229274425 -0.0769532997380678
4.241150082346222 -0.08219811261674406
4.303981935418017 -0.0875023292125128
4.366813788489813 -0.09285384205615936
4.429645641561608 -0.09823668365498028
4.4924774946334045 -0.10363047187811707
4.5553093477052 -0.1090098130714865
4.618141200776996 -0.11434367129429299
4.680973053848792 -0.11959471701104471
4.743804906920587 -0.12471867481493217
4.806636759992383 -0.12966369743039005
4.869468613064179 -0.1343698023983951
4.932300466135976 -0.13876841841062637
4.995132319207771 -0.14278209994900112
5.057964172279567 -0.14632448113622085
5.120796025351362 -0.1493005515519879
5.183627878423159 -0.15160734677011276
5.246459731494955 -0.15313515250707763
5.3092915845667505 -0.15376932093376183
5.372123437638546 -0.15339278776557988
5.434955290710342 -0.15188935581175084
5.497787143782137 -0.1491477715098236
5.560618996853934 -0.14506656326766373
5.62345084992573 -0.13955953371164387
5.686282702997525 -0.13256170471095496
5.749114556069321 -0.12403541088409227
5.811946409141116 -0.1139761354917637
5.874778262212914 -0.10241759802866941
5.937610115284709 -0.08943555438445845
6.000441968356505 -0.07514977719856539
6.0632738214283 -0.0597237608025632
6.126105674500097 -0.043361847588782185
6.188937527571893 -0.026303693088574116
6.2517693806436885 -0.00881625265668097