0.031415926535897934 0.006322455170512158
0.0942477796076938 0.018941832337196794
0.15707963267948966 0.0314847248587208
0.21991148575128552 0.04390052504071321
0.2827433388230814 0.056139195309124715
0.34557519189487723 0.06815149035118664
0.4084070449666731 0.07988917348576212
0.47123889803846897 0.09130522580430131
0.5340707511102649 0.10235404675732863
0.5969026041820606 0.11299164501555833
0.6597344572538566 0.12317581860439998
0.7225663103256523 0.13286632349044034
0.7853981633974483 0.1420250299829484
0.8482300164692442 0.1506160664970515
0.91106186954104 0.15860595040271303
0.9738937226128359 0.16596370585013817
1.0367255756846319 0.17266096861347904
1.0995574287564276 0.17867207812710767
1.1623892818282235 0.1839741569995111
1.2252211349000193 0.18854717837712393
1.2880529879718152 0.19237402159312028
1.350884841043611 0.19544051657425404
1.413716694115407 0.19773547749295323
1.4765485471872026 0.1992507261436314
1.5393804002589986 0.1999811054937953
1.6022122533307945 0.1999244838148752
1.6650441064025903 0.1990817497381833
1.7278759594743862 0.19745679851169412
1.7907078125461822 0.1950565096574754
1.853539665617978 0.1918907161516055
1.9163715186897736 0.1879721651723847
1.9792033717615696 0.18331647039242904
2.0420352248333655 0.17794205572947597
2.104867077905162 0.17187009042260024
2.1676989309769574 0.16512441526777952
2.230530784048753 0.15773145983147624
2.2933626371205493 0.14972015046460324
2.356194490192345 0.14112180896267623
2.4190263432641403 0.1319700417611943
2.4818581963359367 0.12230061961759836
2.5446900494077322 0.11215134781114611
2.607521902479528 0.10156192698758269
2.670353755551324 0.09057380488387291
2.7331856086231197 0.07923001928623095
2.796017461694916 0.06757503269856564
2.8588493147667116 0.05565455932430155
2.9216811678385075 0.04351538508819904
2.9845130209103035 0.031205181542191162
3.047344873982099 0.018772314606393177
3.1101767270538954 0.006265649189677048
3.173008580125691 -0.006265649189677048
3.2358404331974873 -0.018772314606393177
3.2986722862692828 -0.031205181542191162
3.3615041393410787 -0.04351538508819904
3.4243359924128747 -0.05565455932430155
3.48716784548467 -0.06757503269856564
3.549999698556466 -0.07923001928623084
3.612831551628262 -0.09057380488387291
3.675663404700058 -0.10156192698758269
3.7384952577718535 -0.11215134781114611
3.8013271108436495 -0.12230061961759836
3.8641589639154454 -0.1319700417611943
3.9269908169872414 -0.14112180896267623
3.989822670059038 -0.1497201504646034
4.052654523130833 -0.15773145983147624
4.115486376202629 -0.16512441526777952
4.178318229274425 -0.17187009042260035
4.241150082346222 -0.17794205572947605
4.303981935418017 -0.18331647039242904
4.366813788489813 -0.1879721651723847
4.429645641561608 -0.19189071615160544
4.4924774946334045 -0.19505650965747526
4.5553093477052 -0.19745679851169412
4.618141200776996 -0.19908174973818335
4.680973053848792 -0.1999244838148752
4.743804906920587 -0.19998110549379522
4.806636759992383 -0.19925072614363154
4.869468613064179 -0.19773547749295323
4.932300466135976 -0.19544051657425418
4.995132319207771 -0.19237402159312028
5.057964172279567 -0.18854717837712395
5.120796025351362 -0.18397415699951117
5.183627878423159 -0.17867207812710767
5.246459731494955 -0.17266096861347913
5.3092915845667505 -0.16596370585013817
5.372123437638546 -0.15860595040271303
5.434955290710342 -0.15061606649705156
5.497787143782137 -0.14202502998294844
5.560618996853934 -0.13286632349044036
5.62345084992573 -0.12317581860439998
5.686282702997525 -0.11299164501555833
5.749114556069321 -0.10235404675732863
5.811946409141116 -0.09130522580430153
5.874778262212914 -0.07988917348576192
5.937610115284709 -0.06815149035118664
6.000441968356505 -0.056139195309124715
6.0632738214283 -0.04390052504071338
6.126105674500097 -0.0314847248587208
6.188937527571893 -0.01894183233719671
6.2517693806436885 -0.006322455170512158