0.031415926535897934 0.006125934285668541
0.0942477796076938 0.01835511161726027
0.15707963267948966 0.03051629282979065
0.21991148575128552 0.04256440535701576
0.2827433388230814 0.05445476221246604
0.34557519189487723 0.06614321289904007
0.4084070449666731 0.07758629112822066
0.47123889803846897 0.08874135862003349
0.5340707511102649 0.09956674438192943
0.5969026041820606 0.11002187900948013
0.6597344572538566 0.12006742370840942
0.7225663103256523 0.1296653938998206
0.7853981633974483 0.13877927743195484
0.8482300164692442 0.14737414757584405
0.91106186954104 0.1554167711223037
0.9738937226128359 0.16287571201774706
1.0367255756846319 0.16972143107068505
1.0995574287564276 0.17592638232465105
1.1623892818282235 0.1814651067226317
1.2252211349000193 0.18631432367988013
1.2880529879718152 0.19045302113432278
1.350884841043611 0.19386254455589105
1.413716694115407 0.19652668526856656
1.4765485471872026 0.1984317682735218
1.5393804002589986 0.1995667395616661
1.6022122533307945 0.199923252673645
1.6650441064025903 0.19949575401078545
1.7278759594743862 0.19828156612871045
1.7907078125461822 0.19628096796475872
1.853539665617978 0.19349727067031772
1.9163715186897736 0.18993688745006368
1.9792033717615696 0.1856093955628744
2.0420352248333655 0.18052758842518843
2.104867077905162 0.1747075155881903
2.1676989309769574 0.16816850824630897
2.230530784048753 0.16093318788613847
2.2933626371205493 0.15302745571060872
2.356194490192345 0.1444804605796683
2.4190263432641403 0.13532454340003433
2.4818581963359367 0.1255951561739293
2.5446900494077322 0.11533075427803106
2.607521902479528 0.10457266098340998
2.670353755551324 0.09336490373564042
2.7331856086231197 0.08175402227857292
2.796017461694916 0.06978884930918249
2.8588493147667116 0.057520264975425506
2.9216811678385075 0.04500092715302458
2.9845130209103035 0.032284980038299355
3.047344873982099 0.019427744150081784
3.1101767270538954 0.006485391322956641
3.173008580125691 -0.006485391322956641
3.2358404331974873 -0.019427744150081784
3.2986722862692828 -0.032284980038299355
3.3615041393410787 -0.04500092715302458
3.4243359924128747 -0.057520264975425506
3.48716784548467 -0.06978884930918249
3.549999698556466 -0.08175402227857284
3.612831551628262 -0.09336490373564042
3.675663404700058 -0.10457266098340998
3.7384952577718535 -0.11533075427803095
3.8013271108436495 -0.1255951561739293
3.8641589639154454 -0.13532454340003416
3.9269908169872414 -0.1444804605796683
3.989822670059038 -0.15302745571060875
4.052654523130833 -0.16093318788613847
4.115486376202629 -0.16816850824630897
4.178318229274425 -0.17470751558819037
4.241150082346222 -0.18052758842518862
4.303981935418017 -0.18560939556287448
4.366813788489813 -0.18993688745006368
4.429645641561608 -0.1934972706703177
4.4924774946334045 -0.19628096796475883
4.5553093477052 -0.19828156612871045
4.618141200776996 -0.19949575401078537
4.680973053848792 -0.19992325267364502
4.743804906920587 -0.19956673956166618
4.806636759992383 -0.198431768273522
4.869468613064179 -0.19652668526856656
4.932300466135976 -0.19386254455589103
4.995132319207771 -0.19045302113432278
5.057964172279567 -0.18631432367988018
5.120796025351362 -0.18146510672263164
5.183627878423159 -0.17592638232465105
5.246459731494955 -0.16972143107068488
5.3092915845667505 -0.16287571201774706
5.372123437638546 -0.1554167711223037
5.434955290710342 -0.14737414757584416
5.497787143782137 -0.13877927743195498
5.560618996853934 -0.12966539389982049
5.62345084992573 -0.12006742370840942
5.686282702997525 -0.11002187900948013
5.749114556069321 -0.09956674438192946
5.811946409141116 -0.08874135862003359
5.874778262212914 -0.07758629112822066
5.937610115284709 -0.06614321289904007
6.000441968356505 -0.05445476221246604
6.0632738214283 -0.04256440535701576
6.126105674500097 -0.03051629282979065
6.188937527571893 -0.018355111617260205
6.2517693806436885 -0.006125934285668541