0.031415926535897934 0.008296295895587264
0.0942477796076938 0.0248611258542552
0.15707963267948966 0.041342742449296394
0.21991148575128552 0.05768590970186923
0.2827433388230814 0.07383574809576642
0.34557519189487723 0.08973787144030423
0.4084070449666731 0.10533851834048565
0.47123889803846897 0.12058467719179734
0.5340707511102649 0.1354242039393065
0.5969026041820606 0.14980593221190944
0.6597344572538566 0.16367977585036897
0.7225663103256523 0.1769968242785736
0.7853981633974483 0.18970943160691695
0.8482300164692442 0.2017713007900004
0.91106186954104 0.2131375645730212
0.9738937226128359 0.22376486533740364
1.0367255756846319 0.2336114362819029
1.0995574287564276 0.2426371866365644
1.1623892818282235 0.25080379379011325
1.2252211349000193 0.2580748053038765
1.2880529879718152 0.26441575377536297
1.350884841043611 0.26979428739126626
1.413716694115407 0.27418031876336457
1.4765485471872026 0.27754619426358274
1.5393804002589986 0.27986688556057354
1.6022122533307945 0.2811202044065226
1.6650441064025903 0.2812870409301015
1.7278759594743862 0.28035162476474085
1.7907078125461822 0.27830180729146237
1.853539665617978 0.2751293621198653
1.9163715186897736 0.27083029969465244
1.9792033717615696 0.2654051906319123
2.0420352248333655 0.25885949110174356
2.104867077905162 0.25120386233295006
2.1676989309769574 0.24245447518072757
2.230530784048753 0.2326332897350463
2.2933626371205493 0.2217682992251965
2.356194490192345 0.20989372706427956
2.4190263432641403 0.19705016584171195
2.4818581963359367 0.18328464746815928
2.5446900494077322 0.16865063454696233
2.607521902479528 0.15320792441002878
2.670353755551324 0.13702245911008287
2.7331856086231197 0.1201660369719943
2.796017461694916 0.10271592400977259
2.8588493147667116 0.0847543665184112
2.9216811678385075 0.0663680093293816
2.9845130209103035 0.04764722743171121
3.047344873982099 0.028685381750113686
3.1101767270538954 0.009578012676950173
3.173008580125691 -0.009578012676950173
3.2358404331974873 -0.028685381750113686
3.2986722862692828 -0.04764722743171121
3.3615041393410787 -0.0663680093293816
3.4243359924128747 -0.0847543665184112
3.48716784548467 -0.10271592400977259
3.549999698556466 -0.12016603697199416
3.612831551628262 -0.13702245911008287
3.675663404700058 -0.15320792441002878
3.7384952577718535 -0.16865063454696225
3.8013271108436495 -0.18328464746815928
3.8641589639154454 -0.197050165841712
3.9269908169872414 -0.20989372706427956
3.989822670059038 -0.2217682992251968
4.052654523130833 -0.2326332897350463
4.115486376202629 -0.24245447518072757
4.178318229274425 -0.25120386233295017
4.241150082346222 -0.2588594911017437
4.303981935418017 -0.26540519063191237
4.366813788489813 -0.27083029969465244
4.429645641561608 -0.2751293621198654
4.4924774946334045 -0.27830180729146237
4.5553093477052 -0.28035162476474085
4.618141200776996 -0.2812870409301015
4.680973053848792 -0.2811202044065226
4.743804906920587 -0.2798668855605735
4.806636759992383 -0.2775461942635828
4.869468613064179 -0.27418031876336457
4.932300466135976 -0.26979428739126626
4.995132319207771 -0.26441575377536297
5.057964172279567 -0.2580748053038766
5.120796025351362 -0.25080379379011325
5.183627878423159 -0.2426371866365644
5.246459731494955 -0.23361143628190273
5.3092915845667505 -0.22376486533740364
5.372123437638546 -0.2131375645730212
5.434955290710342 -0.20177130079000055
5.497787143782137 -0.1897094316069172
5.560618996853934 -0.17699682427857336
5.62345084992573 -0.16367977585036897
5.686282702997525 -0.14980593221190944
5.749114556069321 -0.13542420393930654
5.811946409141116 -0.12058467719179751
5.874778262212914 -0.10533851834048553
5.937610115284709 -0.08973787144030423
6.000441968356505 -0.07383574809576642
6.0632738214283 -0.057685909701869494
6.126105674500097 -0.041342742449296394
6.188937527571893 -0.02486112585425511
6.2517693806436885 -0.008296295895587264