0.031415926535897934 0.007078663551722857
0.0942477796076938 0.021205047901316287
0.15707963267948966 0.03523877263805759
0.21991148575128552 0.049118625498545024
0.2827433388230814 0.06278423072353802
0.34557519189487723 0.07617637428004236
0.4084070449666731 0.08923731981488887
0.47123889803846897 0.10191111285032811
0.5340707511102649 0.11414387085101545
0.5969026041820606 0.12588405693662247
0.6597344572538566 0.13708273518460978
0.7225663103256523 0.14769380566253604
0.7853981633974483 0.15767421754727795
0.8482300164692442 0.1669841589278712
0.91106186954104 0.175587222146893
0.9738937226128359 0.1834505438094143
1.0367255756846319 0.19054491887496458
1.0995574287564276 0.19684488854254034
1.1623892818282235 0.20232880193690878
1.2252211349000193 0.20697885190130955
1.2880529879718152 0.2107810854920552
1.350884841043611 0.21372539004914506
1.413716694115407 0.21580545597875772
1.4765485471872026 0.21701871762342356
1.5393804002589986 0.21736627380932697
1.6022122533307945 0.21685278984364798
1.6650441064025903 0.21548638288485236
1.7278759594743862 0.21327849272299312
1.7907078125461822 0.21024374008378396
1.853539665617978 0.20639977460880687
1.9163715186897736 0.20176711466493094
1.9792033717615696 0.19636898109996315
2.0420352248333655 0.19023112699063763
2.104867077905162 0.1833816653258807
2.1676989309769574 0.175850896436151
2.230530784048753 0.16767113682223522
2.2933626371205493 0.15887655085831257
2.356194490192345 0.14950298664869147
2.4190263432641403 0.13958781710981497
2.4818581963359367 0.129169787133356
2.5446900494077322 0.1182888674667774
2.607521902479528 0.10698611572874892
2.670353755551324 0.09530354476212735
2.7331856086231197 0.0832839983203402
2.796017461694916 0.07097103388715092
2.8588493147667116 0.0584088122477203
2.9216811678385075 0.045641993263042975
2.9845130209103035 0.03271563715230612
3.047344873982099 0.019675110460187058
3.1101767270538954 0.006565995780001529
3.173008580125691 -0.006565995780001529
3.2358404331974873 -0.019675110460187058
3.2986722862692828 -0.03271563715230612
3.3615041393410787 -0.045641993263042975
3.4243359924128747 -0.0584088122477203
3.48716784548467 -0.07097103388715092
3.549999698556466 -0.0832839983203402
3.612831551628262 -0.09530354476212735
3.675663404700058 -0.10698611572874892
3.7384952577718535 -0.1182888674667774
3.8013271108436495 -0.129169787133356
3.8641589639154454 -0.13958781710981494
3.9269908169872414 -0.14950298664869147
3.989822670059038 -0.15887655085831273
4.052654523130833 -0.16767113682223522
4.115486376202629 -0.175850896436151
4.178318229274425 -0.18338166532588077
4.241150082346222 -0.1902311269906377
4.303981935418017 -0.19636898109996315
4.366813788489813 -0.20176711466493094
4.429645641561608 -0.20639977460880687
4.4924774946334045 -0.21024374008378394
4.5553093477052 -0.21327849272299312
4.618141200776996 -0.21548638288485256
4.680973053848792 -0.21685278984364798
4.743804906920587 -0.21736627380932708
4.806636759992383 -0.21701871762342345
4.869468613064179 -0.21580545597875772
4.932300466135976 -0.2137253900491449
4.995132319207771 -0.2107810854920552
5.057964172279567 -0.20697885190130955
5.120796025351362 -0.20232880193690878
5.183627878423159 -0.19684488854254034
5.246459731494955 -0.19054491887496441
5.3092915845667505 -0.1834505438094143
5.372123437638546 -0.175587222146893
5.434955290710342 -0.16698415892787136
5.497787143782137 -0.1576742175472781
5.560618996853934 -0.147693805662536
5.62345084992573 -0.13708273518460978
5.686282702997525 -0.12588405693662247
5.749114556069321 -0.11414387085101545
5.811946409141116 -0.10191111285032835
5.874778262212914 -0.08923731981488876
5.937610115284709 -0.07617637428004236
6.000441968356505 -0.06278423072353802
6.0632738214283 -0.049118625498545086
6.126105674500097 -0.03523877263805759
6.188937527571893 -0.021205047901316054
6.2517693806436885 -0.007078663551722857