0.031415926535897934 0.009137651691286709
0.0942477796076938 0.027376414923326896
0.15707963267948966 0.04550572645430254
0.21991148575128552 0.06345317931774216
0.2827433388230814 0.0811472020078101
0.34557519189487723 0.0985173812447817
0.4084070449666731 0.11549477369478232
0.47123889803846897 0.13201220400437946
0.5340707511102649 0.1480045468701506
0.5969026041820606 0.16340899127346983
0.6597344572538566 0.1781652854560898
0.7225663103256523 0.19221596167623958
0.7853981633974483 0.20550654025122753
0.8482300164692442 0.21798571284465126
0.91106186954104 0.22960550537894855
0.9738937226128359 0.2403214213334848
1.0367255756846319 0.25009256651291434
1.0995574287564276 0.25888175663079527
1.1623892818282235 0.26665560924256954
1.2252211349000193 0.2733846216758799
1.2880529879718152 0.2790432366433095
1.350884841043611 0.28360989718412905
1.413716694115407 0.2870670924710855
1.4765485471872026 0.28940139584146224
1.5393804002589986 0.2906034961763927
1.6022122533307945 0.2906682234682073
1.6650441064025903 0.2895945690933685
1.7278759594743862 0.287385700960342
1.7907078125461822 0.2840489733404018
1.853539665617978 0.2795959308282098
1.9163715186897736 0.2740423055315329
1.9792033717615696 0.2674080062689848
2.0420352248333655 0.25971709827397516
2.104867077905162 0.25099777167404197
2.1676989309769574 0.2412822968480437
2.230530784048753 0.23060696466830366
2.2933626371205493 0.21901200961772357
2.356194490192345 0.20654151383773936
2.4190263432641403 0.19324329031372986
2.4818581963359367 0.17916874363918783
2.5446900494077322 0.16437270711455423
2.607521902479528 0.14891325532396496
2.670353755551324 0.13285149178303998
2.7331856086231197 0.11625131175017434
2.796017461694916 0.09917914082702033
2.8588493147667116 0.08170365052344611
2.9216811678385075 0.06389545250930415
2.9845130209103035 0.045826773800400865
3.047344873982099 0.02757111560981504
3.1101767270538954 0.00920289902003405
3.173008580125691 -0.00920289902003405
3.2358404331974873 -0.02757111560981504
3.2986722862692828 -0.045826773800400865
3.3615041393410787 -0.06389545250930415
3.4243359924128747 -0.08170365052344611
3.48716784548467 -0.09917914082702033
3.549999698556466 -0.11625131175017428
3.612831551628262 -0.13285149178303998
3.675663404700058 -0.14891325532396496
3.7384952577718535 -0.16437270711455412
3.8013271108436495 -0.17916874363918783
3.8641589639154454 -0.1932432903137298
3.9269908169872414 -0.20654151383773936
3.989822670059038 -0.2190120096177238
4.052654523130833 -0.23060696466830366
4.115486376202629 -0.2412822968480437
4.178318229274425 -0.250997771674042
4.241150082346222 -0.2597170982739752
4.303981935418017 -0.26740800626898487
4.366813788489813 -0.2740423055315329
4.429645641561608 -0.2795959308282096
4.4924774946334045 -0.28404897334040186
4.5553093477052 -0.287385700960342
4.618141200776996 -0.28959456909336845
4.680973053848792 -0.2906682234682073
4.743804906920587 -0.2906034961763928
4.806636759992383 -0.2894013958414623
4.869468613064179 -0.2870670924710855
4.932300466135976 -0.28360989718412893
4.995132319207771 -0.27904323664330943
5.057964172279567 -0.2733846216758801
5.120796025351362 -0.26665560924256954
5.183627878423159 -0.25888175663079527
5.246459731494955 -0.25009256651291434
5.3092915845667505 -0.2403214213334848
5.372123437638546 -0.22960550537894855
5.434955290710342 -0.21798571284465143
5.497787143782137 -0.2055065402512276
5.560618996853934 -0.19221596167623942
5.62345084992573 -0.1781652854560898
5.686282702997525 -0.16340899127346983
5.749114556069321 -0.14800454687015072
5.811946409141116 -0.13201220400437957
5.874778262212914 -0.11549477369478213
5.937610115284709 -0.0985173812447817
6.000441968356505 -0.0811472020078101
6.0632738214283 -0.06345317931774216
6.126105674500097 -0.04550572645430254
6.188937527571893 -0.027376414923326896
6.2517693806436885 -0.009137651691286709