0.031415926535897934 0.008746892155039059
0.0942477796076938 0.026208805592620444
0.15707963267948966 0.04357521896148443
0.21991148575128552 0.06078283957945279
0.2827433388230814 0.07776893188919728
0.34557519189487723 0.09447153261789486
0.4084070449666731 0.11082965859280129
0.47123889803846897 0.12678350559403292
0.5340707511102649 0.1422746369600593
0.5969026041820606 0.15724616104287495
0.6597344572538566 0.1716428970241917
0.7225663103256523 0.18541152903568348
0.7853981633974483 0.19850074895919903
0.8482300164692442 0.21086138870077678
0.91106186954104 0.22244654311955545
0.9738937226128359 0.23321168513451387
1.0367255756846319 0.24311477481494664
1.0995574287564276 0.2521163644728367
1.1623892818282235 0.26017970190683587
1.2252211349000193 0.2672708339904224
1.2880529879718152 0.273358712745174
1.350884841043611 0.2784153058904096
1.413716694115407 0.28241571361155887
1.4765485471872026 0.28533829294280105
1.5393804002589986 0.2871647907187313
1.6022122533307945 0.2878804855217093
1.6650441064025903 0.28747433844580045
1.7278759594743862 0.285939151827521
1.7907078125461822 0.2832717343739678
1.853539665617978 0.27947307036963215
1.9163715186897736 0.27454848988690816
1.9792033717615696 0.2685078361877427
2.0420352248333655 0.26136562581351785
2.104867077905162 0.2531411962477216
2.1676989309769574 0.24385883553303175
2.230530784048753 0.23354788786291397
2.2933626371205493 0.22224282897800487
2.356194490192345 0.20998330520651784
2.4190263432641403 0.19681413021759514
2.4818581963359367 0.18278523402190436
2.5446900494077322 0.16795155946077528
2.607521902479528 0.1523729023693492
2.670353755551324 0.13611369276439592
2.7331856086231197 0.11924271576525618
2.796017461694916 0.10183277246644518
2.8588493147667116 0.0839602825914059
2.9216811678385075 0.06570483240832214
2.9845130209103035 0.04714867301402779
3.047344873982099 0.02837617562121454
3.1101767270538954 0.00947325184873122
3.173008580125691 -0.00947325184873122
3.2358404331974873 -0.02837617562121454
3.2986722862692828 -0.04714867301402779
3.3615041393410787 -0.06570483240832214
3.4243359924128747 -0.0839602825914059
3.48716784548467 -0.10183277246644518
3.549999698556466 -0.11924271576525615
3.612831551628262 -0.13611369276439592
3.675663404700058 -0.1523729023693492
3.7384952577718535 -0.16795155946077522
3.8013271108436495 -0.18278523402190436
3.8641589639154454 -0.1968141302175949
3.9269908169872414 -0.20998330520651784
3.989822670059038 -0.22224282897800504
4.052654523130833 -0.23354788786291397
4.115486376202629 -0.24385883553303175
4.178318229274425 -0.25314119624772174
4.241150082346222 -0.26136562581351813
4.303981935418017 -0.2685078361877429
4.366813788489813 -0.27454848988690816
4.429645641561608 -0.27947307036963204
4.4924774946334045 -0.28327173437396774
4.5553093477052 -0.285939151827521
4.618141200776996 -0.2874743384458004
4.680973053848792 -0.28788048552170936
4.743804906920587 -0.2871647907187313
4.806636759992383 -0.28533829294280105
4.869468613064179 -0.28241571361155887
4.932300466135976 -0.2784153058904096
4.995132319207771 -0.27335871274517387
5.057964172279567 -0.2672708339904224
5.120796025351362 -0.2601797019068359
5.183627878423159 -0.2521163644728367
5.246459731494955 -0.24311477481494656
5.3092915845667505 -0.23321168513451387
5.372123437638546 -0.22244654311955545
5.434955290710342 -0.21086138870077697
5.497787143782137 -0.1985007489591993
5.560618996853934 -0.18541152903568348
5.62345084992573 -0.1716428970241917
5.686282702997525 -0.15724616104287495
5.749114556069321 -0.14227463696005954
5.811946409141116 -0.12678350559403315
5.874778262212914 -0.11082965859280121
5.937610115284709 -0.09447153261789486
6.000441968356505 -0.07776893188919728
6.0632738214283 -0.060782839579452894
6.126105674500097 -0.04357521896148443
6.188937527571893 -0.026208805592620277
6.2517693806436885 -0.008746892155039059