0.031415926535897934 0.009579648128061283
0.0942477796076938 0.028685932407874558
0.15707963267948966 0.04763365755774304
0.21991148575128552 0.06631870000313807
0.2827433388230814 0.08463928617981137
0.34557519189487723 0.1024968853996154
0.4084070449666731 0.11979705646193424
0.47123889803846897 0.13645023606466125
0.5340707511102649 0.1523724580288241
0.5969026041820606 0.1674859935264355
0.6597344572538566 0.18171990388445153
0.7225663103256523 0.19501049911373883
0.7853981633974483 0.20730169705661267
0.8482300164692442 0.21854527992609363
0.91106186954104 0.22870104698143082
0.9738937226128359 0.2377368640964341
1.0367255756846319 0.2456286129724862
1.0995574287564276 0.25236004466637935
1.1623892818282235 0.2579225438841722
1.2252211349000193 0.26231481207957646
1.2880529879718152 0.2655424787396705
1.350884841043611 0.2676176513026181
1.413716694115407 0.26855841490453775
1.4765485471872026 0.26838829358223265
1.5393804002589986 0.26713568466574383
1.6022122533307945 0.26483327789357175
1.6650441064025903 0.2615174702999448
1.7278759594743862 0.25722778719356865
1.7907078125461822 0.25200631861412365
1.853539665617978 0.24589717956412502
1.9163715186897736 0.23894600111910533
1.9792033717615696 0.23119945826694482
2.0420352248333655 0.22270483906292549
2.104867077905162 0.21350965845106942
2.1676989309769574 0.20366131892859213
2.230530784048753 0.19320681914587318
2.2933626371205493 0.1821925105589138
2.356194490192345 0.17066390139734003
2.4190263432641403 0.15866550648454092
2.4818581963359367 0.14624074084751587
2.5446900494077322 0.13343185457754625
2.607521902479528 0.12027990604004249
2.670353755551324 0.10682477027113406
2.7331856086231197 0.09310517922601376
2.796017461694916 0.07915879044501724
2.8588493147667116 0.06502228066282416
2.9216811678385075 0.050731460889308515
2.9845130209103035 0.03632140952363691
3.047344873982099 0.021826620113598375
3.1101767270538954 0.007281160428905445
3.173008580125691 -0.007281160428905445
3.2358404331974873 -0.021826620113598375
3.2986722862692828 -0.03632140952363691
3.3615041393410787 -0.050731460889308515
3.4243359924128747 -0.06502228066282416
3.48716784548467 -0.07915879044501724
3.549999698556466 -0.09310517922601362
3.612831551628262 -0.10682477027113406
3.675663404700058 -0.12027990604004249
3.7384952577718535 -0.1334318545775462
3.8013271108436495 -0.14624074084751587
3.8641589639154454 -0.15866550648454086
3.9269908169872414 -0.17066390139734003
3.989822670059038 -0.18219251055891397
4.052654523130833 -0.19320681914587318
4.115486376202629 -0.20366131892859213
4.178318229274425 -0.21350965845106956
4.241150082346222 -0.22270483906292554
4.303981935418017 -0.2311994582669449
4.366813788489813 -0.23894600111910533
4.429645641561608 -0.24589717956412502
4.4924774946334045 -0.2520063186141237
4.5553093477052 -0.25722778719356865
4.618141200776996 -0.26151747029994493
4.680973053848792 -0.26483327789357175
4.743804906920587 -0.26713568466574383
4.806636759992383 -0.26838829358223276
4.869468613064179 -0.26855841490453775
4.932300466135976 -0.26761765130261805
4.995132319207771 -0.2655424787396705
5.057964172279567 -0.2623148120795766
5.120796025351362 -0.2579225438841722
5.183627878423159 -0.25236004466637935
5.246459731494955 -0.2456286129724861
5.3092915845667505 -0.2377368640964341
5.372123437638546 -0.22870104698143082
5.434955290710342 -0.21854527992609366
5.497787143782137 -0.207301697056613
5.560618996853934 -0.19501049911373877
5.62345084992573 -0.18171990388445153
5.686282702997525 -0.1674859935264355
5.749114556069321 -0.1523724580288243
5.811946409141116 -0.13645023606466145
5.874778262212914 -0.11979705646193406
5.937610115284709 -0.1024968853996154
6.000441968356505 -0.08463928617981137
6.0632738214283 -0.0663187000031381
6.126105674500097 -0.04763365755774304
6.188937527571893 -0.028685932407874384
6.2517693806436885 -0.009579648128061283