0.031415926535897934 0.008464663613336193
0.0942477796076938 0.025364490197667646
0.15707963267948966 0.04217590510621353
0.21991148575128552 0.058840267068910934
0.2827433388230814 0.07529938116232907
0.34557519189487723 0.09149567065022898
0.4084070449666731 0.10737234247052165
0.47123889803846897 0.12287354503136538
0.5340707511102649 0.137944517313675
0.5969026041820606 0.15253172866071296
0.6597344572538566 0.16658300905397674
0.7225663103256523 0.18004767011339268
0.7853981633974483 0.19287661750323196
0.8482300164692442 0.20502245585730847
0.91106186954104 0.21643958774217723
0.9738937226128359 0.22708430854009054
1.0367255756846319 0.23691489944001745
1.0995574287564276 0.24589172096186596
1.1623892818282235 0.2539773095941792
1.2252211349000193 0.2611364801884278
1.2880529879718152 0.26733643671460094
1.350884841043611 0.27254689383580344
1.413716694115407 0.2767402114986202
1.4765485471872026 0.2798915443579096
1.5393804002589986 0.2819790073587174
1.6022122533307945 0.28298385818641186
1.6650441064025903 0.2828906965746052
1.7278759594743862 0.2816876796386422
1.7907078125461822 0.2793667514947118
1.853539665617978 0.27592388445042193
1.9163715186897736 0.2713593280370545
1.9792033717615696 0.26567786112756847
2.0420352248333655 0.2588890413844523
2.104867077905162 0.251007445349697
2.1676989309769574 0.2420528916718507
2.230530784048753 0.2320506393114165
2.2933626371205493 0.22103155212565162
2.356194490192345 0.20903222105490904
2.4190263432641403 0.19609503525769242
2.4818581963359367 0.1822681940044882
2.5446900494077322 0.16760565196286764
2.607521902479528 0.15216699169430412
2.670353755551324 0.13601721872415937
2.7331856086231197 0.11922647640756606
2.796017461694916 0.10186967994168011
2.8588493147667116 0.0840260711952026
2.9216811678385075 0.06577869844786492
2.9845130209103035 0.0472138275512403
3.047344873982099 0.028420293325746852
3.1101767270538954 0.00948880208438114
3.173008580125691 -0.00948880208438114
3.2358404331974873 -0.028420293325746852
3.2986722862692828 -0.0472138275512403
3.3615041393410787 -0.06577869844786492
3.4243359924128747 -0.0840260711952026
3.48716784548467 -0.10186967994168011
3.549999698556466 -0.11922647640756595
3.612831551628262 -0.13601721872415937
3.675663404700058 -0.15216699169430412
3.7384952577718535 -0.16760565196286759
3.8013271108436495 -0.1822681940044882
3.8641589639154454 -0.1960950352576923
3.9269908169872414 -0.20903222105490904
3.989822670059038 -0.22103155212565168
4.052654523130833 -0.2320506393114165
4.115486376202629 -0.2420528916718507
4.178318229274425 -0.251007445349697
4.241150082346222 -0.2588890413844523
4.303981935418017 -0.2656778611275687
4.366813788489813 -0.2713593280370545
4.429645641561608 -0.275923884450422
4.4924774946334045 -0.2793667514947118
4.5553093477052 -0.2816876796386422
4.618141200776996 -0.2828906965746052
4.680973053848792 -0.28298385818641186
4.743804906920587 -0.28197900735871734
4.806636759992383 -0.27989154435790947
4.869468613064179 -0.2767402114986202
4.932300466135976 -0.27254689383580344
4.995132319207771 -0.2673364367146011
5.057964172279567 -0.2611364801884278
5.120796025351362 -0.2539773095941793
5.183627878423159 -0.24589172096186596
5.246459731494955 -0.23691489944001737
5.3092915845667505 -0.22708430854009054
5.372123437638546 -0.21643958774217723
5.434955290710342 -0.20502245585730863
5.497787143782137 -0.19287661750323204
5.560618996853934 -0.18004767011339248
5.62345084992573 -0.16658300905397674
5.686282702997525 -0.15253172866071296
5.749114556069321 -0.13794451731367513
5.811946409141116 -0.12287354503136555
5.874778262212914 -0.10737234247052165
5.937610115284709 -0.09149567065022898
6.000441968356505 -0.07529938116232907
6.0632738214283 -0.058840267068911066
6.126105674500097 -0.04217590510621353
6.188937527571893 -0.025364490197667452
6.2517693806436885 -0.008464663613336193