0.031415926535897934 0.0025730650875852796
0.0942477796076938 0.007703002471330293
0.15707963267948966 0.012784553399491623
0.21991148575128552 0.017786095724690542
0.2827433388230814 0.0226769458428064
0.34557519189487723 0.02742770524727856
0.4084070449666731 0.03201057940689026
0.47123889803846897 0.03639966269002585
0.5340707511102649 0.04057118417303161
0.5969026041820606 0.04450371042090648
0.6597344572538566 0.04817830265920408
0.7225663103256523 0.05157862710964116
0.7853981633974483 0.05469101858335024
0.8482300164692442 0.05750449866472108
0.91106186954104 0.06001075093231984
0.9738937226128359 0.06220405661751027
1.0367255756846319 0.06408119487221678
1.0995574287564276 0.06564131239140641
1.1623892818282235 0.06688576751003798
1.2252211349000193 0.06781795407446936
1.2880529879718152 0.06844311038856883
1.350884841043611 0.06876811837521643
1.413716694115407 0.06880129779919995
1.4765485471872026 0.06855219999496068
1.5393804002589986 0.06803140506043488
1.6022122533307945 0.06725032594394913
1.6650441064025903 0.0662210222904818
1.7278759594743862 0.06495602634953992
1.7907078125461822 0.0634681826989095
1.853539665617978 0.06177050302234817
1.9163715186897736 0.05987603670680005
1.9792033717615696 0.057797757604082324
2.0420352248333655 0.05554846693803062
2.104867077905162 0.05314071203256968
2.1676989309769574 0.05058672028841175
2.230530784048753 0.04789834764337592
2.2933626371205493 0.04508704060949101
2.356194490192345 0.04216381088386192
2.4190263432641403 0.03913922147390979
2.4818581963359367 0.03602338325493679
2.5446900494077322 0.03282596088288639
2.607521902479528 0.02955618701181522
2.670353755551324 0.026222883808446423
2.7331856086231197 0.02283449081022288
2.796017461694916 0.019399098234063668
2.8588493147667116 0.015924484906621118
2.9216811678385075 0.012418160049912802
2.9845130209103035 0.008887408215944064
3.047344873982099 0.005339336718024593
3.1101767270538954 0.001780924953082109
3.173008580125691 -0.001780924953082109
3.2358404331974873 -0.005339336718024593
3.2986722862692828 -0.008887408215944064
3.3615041393410787 -0.012418160049912802
3.4243359924128747 -0.015924484906621118
3.48716784548467 -0.019399098234063668
3.549999698556466 -0.02283449081022288
3.612831551628262 -0.026222883808446423
3.675663404700058 -0.02955618701181522
3.7384952577718535 -0.03282596088288633
3.8013271108436495 -0.03602338325493679
3.8641589639154454 -0.03913922147390979
3.9269908169872414 -0.04216381088386192
3.989822670059038 -0.045087040609491195
4.052654523130833 -0.04789834764337592
4.115486376202629 -0.05058672028841175
4.178318229274425 -0.05314071203256974
4.241150082346222 -0.05554846693803062
4.303981935418017 -0.057797757604082324
4.366813788489813 -0.05987603670680005
4.429645641561608 -0.06177050302234817
4.4924774946334045 -0.0634681826989095
4.5553093477052 -0.06495602634953992
4.618141200776996 -0.06622102229048177
4.680973053848792 -0.06725032594394913
4.743804906920587 -0.06803140506043488
4.806636759992383 -0.06855219999496068
4.869468613064179 -0.06880129779919995
4.932300466135976 -0.06876811837521643
4.995132319207771 -0.06844311038856894
5.057964172279567 -0.06781795407446942
5.120796025351362 -0.06688576751003798
5.183627878423159 -0.06564131239140641
5.246459731494955 -0.06408119487221667
5.3092915845667505 -0.06220405661751027
5.372123437638546 -0.06001075093231984
5.434955290710342 -0.05750449866472108
5.497787143782137 -0.05469101858335024
5.560618996853934 -0.05157862710964106
5.62345084992573 -0.04817830265920408
5.686282702997525 -0.04450371042090648
5.749114556069321 -0.04057118417303161
5.811946409141116 -0.03639966269002607
5.874778262212914 -0.03201057940689026
5.937610115284709 -0.02742770524727856
6.000441968356505 -0.0226769458428064
6.0632738214283 -0.017786095724690542
6.126105674500097 -0.012784553399491623
6.188937527571893 -0.007703002471330347
6.2517693806436885 -0.0025730650875852796