0.031415926535897934 0.007113789657541821
0.0942477796076938 0.021316179953957345
0.15707963267948966 0.03544307445119545
0.21991148575128552 0.0494443797737812
0.2827433388230814 0.06327035702039825
0.34557519189487723 0.07687176109138903
0.4084070449666731 0.09019997769506048
0.47123889803846897 0.10320715756484122
0.5340707511102649 0.11584634755524344
0.5969026041820606 0.1280716184394087
0.6597344572538566 0.13983818939856038
0.7225663103256523 0.1511025493670755
0.7853981633974483 0.16182257556881469
0.8482300164692442 0.1719576497432488
0.91106186954104 0.1814687727061748
0.9738937226128359 0.19031867801200636
1.0367255756846319 0.19847194557564987
1.0995574287564276 0.20589511616534611
1.1623892818282235 0.21255680768777452
1.2252211349000193 0.21842783414831823
1.2880529879718152 0.22348132807895793
1.350884841043611 0.22769286708126124
1.413716694115407 0.23104060493140272
1.4765485471872026 0.23350540743865045
1.5393804002589986 0.2350709929407279
1.6022122533307945 0.23572407696328995
1.6650441064025903 0.23545452017293422
1.7278759594743862 0.23425547832243812
1.7907078125461822 0.23212355243426708
1.853539665617978 0.22905893700710103
1.9163715186897736 0.2250655635755703
1.9792033717615696 0.2201512365228764
2.0420352248333655 0.21432775765828813
2.104867077905162 0.20761103574644407
2.1676989309769574 0.20002117693297375
2.230530784048753 0.19158255187063378
2.2933626371205493 0.18232383532978577
2.356194490192345 0.17227801419178054
2.4190263432641403 0.16148235998500093
2.4818581963359367 0.14997836253736455
2.5446900494077322 0.13781162188645868
2.607521902479528 0.12503169630295788
2.670353755551324 0.11169190513109796
2.7331856086231197 0.09784908611098392
2.796017461694916 0.08356330789363675
2.8588493147667116 0.0688975395569975
2.9216811678385075 0.0539172800407385
2.9845130209103035 0.03869015149770379
3.047344873982099 0.023285461566903
3.1101767270538954 0.007773740465301741
3.173008580125691 -0.007773740465301741
3.2358404331974873 -0.023285461566903
3.2986722862692828 -0.03869015149770379
3.3615041393410787 -0.0539172800407385
3.4243359924128747 -0.0688975395569975
3.48716784548467 -0.08356330789363675
3.549999698556466 -0.09784908611098377
3.612831551628262 -0.11169190513109796
3.675663404700058 -0.12503169630295788
3.7384952577718535 -0.1378116218864586
3.8013271108436495 -0.14997836253736455
3.8641589639154454 -0.16148235998500088
3.9269908169872414 -0.17227801419178054
3.989822670059038 -0.18232383532978585
4.052654523130833 -0.19158255187063378
4.115486376202629 -0.20002117693297375
4.178318229274425 -0.20761103574644424
4.241150082346222 -0.21432775765828832
4.303981935418017 -0.22015123652287655
4.366813788489813 -0.2250655635755703
4.429645641561608 -0.22905893700710092
4.4924774946334045 -0.23212355243426708
4.5553093477052 -0.23425547832243812
4.618141200776996 -0.23545452017293433
4.680973053848792 -0.2357240769632898
4.743804906920587 -0.23507099294072784
4.806636759992383 -0.23350540743865048
4.869468613064179 -0.23104060493140272
4.932300466135976 -0.22769286708126116
4.995132319207771 -0.22348132807895787
5.057964172279567 -0.2184278341483183
5.120796025351362 -0.21255680768777457
5.183627878423159 -0.20589511616534611
5.246459731494955 -0.19847194557564973
5.3092915845667505 -0.19031867801200636
5.372123437638546 -0.1814687727061748
5.434955290710342 -0.17195764974324879
5.497787143782137 -0.16182257556881488
5.560618996853934 -0.15110254936707554
5.62345084992573 -0.13983818939856038
5.686282702997525 -0.1280716184394087
5.749114556069321 -0.11584634755524352
5.811946409141116 -0.10320715756484142
5.874778262212914 -0.09019997769506041
5.937610115284709 -0.07687176109138903
6.000441968356505 -0.06327035702039825
6.0632738214283 -0.04944437977378127
6.126105674500097 -0.03544307445119545
6.188937527571893 -0.021316179953957345
6.2517693806436885 -0.007113789657541821