0.031415926535897934 0.00642244479460317
0.0942477796076938 0.019249069092081718
0.15707963267948966 0.0320209068137956
0.21991148575128552 0.04470146434519561
0.2827433388230814 0.057254293447708805
0.34557519189487723 0.06964300793462351
0.4084070449666731 0.08183129906091624
0.47123889803846897 0.09378294952484353
0.5340707511102649 0.10546184617122538
0.5969026041820606 0.11683199171359518
0.6597344572538566 0.12785751605037432
0.7225663103256523 0.13850268803370835
0.7853981633974483 0.14873192885260325
0.8482300164692442 0.15850982850765102
0.91106186954104 0.16780116717515672
0.9738937226128359 0.17657094357502054
1.0367255756846319 0.18478441275923055
1.0995574287564276 0.19240713601484533
1.1623892818282235 0.19940504581389537
1.2252211349000193 0.20574452892800058
1.2880529879718152 0.21139253094120508
1.350884841043611 0.216316685422273
1.413716694115407 0.2204854709375752
1.4765485471872026 0.22386839887660098
1.5393804002589986 0.22643623470231136
1.6022122533307945 0.22816125470674198
1.6650441064025903 0.22901753962895974
1.7278759594743862 0.22898130556182206
1.7907078125461822 0.22803127142595966
1.853539665617978 0.22614906092246834
1.9163715186897736 0.22331963529971738
1.9792033717615696 0.21953175150856058
2.0420352248333655 0.21477843841516497
2.104867077905162 0.20905748175203454
2.1676989309769574 0.2023719064964648
2.230530784048753 0.19473044347267282
2.2933626371205493 0.18614796529846417
2.356194490192345 0.17664587547225238
2.4190263432641403 0.16625243356098401
2.4818581963359367 0.15500299924036437
2.5446900494077322 0.14294017847734286
2.607521902479528 0.13011385652467616
2.670353755551324 0.11658110467061497
2.7331856086231197 0.10240595085158047
2.796017461694916 0.08765900822715784
2.8588493147667116 0.07241696050188831
2.9216811678385075 0.05676190795763937
2.9845130209103035 0.0407805835759903
3.047344873982099 0.024563453981383154
3.1101767270538954 0.008203724900962042
3.173008580125691 -0.008203724900962042
3.2358404331974873 -0.024563453981383154
3.2986722862692828 -0.0407805835759903
3.3615041393410787 -0.05676190795763937
3.4243359924128747 -0.07241696050188831
3.48716784548467 -0.08765900822715784
3.549999698556466 -0.10240595085158039
3.612831551628262 -0.11658110467061497
3.675663404700058 -0.13011385652467616
3.7384952577718535 -0.14294017847734278
3.8013271108436495 -0.15500299924036437
3.8641589639154454 -0.16625243356098393
3.9269908169872414 -0.17664587547225238
3.989822670059038 -0.18614796529846434
4.052654523130833 -0.19473044347267282
4.115486376202629 -0.2023719064964648
4.178318229274425 -0.20905748175203465
4.241150082346222 -0.21477843841516503
4.303981935418017 -0.2195317515085607
4.366813788489813 -0.22331963529971738
4.429645641561608 -0.22614906092246823
4.4924774946334045 -0.22803127142595975
4.5553093477052 -0.22898130556182206
4.618141200776996 -0.2290175396289597
4.680973053848792 -0.22816125470674192
4.743804906920587 -0.22643623470231136
4.806636759992383 -0.22386839887660104
4.869468613064179 -0.2204854709375752
4.932300466135976 -0.21631668542227286
4.995132319207771 -0.21139253094120508
5.057964172279567 -0.20574452892800058
5.120796025351362 -0.19940504581389543
5.183627878423159 -0.19240713601484533
5.246459731494955 -0.18478441275923038
5.3092915845667505 -0.17657094357502054
5.372123437638546 -0.16780116717515672
5.434955290710342 -0.1585098285076511
5.497787143782137 -0.14873192885260342
5.560618996853934 -0.13850268803370833
5.62345084992573 -0.12785751605037432
5.686282702997525 -0.11683199171359518
5.749114556069321 -0.10546184617122556
5.811946409141116 -0.0937829495248438
5.874778262212914 -0.08183129906091617
5.937610115284709 -0.06964300793462351
6.000441968356505 -0.057254293447708805
6.0632738214283 -0.04470146434519572
6.126105674500097 -0.0320209068137956
6.188937527571893 -0.019249069092081614
6.2517693806436885 -0.00642244479460317