0.031415926535897934 0.006548700691370758
0.0942477796076938 0.01962616699966404
0.15707963267948966 0.03264385395249715
0.21991148575128552 0.04556199456722746
0.2827433388230814 0.058340949698161705
0.34557519189487723 0.07094125716783682
0.4084070449666731 0.08332367909232219
0.47123889803846897 0.09544924716108659
0.5340707511102649 0.10727930582967303
0.5969026041820606 0.11877555361448472
0.6597344572538566 0.12990008293741034
0.7225663103256523 0.14061541924690718
0.7853981633974483 0.15088456043384127
0.8482300164692442 0.16067101785644056
0.91106186954104 0.1699388605800091
0.9738937226128359 0.17865276471375593
1.0367255756846319 0.18677806997863136
1.0995574287564276 0.19428084585515915
1.1623892818282235 0.20112796982682207
1.2252211349000193 0.20728722033981264
1.2880529879718152 0.21272738713037348
1.350884841043611 0.21741840151252834
1.413716694115407 0.22133148905743685
1.4765485471872026 0.2244393468167991
1.5393804002589986 0.22671634683341962
1.6022122533307945 0.22813876713061423
1.6650441064025903 0.22868505066979605
1.7278759594743862 0.22833609190764503
1.7907078125461822 0.22707554957174633
1.853539665617978 0.2248901831148638
1.9163715186897736 0.22177020902056283
1.9792033717615696 0.21770967174490247
2.0420352248333655 0.21270682263053362
2.104867077905162 0.20676449867366137
2.1676989309769574 0.1998904916264747
2.230530784048753 0.19209789665479526
2.2933626371205493 0.18340542872887214
2.356194490192345 0.17383769419554218
2.4190263432641403 0.16342540465320232
2.4818581963359367 0.1522055204110726
2.5446900494077322 0.14022131153015985
2.607521902479528 0.12752232576154426
2.670353755551324 0.11416425463384602
2.7331856086231197 0.10020869147458988
2.796017461694916 0.0857227782168106
2.8588493147667116 0.07077874133702995
2.9216811678385075 0.05545332104778949
2.9845130209103035 0.03982710174779574
3.047344873982099 0.023983755512796016
3.1101767270538954 0.008009213878799893
3.173008580125691 -0.008009213878799893
3.2358404331974873 -0.023983755512796016
3.2986722862692828 -0.03982710174779574
3.3615041393410787 -0.05545332104778949
3.4243359924128747 -0.07077874133702995
3.48716784548467 -0.0857227782168106
3.549999698556466 -0.10020869147458981
3.612831551628262 -0.11416425463384602
3.675663404700058 -0.12752232576154426
3.7384952577718535 -0.14022131153015982
3.8013271108436495 -0.1522055204110726
3.8641589639154454 -0.16342540465320224
3.9269908169872414 -0.17383769419554218
3.989822670059038 -0.18340542872887242
4.052654523130833 -0.19209789665479526
4.115486376202629 -0.1998904916264747
4.178318229274425 -0.20676449867366142
4.241150082346222 -0.21270682263053356
4.303981935418017 -0.21770967174490247
4.366813788489813 -0.22177020902056283
4.429645641561608 -0.22489018311486367
4.4924774946334045 -0.22707554957174636
4.5553093477052 -0.22833609190764503
4.618141200776996 -0.2286850506697961
4.680973053848792 -0.22813876713061423
4.743804906920587 -0.2267163468334196
4.806636759992383 -0.22443934681679908
4.869468613064179 -0.22133148905743685
4.932300466135976 -0.21741840151252823
4.995132319207771 -0.21272738713037348
5.057964172279567 -0.20728722033981284
5.120796025351362 -0.20112796982682202
5.183627878423159 -0.19428084585515915
5.246459731494955 -0.18677806997863136
5.3092915845667505 -0.17865276471375593
5.372123437638546 -0.1699388605800091
5.434955290710342 -0.16067101785644067
5.497787143782137 -0.15088456043384152
5.560618996853934 -0.14061541924690718
5.62345084992573 -0.12990008293741034
5.686282702997525 -0.11877555361448472
5.749114556069321 -0.10727930582967317
5.811946409141116 -0.09544924716108673
5.874778262212914 -0.08332367909232212
5.937610115284709 -0.07094125716783682
6.000441968356505 -0.058340949698161705
6.0632738214283 -0.04556199456722751
6.126105674500097 -0.03264385395249715
6.188937527571893 -0.01962616699966404
6.2517693806436885 -0.006548700691370758