0.031415926535897934 0.006499996509348269
0.0942477796076938 0.01948228585024847
0.15707963267948966 0.032411462453418756
0.21991148575128552 0.04525211201483065
0.2827433388230814 0.057968811074422796
0.34557519189487723 0.07052612255364757
0.4084070449666731 0.08288859066785485
0.47123889803846897 0.09502073528197562
0.5340707511102649 0.10688704595848592
0.5969026041820606 0.11845197616186053
0.6597344572538566 0.12967993833038308
0.7225663103256523 0.14053530080021556
0.7853981633974483 0.15098238786322865
0.8482300164692442 0.1609854845535039
0.91106186954104 0.17050884808079353
0.9738937226128359 0.17951672815446393
1.0367255756846319 0.18797339875890698
1.0995574287564276 0.19584320423970136
1.1623892818282235 0.20309062282552967
1.2252211349000193 0.20968035092833961
1.2880529879718152 0.2155774117154282
1.350884841043611 0.22074729151143777
1.413716694115407 0.2251561075428207
1.4765485471872026 0.22877081035719843
1.5393804002589986 0.2315594239089891
1.6022122533307945 0.23349132577417453
1.6650441064025903 0.2345375692158908
1.7278759594743862 0.23467124784671714
1.7907078125461822 0.23386790240709762
1.853539665617978 0.2321059676952573
1.9163715186897736 0.22936725594773522
1.9792033717615696 0.22563747100292877
2.0420352248333655 0.2209067454242189
2.104867077905162 0.21517019047855476
2.1676989309769574 0.20842844654980822
2.230530784048753 0.20068821932793401
2.2933626371205493 0.19196278509240347
2.356194490192345 0.1822724467574659
2.4190263432641403 0.1716449212341896
2.4818581963359367 0.16011563825613076
2.5446900494077322 0.1477279312635805
2.607521902479528 0.1345331023667381
2.670353755551324 0.12059034588451198
2.7331856086231197 0.10596651849334324
2.796017461694916 0.09073574855430541
2.8588493147667116 0.07497888256887325
2.9216811678385075 0.05878277271418866
2.9845130209103035 0.042239415724418077
3.047344873982099 0.025444959658079806
3.1101767270538954 0.008498600935661075
3.173008580125691 -0.008498600935661075
3.2358404331974873 -0.025444959658079806
3.2986722862692828 -0.042239415724418077
3.3615041393410787 -0.05878277271418866
3.4243359924128747 -0.07497888256887325
3.48716784548467 -0.09073574855430541
3.549999698556466 -0.10596651849334308
3.612831551628262 -0.12059034588451198
3.675663404700058 -0.1345331023667381
3.7384952577718535 -0.14772793126358044
3.8013271108436495 -0.16011563825613076
3.8641589639154454 -0.1716449212341896
3.9269908169872414 -0.1822724467574659
3.989822670059038 -0.1919627850924037
4.052654523130833 -0.20068821932793401
4.115486376202629 -0.20842844654980822
4.178318229274425 -0.215170190478555
4.241150082346222 -0.220906745424219
4.303981935418017 -0.22563747100292889
4.366813788489813 -0.22936725594773522
4.429645641561608 -0.23210596769525707
4.4924774946334045 -0.23386790240709768
4.5553093477052 -0.23467124784671714
4.618141200776996 -0.23453756921589075
4.680973053848792 -0.23349132577417453
4.743804906920587 -0.2315594239089892
4.806636759992383 -0.22877081035719848
4.869468613064179 -0.2251561075428207
4.932300466135976 -0.22074729151143774
4.995132319207771 -0.2155774117154282
5.057964172279567 -0.20968035092833961
5.120796025351362 -0.20309062282552967
5.183627878423159 -0.19584320423970136
5.246459731494955 -0.18797339875890692
5.3092915845667505 -0.17951672815446393
5.372123437638546 -0.17050884808079353
5.434955290710342 -0.16098548455350406
5.497787143782137 -0.15098238786322898
5.560618996853934 -0.14053530080021545
5.62345084992573 -0.12967993833038308
5.686282702997525 -0.11845197616186053
5.749114556069321 -0.10688704595848598
5.811946409141116 -0.09502073528197583
5.874778262212914 -0.08288859066785483
5.937610115284709 -0.07052612255364757
6.000441968356505 -0.057968811074422796
6.0632738214283 -0.04525211201483072
6.126105674500097 -0.032411462453418756
6.188937527571893 -0.01948228585024841
6.2517693806436885 -0.006499996509348269