0.031415926535897934 0.00499832119306427
0.0942477796076938 0.01497440829037779
0.15707963267948966 0.02488892560199091
0.21991148575128552 0.03470114618771701
0.2827433388230814 0.04437082009371881
0.34557519189487723 0.05385836040567537
0.4084070449666731 0.0631250246453732
0.47123889803846897 0.07213309029886876
0.5340707511102649 0.08084602334897628
0.5969026041820606 0.0892286387836135
0.6597344572538566 0.09724725216198624
0.7225663103256523 0.10486982143996755
0.7853981633974483 0.11206607838145169
0.8482300164692442 0.11880764901103123
0.91106186954104 0.1250681626921851
0.9738937226128359 0.13082334954156488
1.0367255756846319 0.1360511260114132
1.0995574287564276 0.14073166858643998
1.1623892818282235 0.14484747564673522
1.2252211349000193 0.1483834176430026
1.2880529879718152 0.1513267758134757
1.350884841043611 0.15366726974261144
1.413716694115407 0.1553970741197652
1.4765485471872026 0.1565108251016036
1.5393804002589986 0.15700561671545532
1.6022122533307945 0.15688098776285328
1.6650441064025903 0.15613889969418937
1.7278759594743862 0.15478370592788637
1.7907078125461822 0.15282211308212668
1.853539665617978 0.1502631345754291
1.9163715186897736 0.14711803703569717
1.9792033717615696 0.14340027993726484
2.0420352248333655 0.1391254488633305
2.104867077905162 0.13431118276834225
2.1676989309769574 0.1289770955925198
2.230530784048753 0.12314469255982277
2.2933626371205493 0.11683728147210828
2.356194490192345 0.11007987929662089
2.4190263432641403 0.10289911433174824
2.4818581963359367 0.09532312422740985
2.5446900494077322 0.08738145013155377
2.607521902479528 0.07910492723290047
2.670353755551324 0.07052557197199828
2.7331856086231197 0.061676466197425145
2.796017461694916 0.05259163855104375
2.8588493147667116 0.043305943375006636
2.9216811678385075 0.033854937443035145
2.9845130209103035 0.024274754828720577
3.047344873982099 0.014601980233535499
3.1101767270538954 0.004873521106322056
3.173008580125691 -0.004873521106322056
3.2358404331974873 -0.014601980233535499
3.2986722862692828 -0.024274754828720577
3.3615041393410787 -0.033854937443035145
3.4243359924128747 -0.043305943375006636
3.48716784548467 -0.05259163855104375
3.549999698556466 -0.06167646619742506
3.612831551628262 -0.07052557197199828
3.675663404700058 -0.07910492723290047
3.7384952577718535 -0.08738145013155377
3.8013271108436495 -0.09532312422740985
3.8641589639154454 -0.10289911433174824
3.9269908169872414 -0.11007987929662089
3.989822670059038 -0.11683728147210841
4.052654523130833 -0.12314469255982277
4.115486376202629 -0.1289770955925198
4.178318229274425 -0.13431118276834242
4.241150082346222 -0.1391254488633306
4.303981935418017 -0.1434002799372649
4.366813788489813 -0.14711803703569717
4.429645641561608 -0.15026313457542903
4.4924774946334045 -0.15282211308212676
4.5553093477052 -0.15478370592788637
4.618141200776996 -0.15613889969418931
4.680973053848792 -0.15688098776285314
4.743804906920587 -0.1570056167154554
4.806636759992383 -0.15651082510160358
4.869468613064179 -0.1553970741197652
4.932300466135976 -0.1536672697426114
4.995132319207771 -0.1513267758134756
5.057964172279567 -0.1483834176430027
5.120796025351362 -0.14484747564673534
5.183627878423159 -0.14073166858643998
5.246459731494955 -0.13605112601141311
5.3092915845667505 -0.13082334954156488
5.372123437638546 -0.1250681626921851
5.434955290710342 -0.11880764901103118
5.497787143782137 -0.11206607838145179
5.560618996853934 -0.10486982143996743
5.62345084992573 -0.09724725216198624
5.686282702997525 -0.0892286387836135
5.749114556069321 -0.08084602334897635
5.811946409141116 -0.07213309029886886
5.874778262212914 -0.06312502464537306
5.937610115284709 -0.05385836040567537
6.000441968356505 -0.04437082009371881
6.0632738214283 -0.034701146187717115
6.126105674500097 -0.02488892560199091
6.188937527571893 -0.014974408290377774
6.2517693806436885 -0.00499832119306427