0.031415926535897934 0.0015144544889276095
0.0942477796076938 0.004538013502474462
0.15707963267948966 0.007545535129257078
0.21991148575128552 0.010526369511252562
0.2827433388230814 0.013469929550474276
0.34557519189487723 0.016365716331690528
0.4084070449666731 0.019203344859321396
0.47123889803846897 0.02197257019163995
0.5340707511102649 0.024663314050118998
0.5969026041820606 0.027265691974983734
0.6597344572538566 0.029770041089580014
0.7225663103256523 0.03216694852586584
0.7853981633974483 0.034447280550970585
0.8482300164692442 0.03660221242018334
0.91106186954104 0.03862325896473889
0.9738937226128359 0.04050230590323707
1.0367255756846319 0.04223164184336525
1.0995574287564276 0.04380399091575278
1.1623892818282235 0.04521254595429905
1.2252211349000193 0.046451002107316765
1.2880529879718152 0.04751359073150687
1.350884841043611 0.04839511338649258
1.413716694115407 0.049090975711796686
1.4765485471872026 0.04959722093134329
1.5393804002589986 0.04991056269349894
1.6022122533307945 0.05002841691815358
1.6650441064025903 0.049948932287349715
1.7278759594743862 0.0496710189835382
1.7907078125461822 0.049194375250831764
1.853539665617978 0.048519511330844076
1.9163715186897736 0.047647770307088576
1.9792033717615696 0.04658134538169477
2.0420352248333655 0.04532329310655487
2.104867077905162 0.04387754209900045
2.1676989309769574 0.04224889679064963
2.230530784048753 0.040443035787826556
2.2933626371205493 0.038466504463379673
2.356194490192345 0.03632670145291288
2.4190263432641403 0.034031858793135875
2.4818581963359367 0.03159101551560888
2.5446900494077322 0.029013984594558867
2.607521902479528 0.02631131324122616
2.670353755551324 0.023494236637550202
2.7331856086231197 0.020574625306723007
2.796017461694916 0.01756492642477686
2.8588493147667116 0.014478099483231492
2.9216811678385075 0.011327546815087733
2.9845130209103035 0.008127039592287139
3.047344873982099 0.004890639989369426
3.1101767270538954 0.001632620282908877
3.173008580125691 -0.001632620282908877
3.2358404331974873 -0.004890639989369426
3.2986722862692828 -0.008127039592287139
3.3615041393410787 -0.011327546815087733
3.4243359924128747 -0.014478099483231492
3.48716784548467 -0.01756492642477686
3.549999698556466 -0.020574625306723007
3.612831551628262 -0.023494236637550202
3.675663404700058 -0.02631131324122616
3.7384952577718535 -0.029013984594558808
3.8013271108436495 -0.03159101551560888
3.8641589639154454 -0.034031858793135826
3.9269908169872414 -0.03632670145291288
3.989822670059038 -0.03846650446337965
4.052654523130833 -0.040443035787826556
4.115486376202629 -0.04224889679064963
4.178318229274425 -0.04387754209900051
4.241150082346222 -0.04532329310655496
4.303981935418017 -0.04658134538169493
4.366813788489813 -0.047647770307088576
4.429645641561608 -0.048519511330844076
4.4924774946334045 -0.049194375250831826
4.5553093477052 -0.0496710189835382
4.618141200776996 -0.0499489322873497
4.680973053848792 -0.050028416918153566
4.743804906920587 -0.04991056269349894
4.806636759992383 -0.049597220931343326
4.869468613064179 -0.049090975711796686
4.932300466135976 -0.0483951133864925
4.995132319207771 -0.04751359073150687
5.057964172279567 -0.04645100210731677
5.120796025351362 -0.04521254595429905
5.183627878423159 -0.04380399091575278
5.246459731494955 -0.042231641843365225
5.3092915845667505 -0.04050230590323707
5.372123437638546 -0.03862325896473889
5.434955290710342 -0.03660221242018343
5.497787143782137 -0.03444728055097056
5.560618996853934 -0.032166948525865824
5.62345084992573 -0.029770041089580014
5.686282702997525 -0.027265691974983734
5.749114556069321 -0.02466331405011911
5.811946409141116 -0.021972570191640055
5.874778262212914 -0.019203344859321295
5.937610115284709 -0.016365716331690528
6.000441968356505 -0.013469929550474276
6.0632738214283 -0.010526369511252567
6.126105674500097 -0.007545535129257078
6.188937527571893 -0.004538013502474462
6.2517693806436885 -0.0015144544889276095