0.031415926535897934 0.0037811437028649614
0.0942477796076938 0.011331557907736527
0.15707963267948966 0.018846365239132922
0.21991148575128552 0.026301870315646996
0.2827433388230814 0.03367444192631496
0.34557519189487723 0.04094053945621109
0.4084070449666731 0.04807674011370951
0.47123889803846897 0.0550597672498924
0.5340707511102649 0.06186652010355924
0.5969026041820606 0.06847410535437895
0.6597344572538566 0.07485987091988339
0.7225663103256523 0.08100144248684439
0.7853981633974483 0.08687676332136227
0.8482300164692442 0.09246413795167081
0.91106186954104 0.09774228035987126
0.9738937226128359 0.10269036734992264
1.0367255756846319 0.10728809777538238
1.0995574287564276 0.11151575830758849
1.1623892818282235 0.11535429639911467
1.2252211349000193 0.11878540104430586
1.2880529879718152 0.1217915918546145
1.350884841043611 0.1243563168476732
1.413716694115407 0.12646405919250187
1.4765485471872026 0.12810045295662403
1.5393804002589986 0.12925240766288842
1.6022122533307945 0.12990824118452635
1.6650441064025903 0.13005782018813677
1.7278759594743862 0.12969270697958554
1.7907078125461822 0.12880631122320227
1.853539665617978 0.1273940445986487
1.9163715186897736 0.12545347604358492
1.9792033717615696 0.12298448481765788
2.0420352248333655 0.11998940823086475
2.104867077905162 0.11647318052575575
2.1676989309769574 0.11244345910872207
2.230530784048753 0.1079107341122018
2.2933626371205493 0.10288841715836503
2.356194490192345 0.09739290520571879
2.4190263432641403 0.09144361551035123
2.4818581963359367 0.08506298803620597
2.5446900494077322 0.07827645211107749
2.607521902479528 0.0711123547470827
2.670353755551324 0.06360184881819005
2.7331856086231197 0.055778740196142866
2.796017461694916 0.047679293964134735
2.8588493147667116 0.03934200092085139
2.9216811678385075 0.030807306714911727
2.9845130209103035 0.022117307065032593
3.047344873982099 0.01331541357543222
3.1101767270538954 0.0044459956002676024
3.173008580125691 -0.0044459956002676024
3.2358404331974873 -0.01331541357543222
3.2986722862692828 -0.022117307065032593
3.3615041393410787 -0.030807306714911727
3.4243359924128747 -0.03934200092085139
3.48716784548467 -0.047679293964134735
3.549999698556466 -0.05577874019614287
3.612831551628262 -0.06360184881819005
3.675663404700058 -0.0711123547470827
3.7384952577718535 -0.07827645211107741
3.8013271108436495 -0.08506298803620597
3.8641589639154454 -0.09144361551035123
3.9269908169872414 -0.09739290520571879
3.989822670059038 -0.10288841715836512
4.052654523130833 -0.1079107341122018
4.115486376202629 -0.11244345910872207
4.178318229274425 -0.11647318052575577
4.241150082346222 -0.11998940823086482
4.303981935418017 -0.12298448481765797
4.366813788489813 -0.12545347604358492
4.429645641561608 -0.1273940445986487
4.4924774946334045 -0.12880631122320235
4.5553093477052 -0.12969270697958554
4.618141200776996 -0.13005782018813677
4.680973053848792 -0.12990824118452632
4.743804906920587 -0.12925240766288842
4.806636759992383 -0.12810045295662398
4.869468613064179 -0.12646405919250187
4.932300466135976 -0.12435631684767316
4.995132319207771 -0.1217915918546145
5.057964172279567 -0.11878540104430582
5.120796025351362 -0.11535429639911467
5.183627878423159 -0.11151575830758849
5.246459731494955 -0.10728809777538238
5.3092915845667505 -0.10269036734992264
5.372123437638546 -0.09774228035987126
5.434955290710342 -0.09246413795167081
5.497787143782137 -0.08687676332136228
5.560618996853934 -0.0810014424868443
5.62345084992573 -0.07485987091988339
5.686282702997525 -0.06847410535437895
5.749114556069321 -0.06186652010355935
5.811946409141116 -0.05505976724989244
5.874778262212914 -0.048076740113709396
5.937610115284709 -0.04094053945621109
6.000441968356505 -0.03367444192631496
6.0632738214283 -0.026301870315646996
6.126105674500097 -0.018846365239132922
6.188937527571893 -0.011331557907736527
6.2517693806436885 -0.0037811437028649614