0.031415926535897934 0.0070771478696593955
0.0942477796076938 0.021207756274795243
0.15707963267948966 0.03526735454064085
0.21991148575128552 0.04920877518272946
0.2827433388230814 0.06298510870652425
0.34557519189487723 0.07654980502697131
0.4084070449666731 0.08985677326997382
0.47123889803846897 0.10286047971352703
0.5340707511102649 0.11551604378067751
0.5969026041820606 0.12777933217377216
0.6597344572538566 0.13960705143321148
0.7225663103256523 0.15095683940690596
0.7853981633974483 0.16178735632102328
0.8482300164692442 0.1720583763400428
0.91106186954104 0.18173088068600352
0.9738937226128359 0.19076715354427182
1.0367255756846319 0.19913088210740532
1.0995574287564276 0.20678726219103005
1.1623892818282235 0.21370311088778426
1.2252211349000193 0.21984698769945143
1.2880529879718152 0.22518932549633724
1.350884841043611 0.22970257249059647
1.413716694115407 0.23336134617174945
1.4765485471872026 0.2361425998348181
1.5393804002589986 0.23802580193311892
1.6022122533307945 0.23899312801002107
1.6650441064025903 0.23902966441102705
1.7278759594743862 0.23812362235689324
1.7907078125461822 0.23626656028149842
1.853539665617978 0.23345361162032183
1.9163715186897736 0.22968371449662356
1.9792033717615696 0.2249598390171351
2.0420352248333655 0.21928920718585954
2.104867077905162 0.21268349980577847
2.1676989309769574 0.20515904419894335
2.230530784048753 0.19673697617215088
2.2933626371205493 0.18744336942447612
2.356194490192345 0.17730932556833853
2.4190263432641403 0.16637101814679772
2.4818581963359367 0.15466968449850668
2.5446900494077322 0.1422515600605694
2.607521902479528 0.1291677507089095
2.670353755551324 0.11547404000238597
2.7331856086231197 0.10123062969269529
2.796017461694916 0.08650181354411796
2.8588493147667116 0.07135558631836188
2.9216811678385075 0.055863191651216164
2.9845130209103035 0.04009861440180117
3.047344873982099 0.024138024809618783
3.1101767270538954 0.008059183367417656
3.173008580125691 -0.008059183367417656
3.2358404331974873 -0.024138024809618783
3.2986722862692828 -0.04009861440180117
3.3615041393410787 -0.055863191651216164
3.4243359924128747 -0.07135558631836188
3.48716784548467 -0.08650181354411796
3.549999698556466 -0.10123062969269521
3.612831551628262 -0.11547404000238597
3.675663404700058 -0.1291677507089095
3.7384952577718535 -0.14225156006056927
3.8013271108436495 -0.15466968449850668
3.8641589639154454 -0.16637101814679772
3.9269908169872414 -0.17730932556833853
3.989822670059038 -0.18744336942447626
4.052654523130833 -0.19673697617215088
4.115486376202629 -0.20515904419894335
4.178318229274425 -0.21268349980577866
4.241150082346222 -0.21928920718585954
4.303981935418017 -0.22495983901713518
4.366813788489813 -0.22968371449662356
4.429645641561608 -0.23345361162032174
4.4924774946334045 -0.23626656028149848
4.5553093477052 -0.23812362235689324
4.618141200776996 -0.2390296644110269
4.680973053848792 -0.238993128010021
4.743804906920587 -0.23802580193311884
4.806636759992383 -0.23614259983481825
4.869468613064179 -0.23336134617174945
4.932300466135976 -0.22970257249059656
4.995132319207771 -0.22518932549633724
5.057964172279567 -0.21984698769945143
5.120796025351362 -0.21370311088778435
5.183627878423159 -0.20678726219103005
5.246459731494955 -0.19913088210740515
5.3092915845667505 -0.19076715354427182
5.372123437638546 -0.18173088068600352
5.434955290710342 -0.1720583763400428
5.497787143782137 -0.16178735632102328
5.560618996853934 -0.15095683940690596
5.62345084992573 -0.13960705143321148
5.686282702997525 -0.12777933217377216
5.749114556069321 -0.1155160437806774
5.811946409141116 -0.1028604797135273
5.874778262212914 -0.08985677326997371
5.937610115284709 -0.07654980502697131
6.000441968356505 -0.06298510870652425
6.0632738214283 -0.049208775182729585
6.126105674500097 -0.03526735454064085
6.188937527571893 -0.02120775627479499
6.2517693806436885 -0.0070771478696593955