0.031415926535897934 0.0016503523808595873
0.0942477796076938 0.00494522968200264
0.15707963267948966 0.008222638272553748
0.21991148575128552 0.011470977962202606
0.2827433388230814 0.014678717147369352
0.34557519189487723 0.017834420567533444
0.4084070449666731 0.020926777379434502
0.47123889803846897 0.023944629634365684
0.5340707511102649 0.026877001239184295
0.5969026041820606 0.029713127475638944
0.6597344572538566 0.032442485144918286
0.7225663103256523 0.03505482339472466
0.7853981633974483 0.03754019527440774
0.8482300164692442 0.03988899004950651
0.91106186954104 0.04209196629019951
0.9738937226128359 0.0441402857284564
1.0367255756846319 0.046025547855949846
1.0995574287564276 0.04773982520893022
1.1623892818282235 0.04927569925727176
1.2252211349000193 0.05062629678284023
1.2880529879718152 0.05178532659741472
1.350884841043611 0.052747116412915566
1.413716694115407 0.053506649637130754
1.4765485471872026 0.05405960182708582
1.5393804002589986 0.054402376490433474
1.6022122533307945 0.05453213988366656
1.6650441064025903 0.05444685441564739
1.7278759594743862 0.05414531022709074
1.7907078125461822 0.05362715448255781
1.853539665617978 0.05289291788261145
1.9163715186897736 0.05194403788149013
1.9792033717615696 0.050782878081437374
2.0420352248333655 0.04941274327006301
2.104867077905162 0.04783788957310696
2.1676989309769574 0.04606352921283261
2.230530784048753 0.04409582939287344
2.2933626371205493 0.04194190487426836
2.356194490192345 0.03960980386484218
2.4190263432641403 0.03710848691484134
2.4818581963359367 0.034447798595142715
2.5446900494077322 0.03163843182930728
2.607521902479528 0.028691884855634328
2.670353755551324 0.02562041090814293
2.7331856086231197 0.022436960823566453
2.796017461694916 0.01915511890218091
2.8588493147667116 0.015789032470486877
2.9216811678385075 0.012353335710170325
2.9845130209103035 0.008863068427071668
3.047344873982099 0.0053335905328612985
3.1101767270538954 0.0017804930977573948
3.173008580125691 -0.0017804930977573948
3.2358404331974873 -0.0053335905328612985
3.2986722862692828 -0.008863068427071668
3.3615041393410787 -0.012353335710170325
3.4243359924128747 -0.015789032470486877
3.48716784548467 -0.01915511890218091
3.549999698556466 -0.022436960823566394
3.612831551628262 -0.02562041090814293
3.675663404700058 -0.028691884855634328
3.7384952577718535 -0.03163843182930733
3.8013271108436495 -0.034447798595142715
3.8641589639154454 -0.03710848691484134
3.9269908169872414 -0.03960980386484218
3.989822670059038 -0.04194190487426833
4.052654523130833 -0.04409582939287344
4.115486376202629 -0.04606352921283261
4.178318229274425 -0.047837889573106925
4.241150082346222 -0.0494127432700631
4.303981935418017 -0.050782878081437374
4.366813788489813 -0.05194403788149013
4.429645641561608 -0.05289291788261145
4.4924774946334045 -0.05362715448255771
4.5553093477052 -0.05414531022709074
4.618141200776996 -0.05444685441564737
4.680973053848792 -0.054532139883666536
4.743804906920587 -0.054402376490433495
4.806636759992383 -0.05405960182708584
4.869468613064179 -0.053506649637130754
4.932300466135976 -0.05274711641291562
4.995132319207771 -0.051785326597414694
5.057964172279567 -0.05062629678284023
5.120796025351362 -0.04927569925727177
5.183627878423159 -0.04773982520893022
5.246459731494955 -0.046025547855949804
5.3092915845667505 -0.0441402857284564
5.372123437638546 -0.04209196629019951
5.434955290710342 -0.03988899004950653
5.497787143782137 -0.03754019527440777
5.560618996853934 -0.035054823394724634
5.62345084992573 -0.032442485144918286
5.686282702997525 -0.029713127475638944
5.749114556069321 -0.026877001239184302
5.811946409141116 -0.023944629634365774
5.874778262212914 -0.0209267773794345
5.937610115284709 -0.017834420567533444
6.000441968356505 -0.014678717147369352
6.0632738214283 -0.011470977962202611
6.126105674500097 -0.008222638272553748
6.188937527571893 -0.004945229682002638
6.2517693806436885 -0.0016503523808595873