0.031415926535897934 0.006602114272372809
0.0942477796076938 0.01977017610878549
0.15707963267948966 0.03283007245600944
0.21991148575128552 0.04571080280096621
0.2827433388230814 0.058343011756829107
0.34557519189487723 0.07065960844550467
0.4084070449666731 0.08259634840384497
0.47123889803846897 0.0940923689621668
0.5340707511102649 0.10509067020664116
0.5969026041820606 0.11553853497486671
0.6597344572538566 0.12538788280190882
0.7225663103256523 0.13459555428437692
0.7853981633974483 0.14312352391349495
0.8482300164692442 0.1509390409959662
0.91106186954104 0.1580146997877313
0.9738937226128359 0.16432844136864322
1.0367255756846319 0.16986349104966852
1.0995574287564276 0.17460823619930274
1.1623892818282235 0.17855605028104127
1.2252211349000193 0.1817050695955343
1.2880529879718152 0.18405792971410292
1.350884841043611 0.18562146887680395
1.413716694115407 0.18640640571736214
1.4765485471872026 0.18642699858407816
1.5393804002589986 0.18570069347010346
1.6022122533307945 0.18424776717157626
1.6650441064025903 0.18209097178352274
1.7278759594743862 0.1792551860476344
1.7907078125461822 0.17576707840922878
1.853539665617978 0.17165478594795058
1.9163715186897736 0.16694761264102823
1.9792033717615696 0.1616757497195508
2.0420352248333655 0.1558700202045056
2.104867077905162 0.1495616490742752
2.1676989309769574 0.14278205992956658
2.230530784048753 0.13556269849281913
2.2933626371205493 0.12793488281145868
2.356194490192345 0.11992967962969785
2.4190263432641403 0.11157780605137273
2.4818581963359367 0.10290955533407843
2.5446900494077322 0.09395474542860383
2.607521902479528 0.08474268870225363
2.670353755551324 0.07530218115417649
2.7331856086231197 0.06566150933896946
2.796017461694916 0.055848473155119864
2.8588493147667116 0.04589042262089154
2.9216811678385075 0.03581430674598149
2.9845130209103035 0.025646732607020332
3.047344873982099 0.01541403274370826
3.1101767270538954 0.005142339005671107
3.173008580125691 -0.005142339005671107
3.2358404331974873 -0.01541403274370826
3.2986722862692828 -0.025646732607020332
3.3615041393410787 -0.03581430674598149
3.4243359924128747 -0.04589042262089154
3.48716784548467 -0.055848473155119864
3.549999698556466 -0.06566150933896939
3.612831551628262 -0.07530218115417649
3.675663404700058 -0.08474268870225363
3.7384952577718535 -0.09395474542860369
3.8013271108436495 -0.10290955533407843
3.8641589639154454 -0.11157780605137262
3.9269908169872414 -0.11992967962969785
3.989822670059038 -0.12793488281145884
4.052654523130833 -0.13556269849281913
4.115486376202629 -0.14278205992956658
4.178318229274425 -0.14956164907427533
4.241150082346222 -0.1558700202045056
4.303981935418017 -0.1616757497195509
4.366813788489813 -0.16694761264102823
4.429645641561608 -0.17165478594795058
4.4924774946334045 -0.17576707840922892
4.5553093477052 -0.1792551860476344
4.618141200776996 -0.1820909717835227
4.680973053848792 -0.18424776717157637
4.743804906920587 -0.18570069347010354
4.806636759992383 -0.18642699858407813
4.869468613064179 -0.18640640571736214
4.932300466135976 -0.18562146887680395
4.995132319207771 -0.18405792971410304
5.057964172279567 -0.18170506959553445
5.120796025351362 -0.17855605028104127
5.183627878423159 -0.17460823619930274
5.246459731494955 -0.16986349104966847
5.3092915845667505 -0.16432844136864322
5.372123437638546 -0.1580146997877313
5.434955290710342 -0.15093904099596617
5.497787143782137 -0.14312352391349503
5.560618996853934 -0.13459555428437686
5.62345084992573 -0.12538788280190882
5.686282702997525 -0.11553853497486671
5.749114556069321 -0.10509067020664116
5.811946409141116 -0.09409236896216691
5.874778262212914 -0.08259634840384486
5.937610115284709 -0.07065960844550467
6.000441968356505 -0.058343011756829107
6.0632738214283 -0.04571080280096636
6.126105674500097 -0.03283007245600944
6.188937527571893 -0.019770176108785353
6.2517693806436885 -0.006602114272372809