0.031415926535897934 0.008124511179914723
0.0942477796076938 0.024321542961916104
0.15707963267948966 0.04036319538214049
0.21991148575128552 0.05614784601688684
0.2827433388230814 0.07157678073921422
0.34557519189487723 0.08655528294560819
0.4084070449666731 0.10099365048483715
0.47123889803846897 0.11480812220390986
0.5340707511102649 0.12792169795849775
0.5969026041820606 0.1402648382822079
0.6597344572538566 0.15177603263890382
0.7225663103256523 0.1624022282423126
0.7853981633974483 0.17209911474224357
0.8482300164692442 0.1808312635498321
0.91106186954104 0.18857212409001428
0.9738937226128359 0.19530388270058244
1.0367255756846319 0.2010171931123997
1.0995574287564276 0.2057107903187017
1.1623892818282235 0.2093910020615186
1.2252211349000193 0.21207117404149237
1.2880529879718152 0.21377102623423205
1.350884841043611 0.21451595834514772
1.413716694115407 0.214336322462401
1.4765485471872026 0.2132666804129393
1.5393804002589986 0.2113450622556128
1.6022122533307945 0.20861224084531327
1.6650441064025903 0.20511103557396
1.7278759594743862 0.2008856563452313
1.7907078125461822 0.19598109667641334
1.853539665617978 0.19044258264165104
1.9163715186897736 0.18431508226304774
1.9792033717615696 0.17764287799098913
2.0420352248333655 0.17046920314700686
2.104867077905162 0.16283594166828372
2.1676989309769574 0.1547833892127701
2.230530784048753 0.1463500726632853
2.2933626371205493 0.1375726243009468
2.356194490192345 0.12848570638606216
2.4190263432641403 0.11912198156445529
2.4818581963359367 0.10951212438072143
2.5446900494077322 0.09968486919648506
2.607521902479528 0.08966708995028992
2.670353755551324 0.07948390742619217
2.7331856086231197 0.06915881999242515
2.796017461694916 0.05871385410436241
2.8588493147667116 0.04816973121522107
2.9216811678385075 0.03754604808454148
2.9845130209103035 0.026861467802642928
3.047344873982099 0.01613391914608918
3.1101767270538954 0.005380802134547077
3.173008580125691 -0.005380802134547077
3.2358404331974873 -0.01613391914608918
3.2986722862692828 -0.026861467802642928
3.3615041393410787 -0.03754604808454148
3.4243359924128747 -0.04816973121522107
3.48716784548467 -0.05871385410436241
3.549999698556466 -0.06915881999242501
3.612831551628262 -0.07948390742619217
3.675663404700058 -0.08966708995028992
3.7384952577718535 -0.09968486919648499
3.8013271108436495 -0.10951212438072143
3.8641589639154454 -0.11912198156445525
3.9269908169872414 -0.12848570638606216
3.989822670059038 -0.13757262430094702
4.052654523130833 -0.1463500726632853
4.115486376202629 -0.1547833892127701
4.178318229274425 -0.1628359416682839
4.241150082346222 -0.17046920314700698
4.303981935418017 -0.17764287799098918
4.366813788489813 -0.18431508226304774
4.429645641561608 -0.1904425826416511
4.4924774946334045 -0.19598109667641345
4.5553093477052 -0.2008856563452313
4.618141200776996 -0.2051110355739602
4.680973053848792 -0.20861224084531324
4.743804906920587 -0.2113450622556127
4.806636759992383 -0.21326668041293925
4.869468613064179 -0.214336322462401
4.932300466135976 -0.21451595834514775
4.995132319207771 -0.21377102623423205
5.057964172279567 -0.21207117404149237
5.120796025351362 -0.20939100206151853
5.183627878423159 -0.2057107903187017
5.246459731494955 -0.20101719311239957
5.3092915845667505 -0.19530388270058244
5.372123437638546 -0.18857212409001428
5.434955290710342 -0.1808312635498323
5.497787143782137 -0.17209911474224374
5.560618996853934 -0.1624022282423125
5.62345084992573 -0.15177603263890382
5.686282702997525 -0.1402648382822079
5.749114556069321 -0.1279216979584978
5.811946409141116 -0.11480812220391011
5.874778262212914 -0.100993650484837
5.937610115284709 -0.08655528294560819
6.000441968356505 -0.07157678073921422
6.0632738214283 -0.05614784601688698
6.126105674500097 -0.04036319538214049
6.188937527571893 -0.024321542961916104
6.2517693806436885 -0.008124511179914723