0.031415926535897934 0.006759843578146223
0.0942477796076938 0.02024066648131636
0.15707963267948966 0.0336052714826116
0.21991148575128552 0.04677742367311828
0.2827433388230814 0.0596827333708421
0.34557519189487723 0.07224935395804179
0.4084070449666731 0.08440864032818758
0.47123889803846897 0.09609575792076841
0.5340707511102649 0.1072502332428667
0.5969026041820606 0.11781643789167467
0.6597344572538566 0.12774399938879463
0.7225663103256523 0.13698813359483547
0.7853981633974483 0.1455098950629423
0.8482300164692442 0.15327634337574267
0.91106186954104 0.16026062524753792
0.9738937226128359 0.16644197391237547
1.0367255756846319 0.17180562900537885
1.0995574287564276 0.17634268172527576
1.1623892818282235 0.18004985148897085
1.2252211349000193 0.1829292015084773
1.2880529879718152 0.1849878016993643
1.350884841043611 0.18623734804166245
1.413716694115407 0.18669374794464047
1.4765485471872026 0.18637668131452703
1.5393804002589986 0.18530914689992373
1.6022122533307945 0.18351700311532734
1.6650441064025903 0.18102851195011346
1.7278759594743862 0.17787389379670288
1.7907078125461822 0.17408490011994568
1.853539665617978 0.16969440988420614
1.9163715186897736 0.16473605459866072
1.9792033717615696 0.15924387577548013
2.0420352248333655 0.15325201755585593
2.104867077905162 0.14679445627548882
2.1676989309769574 0.13990476783798744
2.230530784048753 0.1326159329587843
2.2933626371205493 0.1249601796443395
2.356194490192345 0.11696886168630095
2.4190263432641403 0.10867237147742209
2.4818581963359367 0.10010008509057339
2.5446900494077322 0.09128033729586316
2.607521902479528 0.08224042401300348
2.670353755551324 0.07300662959429048
2.7331856086231197 0.06360427629476643
2.796017461694916 0.054057793296969886
2.8588493147667116 0.0443908027052199
2.9216811678385075 0.03462621999642886
2.9845130209103035 0.024786366499927315
3.047344873982099 0.01489309156789742
3.1101767270538954 0.004967902182385284
3.173008580125691 -0.004967902182385284
3.2358404331974873 -0.01489309156789742
3.2986722862692828 -0.024786366499927315
3.3615041393410787 -0.03462621999642886
3.4243359924128747 -0.0443908027052199
3.48716784548467 -0.054057793296969886
3.549999698556466 -0.06360427629476635
3.612831551628262 -0.07300662959429048
3.675663404700058 -0.08224042401300348
3.7384952577718535 -0.09128033729586316
3.8013271108436495 -0.10010008509057339
3.8641589639154454 -0.10867237147742193
3.9269908169872414 -0.11696886168630095
3.989822670059038 -0.12496017964433967
4.052654523130833 -0.1326159329587843
4.115486376202629 -0.13990476783798744
4.178318229274425 -0.14679445627548895
4.241150082346222 -0.15325201755585605
4.303981935418017 -0.15924387577548013
4.366813788489813 -0.16473605459866072
4.429645641561608 -0.16969440988420612
4.4924774946334045 -0.17408490011994573
4.5553093477052 -0.17787389379670288
4.618141200776996 -0.1810285119501135
4.680973053848792 -0.1835170031153274
4.743804906920587 -0.18530914689992373
4.806636759992383 -0.18637668131452698
4.869468613064179 -0.18669374794464047
4.932300466135976 -0.18623734804166245
4.995132319207771 -0.18498780169936435
5.057964172279567 -0.1829292015084773
5.120796025351362 -0.18004985148897093
5.183627878423159 -0.17634268172527576
5.246459731494955 -0.17180562900537885
5.3092915845667505 -0.16644197391237547
5.372123437638546 -0.16026062524753792
5.434955290710342 -0.15327634337574275
5.497787143782137 -0.1455098950629425
5.560618996853934 -0.1369881335948353
5.62345084992573 -0.12774399938879463
5.686282702997525 -0.11781643789167467
5.749114556069321 -0.10725023324286688
5.811946409141116 -0.09609575792076863
5.874778262212914 -0.0844086403281875
5.937610115284709 -0.07224935395804179
6.000441968356505 -0.0596827333708421
6.0632738214283 -0.0467774236731183
6.126105674500097 -0.0336052714826116
6.188937527571893 -0.020240666481316262
6.2517693806436885 -0.006759843578146223