0.031415926535897934 0.006075894516798139
0.0942477796076938 0.018207959109061214
0.15707963267948966 0.030280888156055674
0.21991148575128552 0.04225538362978853
0.2827433388230814 0.0540923351139445
0.34557519189487723 0.06575289313411696
0.4084070449666731 0.07719854093185193
0.47123889803846897 0.08839116445836531
0.5340707511102649 0.09929312051952006
0.5969026041820606 0.10986730318356665
0.6597344572538566 0.12007720876138163
0.7225663103256523 0.12988699987886268
0.7853981633974483 0.1392615693754831
0.8482300164692442 0.14816660497399675
0.91106186954104 0.15656865586571803
0.9738937226128359 0.1644352025351901
1.0367255756846319 0.17173473129868816
1.0995574287564276 0.1784368151441032
1.1623892818282235 0.18451220252649667
1.2252211349000193 0.18993291578538313
1.2880529879718152 0.19467236079823905
1.350884841043611 0.19870544936203494
1.413716694115407 0.20200873559376314
1.4765485471872026 0.2045605673561484
1.5393804002589986 0.20634125334178666
1.6022122533307945 0.20733324598581535
1.6650441064025903 0.20752133982458604
1.7278759594743862 0.20689288427986655
1.7907078125461822 0.20543800913311178
1.853539665617978 0.2031498601754183
1.9163715186897736 0.20002484169434062
1.9792033717615696 0.1960628616129895
2.0420352248333655 0.1912675742597538
2.104867077905162 0.18564661495420515
2.1676989309769574 0.179211819886649
2.230530784048753 0.1719794241893609
2.2933626371205493 0.16397023069242728
2.356194490192345 0.15520974167115725
2.4190263432641403 0.14572824596639627
2.4818581963359367 0.13556085422782996
2.5446900494077322 0.12474747571704511
2.607521902479528 0.11333273112137976
2.670353755551324 0.10136579716431077
2.7331856086231197 0.08890018042734844
2.796017461694916 0.075993419676478
2.8588493147667116 0.06270671804829951
2.9216811678385075 0.04910450861541819
2.9845130209103035 0.03525395902243006
3.047344873982099 0.02122442296028741
3.1101767270538954 0.007086848123812662
3.173008580125691 -0.007086848123812662
3.2358404331974873 -0.02122442296028741
3.2986722862692828 -0.03525395902243006
3.3615041393410787 -0.04910450861541819
3.4243359924128747 -0.06270671804829951
3.48716784548467 -0.075993419676478
3.549999698556466 -0.08890018042734836
3.612831551628262 -0.10136579716431077
3.675663404700058 -0.11333273112137976
3.7384952577718535 -0.12474747571704504
3.8013271108436495 -0.13556085422782996
3.8641589639154454 -0.1457282459663962
3.9269908169872414 -0.15520974167115725
3.989822670059038 -0.16397023069242742
4.052654523130833 -0.1719794241893609
4.115486376202629 -0.179211819886649
4.178318229274425 -0.18564661495420529
4.241150082346222 -0.19126757425975385
4.303981935418017 -0.19606286161298936
4.366813788489813 -0.20002484169434062
4.429645641561608 -0.2031498601754183
4.4924774946334045 -0.20543800913311183
4.5553093477052 -0.20689288427986655
4.618141200776996 -0.20752133982458612
4.680973053848792 -0.20733324598581535
4.743804906920587 -0.20634125334178666
4.806636759992383 -0.20456056735614844
4.869468613064179 -0.20200873559376314
4.932300466135976 -0.19870544936203477
4.995132319207771 -0.19467236079823905
5.057964172279567 -0.1899329157853831
5.120796025351362 -0.18451220252649672
5.183627878423159 -0.1784368151441032
5.246459731494955 -0.17173473129868802
5.3092915845667505 -0.1644352025351901
5.372123437638546 -0.15656865586571803
5.434955290710342 -0.14816660497399667
5.497787143782137 -0.13926156937548323
5.560618996853934 -0.12988699987886265
5.62345084992573 -0.12007720876138163
5.686282702997525 -0.10986730318356665
5.749114556069321 -0.09929312051952026
5.811946409141116 -0.08839116445836542
5.874778262212914 -0.07719854093185176
5.937610115284709 -0.06575289313411696
6.000441968356505 -0.0540923351139445
6.0632738214283 -0.042255383629788465
6.126105674500097 -0.030280888156055674
6.188937527571893 -0.018207959109061023
6.2517693806436885 -0.006075894516798139