0.031415926535897934 0.009163430630127818
0.0942477796076938 0.027416276269272736
0.15707963267948966 0.04544829177046325
0.21991148575128552 0.06311627788495738
0.2827433388230814 0.08028294588324013
0.34557519189487723 0.09681904535731965
0.4084070449666731 0.1126052672267089
0.47123889803846897 0.127533873653101
0.5340707511102649 0.14151001740889957
0.5969026041820606 0.1544527253258478
0.6597344572538566 0.1662955331634289
0.7225663103256523 0.1769867719479017
0.7853981633974483 0.18648951792073795
0.8482300164692442 0.1947812291327254
0.91106186954104 0.20185310095105996
0.9738937226128359 0.20770917995657306
1.0367255756846319 0.2123652806831428
1.0995574287564276 0.21584775232618447
1.1623892818282235 0.21819214299988238
1.2252211349000193 0.21944180755734433
1.2880529879718152 0.21964650170725242
1.350884841043611 0.21886100053496346
1.413716694115407 0.21714377396814338
1.4765485471872026 0.21455574561971455
1.5393804002589986 0.21115915516900638
1.6022122533307945 0.20701653833113146
1.6650441064025903 0.2021898327771748
1.7278759594743862 0.1967396132968696
1.7907078125461822 0.19072445516486983
1.853539665617978 0.18420042114178278
1.9163715186897736 0.17722066481754914
1.9792033717615696 0.16983514104998565
2.0420352248333655 0.16209041299622795
2.104867077905162 0.1540295445900116
2.1676989309769574 0.14569206718343733
2.230530784048753 0.1371140093461231
2.2933626371205493 0.1283279793996095
2.356194490192345 0.11936329107111389
2.4190263432641403 0.11024612359996033
2.4818581963359367 0.10099970865632928
2.5446900494077322 0.0916445374820008
2.607521902479528 0.08219858269503609
2.670353755551324 0.07267753018407833
2.7331856086231197 0.06309501743161997
2.796017461694916 0.053462875435296396
2.8588493147667116 0.04379137213419489
2.9216811678385075 0.03408945589005408
2.9845130209103035 0.02436499812110068
3.047344873982099 0.014625034641208708
3.1101767270538954 0.0048760056223565796
3.173008580125691 -0.0048760056223565796
3.2358404331974873 -0.014625034641208708
3.2986722862692828 -0.02436499812110068
3.3615041393410787 -0.03408945589005408
3.4243359924128747 -0.04379137213419489
3.48716784548467 -0.053462875435296396
3.549999698556466 -0.06309501743161997
3.612831551628262 -0.07267753018407833
3.675663404700058 -0.08219858269503609
3.7384952577718535 -0.0916445374820007
3.8013271108436495 -0.10099970865632928
3.8641589639154454 -0.11024612359996025
3.9269908169872414 -0.11936329107111389
3.989822670059038 -0.12832797939960955
4.052654523130833 -0.1371140093461231
4.115486376202629 -0.14569206718343733
4.178318229274425 -0.15402954459001178
4.241150082346222 -0.16209041299622806
4.303981935418017 -0.16983514104998573
4.366813788489813 -0.17722066481754914
4.429645641561608 -0.1842004211417827
4.4924774946334045 -0.19072445516486983
4.5553093477052 -0.1967396132968696
4.618141200776996 -0.20218983277717473
4.680973053848792 -0.20701653833113148
4.743804906920587 -0.21115915516900632
4.806636759992383 -0.21455574561971447
4.869468613064179 -0.21714377396814338
4.932300466135976 -0.21886100053496346
4.995132319207771 -0.21964650170725256
5.057964172279567 -0.21944180755734435
5.120796025351362 -0.21819214299988227
5.183627878423159 -0.21584775232618447
5.246459731494955 -0.21236528068314278
5.3092915845667505 -0.20770917995657306
5.372123437638546 -0.20185310095105996
5.434955290710342 -0.19478122913272547
5.497787143782137 -0.18648951792073812
5.560618996853934 -0.17698677194790166
5.62345084992573 -0.1662955331634289
5.686282702997525 -0.1544527253258478
5.749114556069321 -0.1415100174088997
5.811946409141116 -0.12753387365310115
5.874778262212914 -0.11260526722670895
5.937610115284709 -0.09681904535731965
6.000441968356505 -0.08028294588324013
6.0632738214283 -0.06311627788495754
6.126105674500097 -0.04544829177046325
6.188937527571893 -0.027416276269272646
6.2517693806436885 -0.009163430630127818