0.031415926535897934 0.004232212488421571
0.0942477796076938 0.012684856390023681
0.15707963267948966 0.021102151208012607
0.21991148575128552 0.029460511568303226
0.2827433388230814 0.03773632385454931
0.34557519189487723 0.04590593640823967
0.4084070449666731 0.05394565128708623
0.47123889803846897 0.061831718113118474
0.5340707511102649 0.06954033060406985
0.5969026041820606 0.0770476264548073
0.6597344572538566 0.08432969131784285
0.7225663103256523 0.09136256772110606
0.7853981633974483 0.09812226985427444
0.8482300164692442 0.10458480524870478
0.91106186954104 0.11072620446625529
0.9738937226128359 0.11652255999434653
1.0367255756846319 0.1219500756128854
1.0995574287564276 0.12698512754692626
1.1623892818282235 0.13160433874007144
1.2252211349000193 0.13578466756980662
1.2880529879718152 0.13950351226884236
1.350884841043611 0.14273883220722314
1.413716694115407 0.14546928701951795
1.4765485471872026 0.1476743943210719
1.5393804002589986 0.14933470643914046
1.6022122533307945 0.15043200618218464
1.6650441064025903 0.15094952117932767
1.7278759594743862 0.15087215574068225
1.7907078125461822 0.1501867385206785
1.853539665617978 0.14888228351844607
1.9163715186897736 0.14695026113545093
1.9792033717615696 0.14438487515145637
2.0420352248333655 0.14118334060325005
2.104867077905162 0.1373461566916602
2.1676989309769574 0.1328773680434037
2.230530784048753 0.12778480696345096
2.2933626371205493 0.12208030878317616
2.356194490192345 0.11577989209341887
2.4190263432641403 0.10890389560168258
2.4818581963359367 0.10147706361507496
2.5446900494077322 0.09352857276097129
2.607521902479528 0.08509199353660206
2.670353755551324 0.07620518162873846
2.7331856086231197 0.06691009564497225
2.796017461694916 0.05725253990428546
2.8588493147667116 0.04728183317788515
2.9216811678385075 0.037050406660599486
2.9845130209103035 0.026613336879427664
3.047344873982099 0.01602782158827169
3.1101767270538954 0.005352608831866925
3.173008580125691 -0.005352608831866925
3.2358404331974873 -0.01602782158827169
3.2986722862692828 -0.026613336879427664
3.3615041393410787 -0.037050406660599486
3.4243359924128747 -0.04728183317788515
3.48716784548467 -0.05725253990428546
3.549999698556466 -0.06691009564497216
3.612831551628262 -0.07620518162873846
3.675663404700058 -0.08509199353660206
3.7384952577718535 -0.0935285727609713
3.8013271108436495 -0.10147706361507496
3.8641589639154454 -0.1089038956016824
3.9269908169872414 -0.11577989209341887
3.989822670059038 -0.12208030878317626
4.052654523130833 -0.12778480696345096
4.115486376202629 -0.1328773680434037
4.178318229274425 -0.1373461566916602
4.241150082346222 -0.14118334060325013
4.303981935418017 -0.14438487515145643
4.366813788489813 -0.14695026113545093
4.429645641561608 -0.14888228351844607
4.4924774946334045 -0.1501867385206785
4.5553093477052 -0.15087215574068225
4.618141200776996 -0.15094952117932758
4.680973053848792 -0.15043200618218464
4.743804906920587 -0.1493347064391405
4.806636759992383 -0.1476743943210718
4.869468613064179 -0.14546928701951795
4.932300466135976 -0.1427388322072233
4.995132319207771 -0.13950351226884236
5.057964172279567 -0.13578466756980676
5.120796025351362 -0.13160433874007144
5.183627878423159 -0.12698512754692626
5.246459731494955 -0.12195007561288526
5.3092915845667505 -0.11652255999434653
5.372123437638546 -0.11072620446625529
5.434955290710342 -0.10458480524870489
5.497787143782137 -0.09812226985427466
5.560618996853934 -0.09136256772110572
5.62345084992573 -0.08432969131784285
5.686282702997525 -0.0770476264548073
5.749114556069321 -0.06954033060406985
5.811946409141116 -0.061831718113118474
5.874778262212914 -0.053945651287086206
5.937610115284709 -0.04590593640823967
6.000441968356505 -0.03773632385454931
6.0632738214283 -0.029460511568303226
6.126105674500097 -0.021102151208012607
6.188937527571893 -0.012684856390023681
6.2517693806436885 -0.004232212488421571