0.031415926535897934 0.00970451851794497
0.0942477796076938 0.02904252111050139
0.15707963267948966 0.04816842000469239
0.21991148575128552 0.06694412142112005
0.2827433388230814 0.08523641334288111
0.34557519189487723 0.10291875819380085
0.4084070449666731 0.11987293128002449
0.47123889803846897 0.13599046904169265
0.5340707511102649 0.1511738969588356
0.5969026041820606 0.16533771369953776
0.6597344572538566 0.17840911556360925
0.7225663103256523 0.19032845319014066
0.7853981633974483 0.2010494205544415
0.8482300164692442 0.21053898414932465
0.91106186954104 0.21877706759630786
0.9738937226128359 0.22575601345391666
1.0367255756846319 0.23147984941662686
1.0995574287564276 0.23596339022645837
1.1623892818282235 0.23923120932536585
1.2252211349000193 0.24131651552152042
1.2880529879718152 0.24225996977250028
1.350884841043611 0.2421084757267257
1.413716694115407 0.24091397509748863
1.4765485471872026 0.2387322755025985
1.5393804002589986 0.2356219343420983
1.6022122533307945 0.2316432178659571
1.6650441064025903 0.22685715004858667
1.7278759594743862 0.22132466145495158
1.7907078125461822 0.21510584413347822
1.853539665617978 0.20825931484022983
1.9163715186897736 0.20084168567875726
1.9792033717615696 0.192907138580475
2.0420352248333655 0.184507097963946
2.104867077905162 0.17568999438011515
2.1676989309769574 0.16650111093295228
2.230530784048753 0.15698250370372202
2.2933626371205493 0.14717298723529634
2.356194490192345 0.13710817627999525
2.4190263432641403 0.12682057541062847
2.4818581963359367 0.11633970867422162
2.5446900494077322 0.10569228217236099
2.607521902479528 0.09490237322996717
2.670353755551324 0.08399164062271607
2.7331856086231197 0.07297955113746234
2.796017461694916 0.06188361851268543
2.8588493147667116 0.05071965152666227
2.9216811678385075 0.03950200865494338
2.9845130209103035 0.028243857295633435
3.047344873982099 0.01695743605435903
3.1101767270538954 0.005654318986796939
3.173008580125691 -0.005654318986796939
3.2358404331974873 -0.01695743605435903
3.2986722862692828 -0.028243857295633435
3.3615041393410787 -0.03950200865494338
3.4243359924128747 -0.05071965152666227
3.48716784548467 -0.06188361851268543
3.549999698556466 -0.0729795511374621
3.612831551628262 -0.08399164062271607
3.675663404700058 -0.09490237322996717
3.7384952577718535 -0.10569228217236097
3.8013271108436495 -0.11633970867422162
3.8641589639154454 -0.1268205754106284
3.9269908169872414 -0.13710817627999525
3.989822670059038 -0.1471729872352964
4.052654523130833 -0.15698250370372202
4.115486376202629 -0.16650111093295228
4.178318229274425 -0.1756899943801153
4.241150082346222 -0.1845070979639462
4.303981935418017 -0.192907138580475
4.366813788489813 -0.20084168567875726
4.429645641561608 -0.20825931484022983
4.4924774946334045 -0.21510584413347827
4.5553093477052 -0.22132466145495158
4.618141200776996 -0.22685715004858673
4.680973053848792 -0.2316432178659571
4.743804906920587 -0.2356219343420983
4.806636759992383 -0.23873227550259832
4.869468613064179 -0.24091397509748863
4.932300466135976 -0.24210847572672564
4.995132319207771 -0.2422599697725001
5.057964172279567 -0.24131651552152025
5.120796025351362 -0.2392312093253658
5.183627878423159 -0.23596339022645837
5.246459731494955 -0.2314798494166269
5.3092915845667505 -0.22575601345391666
5.372123437638546 -0.21877706759630786
5.434955290710342 -0.21053898414932462
5.497787143782137 -0.20104942055444175
5.560618996853934 -0.19032845319014077
5.62345084992573 -0.17840911556360925
5.686282702997525 -0.16533771369953776
5.749114556069321 -0.15117389695883565
5.811946409141116 -0.1359904690416929
5.874778262212914 -0.1198729312800244
5.937610115284709 -0.10291875819380085
6.000441968356505 -0.08523641334288111
6.0632738214283 -0.06694412142112006
6.126105674500097 -0.04816842000469239
6.188937527571893 -0.029042521110501273
6.2517693806436885 -0.00970451851794497