0.031415926535897934 0.00970073943197151
0.0942477796076938 0.029016197635624214
0.15707963267948966 0.048075161987963404
0.21991148575128552 0.066711815366661
0.2827433388230814 0.08476794170910065
0.34557519189487723 0.10209563937789957
0.4084070449666731 0.11855972385823862
0.47123889803846897 0.1340397536358104
0.5340707511102649 0.14843162865619752
0.5969026041820606 0.1616487282261495
0.6597344572538566 0.17362257370384582
0.7225663103256523 0.18430301987660314
0.7853981633974483 0.19365799656010282
0.8482300164692442 0.20167283774794056
0.91106186954104 0.20834924879974878
0.9738937226128359 0.21370397208304368
1.0367255756846319 0.21776721782547467
1.0995574287564276 0.22058092960382295
1.1623892818282235 0.22219695306680817
1.2252211349000193 0.22267517255967087
1.2880529879718152 0.2220816738609328
1.350884841043611 0.22048698293314112
1.413716694115407 0.21796442114429357
1.4765485471872026 0.21458860752331993
1.5393804002589986 0.2104341288823623
1.6022122533307945 0.20557438956881935
1.6650441064025903 0.20008064456831898
1.7278759594743862 0.19402121289902852
1.7907078125461822 0.18746086282681737
1.853539665617978 0.1804603563926152
1.9163715186897736 0.17307613799808963
1.9792033717615696 0.16536015020563355
2.0420352248333655 0.15735975930096457
2.104867077905162 0.14911777335400275
2.1676989309769574 0.1406725363100576
2.230530784048753 0.13205808287545667
2.2933626371205493 0.12330434047671475
2.356194490192345 0.11443736624148079
2.4190263432641403 0.10547960866946973
2.4818581963359367 0.09645018535338008
2.5446900494077322 0.08736516971644202
2.607521902479528 0.078237881216742
2.670353755551324 0.0690791748063617
2.7331856086231197 0.05989772661546635
2.796017461694916 0.050700313856666734
2.8588493147667116 0.041492087818586265
2.9216811678385075 0.03227683954896418
2.9845130209103035 0.02305725842844539
3.047344873982099 0.01383518431877197
3.1101767270538954 0.004611854345335855
3.173008580125691 -0.004611854345335855
3.2358404331974873 -0.01383518431877197
3.2986722862692828 -0.02305725842844539
3.3615041393410787 -0.03227683954896418
3.4243359924128747 -0.041492087818586265
3.48716784548467 -0.050700313856666734
3.549999698556466 -0.05989772661546635
3.612831551628262 -0.0690791748063617
3.675663404700058 -0.078237881216742
3.7384952577718535 -0.08736516971644198
3.8013271108436495 -0.09645018535338008
3.8641589639154454 -0.10547960866946973
3.9269908169872414 -0.11443736624148079
3.989822670059038 -0.12330434047671496
4.052654523130833 -0.13205808287545667
4.115486376202629 -0.1406725363100576
4.178318229274425 -0.14911777335400286
4.241150082346222 -0.15735975930096477
4.303981935418017 -0.1653601502056337
4.366813788489813 -0.17307613799808963
4.429645641561608 -0.1804603563926152
4.4924774946334045 -0.18746086282681737
4.5553093477052 -0.19402121289902852
4.618141200776996 -0.20008064456831898
4.680973053848792 -0.20557438956881935
4.743804906920587 -0.2104341288823624
4.806636759992383 -0.21458860752331987
4.869468613064179 -0.21796442114429357
4.932300466135976 -0.22048698293314117
4.995132319207771 -0.22208167386093272
5.057964172279567 -0.22267517255967081
5.120796025351362 -0.22219695306680812
5.183627878423159 -0.22058092960382295
5.246459731494955 -0.21776721782547462
5.3092915845667505 -0.21370397208304368
5.372123437638546 -0.20834924879974878
5.434955290710342 -0.20167283774794062
5.497787143782137 -0.193657996560103
5.560618996853934 -0.184303019876603
5.62345084992573 -0.17362257370384582
5.686282702997525 -0.1616487282261495
5.749114556069321 -0.14843162865619747
5.811946409141116 -0.13403975363581064
5.874778262212914 -0.11855972385823838
5.937610115284709 -0.10209563937789957
6.000441968356505 -0.08476794170910065
6.0632738214283 -0.06671181536666117
6.126105674500097 -0.048075161987963404
6.188937527571893 -0.02901619763562397
6.2517693806436885 -0.00970073943197151