0.031415926535897934 0.007823657070727299
0.0942477796076938 0.023440139233899256
0.15707963267948966 0.038964259146539774
0.21991148575128552 0.05433488642346622
0.2827433388230814 0.06949155330266725
0.34557519189487723 0.08437471170583345
0.4084070449666731 0.09892598256350486
0.47123889803846897 0.11308839554573893
0.5340707511102649 0.1268066175838912
0.5969026041820606 0.1400271688485564
0.6597344572538566 0.15269862515257512
0.7225663103256523 0.16477180606514027
0.7853981633974483 0.17619994834203603
0.8482300164692442 0.1869388645866715
0.91106186954104 0.19694708734616023
0.9738937226128359 0.20618599910655885
1.0367255756846319 0.21461994887308236
1.0995574287564276 0.2222163561977854
1.1623892818282235 0.22894580364365935
1.2252211349000193 0.23478211874701382
1.2880529879718152 0.23970244655792944
1.350884841043611 0.24368731380189093
1.413716694115407 0.24672068561665897
1.4765485471872026 0.24879001568092474
1.5393804002589986 0.2498862903707848
1.6022122533307945 0.2500040673634457
1.6650441064025903 0.24914150886286437
1.7278759594743862 0.24730040935831282
1.7907078125461822 0.24448621755391606
1.853539665617978 0.2407080518353748
1.9163715186897736 0.23597870837991883
1.9792033717615696 0.23031466077757504
2.0420352248333655 0.22373604982629153
2.104867077905162 0.2162666619999049
2.1676989309769574 0.20793389497497042
2.230530784048753 0.19876870854739778
2.2933626371205493 0.18880555927835752
2.356194490192345 0.17808231728476842
2.4190263432641403 0.16664016373446708
2.4818581963359367 0.15452346781904525
2.5446900494077322 0.1417796422549543
2.607521902479528 0.12845897669988074
2.670353755551324 0.11461444885811796
2.7331856086231197 0.10030151347483512
2.796017461694916 0.08557786987196299
2.8588493147667116 0.07050320914331921
2.9216811678385075 0.05513894258801781
2.9845130209103035 0.03954791340306889
3.047344873982099 0.023794094062477164
3.1101767270538954 0.007942272166123926
3.173008580125691 -0.007942272166123926
3.2358404331974873 -0.023794094062477164
3.2986722862692828 -0.03954791340306889
3.3615041393410787 -0.05513894258801781
3.4243359924128747 -0.07050320914331921
3.48716784548467 -0.08557786987196299
3.549999698556466 -0.10030151347483506
3.612831551628262 -0.11461444885811796
3.675663404700058 -0.12845897669988074
3.7384952577718535 -0.14177964225495424
3.8013271108436495 -0.15452346781904525
3.8641589639154454 -0.16664016373446694
3.9269908169872414 -0.17808231728476842
3.989822670059038 -0.18880555927835768
4.052654523130833 -0.19876870854739778
4.115486376202629 -0.20793389497497042
4.178318229274425 -0.21626666199990502
4.241150082346222 -0.2237360498262915
4.303981935418017 -0.23031466077757487
4.366813788489813 -0.23597870837991883
4.429645641561608 -0.24070805183537475
4.4924774946334045 -0.2444862175539162
4.5553093477052 -0.24730040935831282
4.618141200776996 -0.24914150886286437
4.680973053848792 -0.2500040673634456
4.743804906920587 -0.24988629037078475
4.806636759992383 -0.24879001568092476
4.869468613064179 -0.24672068561665897
4.932300466135976 -0.24368731380189088
4.995132319207771 -0.23970244655792944
5.057964172279567 -0.23478211874701382
5.120796025351362 -0.2289458036436594
5.183627878423159 -0.2222163561977854
5.246459731494955 -0.21461994887308222
5.3092915845667505 -0.20618599910655885
5.372123437638546 -0.19694708734616023
5.434955290710342 -0.18693886458667147
5.497787143782137 -0.1761999483420363
5.560618996853934 -0.1647718060651401
5.62345084992573 -0.15269862515257512
5.686282702997525 -0.1400271688485564
5.749114556069321 -0.12680661758389122
5.811946409141116 -0.11308839554573913
5.874778262212914 -0.09892598256350484
5.937610115284709 -0.08437471170583345
6.000441968356505 -0.06949155330266725
6.0632738214283 -0.054334886423466414
6.126105674500097 -0.038964259146539774
6.188937527571893 -0.023440139233899166
6.2517693806436885 -0.007823657070727299