0.031415926535897934 0.009130890690853743
0.0942477796076938 0.0273473848758616
0.15707963267948966 0.045428344977463606
0.21991148575128552 0.06328450306595808
0.2827433388230814 0.08082821096343566
0.34557519189487723 0.0979740633928928
0.4084070449666731 0.11463949666589235
0.47123889803846897 0.1307453563446389
0.5340707511102649 0.1462164276494106
0.5969026041820606 0.16098192280685383
0.6597344572538566 0.1749759200535918
0.7225663103256523 0.1881377496254787
0.7853981633974483 0.20041232277484064
0.8482300164692442 0.2117504006612596
0.91106186954104 0.22210880084621137
0.9738937226128359 0.2314505400737665
1.0367255756846319 0.2397449130195236
1.0995574287564276 0.24696750771497325
1.1623892818282235 0.2531001593785698
1.2252211349000193 0.25813084538008785
1.2880529879718152 0.26205352500322054
1.350884841043611 0.2648679285257117
1.413716694115407 0.26657930088214565
1.4765485471872026 0.2671981057910634
1.5393804002589986 0.2667396966995402
1.6022122533307945 0.2652239612144291
1.6650441064025903 0.2626749458458502
1.7278759594743862 0.25912046788679505
1.7907078125461822 0.2545917211001744
1.853539665617978 0.2491228815935003
1.9163715186897736 0.24275071984797017
1.9792033717615696 0.23551422435247443
2.0420352248333655 0.22745424169531683
2.104867077905162 0.21861313730949453
2.1676989309769574 0.20903448037326444
2.230530784048753 0.19876275565736623
2.2933626371205493 0.18784310440272825
2.356194490192345 0.1763210956243772
2.4190263432641403 0.16424252858236774
2.4818581963359367 0.15165326654963823
2.5446900494077322 0.13859910144751172
2.607521902479528 0.12512564841695412
2.670353755551324 0.11127826894991633
2.7331856086231197 0.09710202082003257
2.796017461694916 0.08264163272369866
2.8588493147667116 0.06794150126771943
2.9216811678385075 0.05304570771387543
2.9845130209103035 0.03799805170897502
3.047344873982099 0.02284209908601983
3.1101767270538954 0.00762124071309125
3.173008580125691 -0.00762124071309125
3.2358404331974873 -0.02284209908601983
3.2986722862692828 -0.03799805170897502
3.3615041393410787 -0.05304570771387543
3.4243359924128747 -0.06794150126771943
3.48716784548467 -0.08264163272369866
3.549999698556466 -0.09710202082003243
3.612831551628262 -0.11127826894991633
3.675663404700058 -0.12512564841695412
3.7384952577718535 -0.13859910144751172
3.8013271108436495 -0.15165326654963823
3.8641589639154454 -0.16424252858236765
3.9269908169872414 -0.1763210956243772
3.989822670059038 -0.18784310440272844
4.052654523130833 -0.19876275565736623
4.115486376202629 -0.20903448037326444
4.178318229274425 -0.21861313730949453
4.241150082346222 -0.227454241695317
4.303981935418017 -0.23551422435247443
4.366813788489813 -0.24275071984797017
4.429645641561608 -0.24912288159350024
4.4924774946334045 -0.2545917211001744
4.5553093477052 -0.25912046788679505
4.618141200776996 -0.2626749458458503
4.680973053848792 -0.2652239612144291
4.743804906920587 -0.2667396966995402
4.806636759992383 -0.2671981057910633
4.869468613064179 -0.26657930088214565
4.932300466135976 -0.2648679285257116
4.995132319207771 -0.26205352500322054
5.057964172279567 -0.25813084538008785
5.120796025351362 -0.2531001593785697
5.183627878423159 -0.24696750771497325
5.246459731494955 -0.23974491301952353
5.3092915845667505 -0.2314505400737665
5.372123437638546 -0.22210880084621137
5.434955290710342 -0.21175040066125977
5.497787143782137 -0.20041232277484075
5.560618996853934 -0.18813774962547838
5.62345084992573 -0.1749759200535918
5.686282702997525 -0.16098192280685383
5.749114556069321 -0.1462164276494106
5.811946409141116 -0.13074535634463902
5.874778262212914 -0.11463949666589225
5.937610115284709 -0.0979740633928928
6.000441968356505 -0.08082821096343566
6.0632738214283 -0.06328450306595819
6.126105674500097 -0.045428344977463606
6.188937527571893 -0.0273473848758615
6.2517693806436885 -0.009130890690853743