0.031415926535897934 0.006903582156154226
0.0942477796076938 0.020674772294650222
0.15707963267948966 0.0343383283204795
0.21991148575128552 0.047823451929126896
0.2827433388230814 0.06106076894425653
0.34557519189487723 0.07398287407351894
0.4084070449666731 0.08652485114521186
0.47123889803846897 0.0986247623650997
0.5340707511102649 0.11022410055204049
0.5969026041820606 0.12126819883213186
0.6597344572538566 0.1317065928946903
0.7225663103256523 0.14149333163720815
0.7853981633974483 0.15058723284419803
0.8482300164692442 0.15895208144561424
0.91106186954104 0.16655676886852416
0.9738937226128359 0.1733753730104524
1.0367255756846319 0.17938717939978682
1.0995574287564276 0.1845766451402927
1.1623892818282235 0.18893330823385057
1.2252211349000193 0.19245164580860732
1.2880529879718152 0.19513088562088346
1.350884841043611 0.19697477592346946
1.413716694115407 0.19799131937989947
1.4765485471872026 0.1981924771389179
1.5393804002589986 0.19759384945687655
1.6022122533307945 0.1962143393659754
1.6650441064025903 0.1940758058372707
1.7278759594743862 0.1912027126892637
1.7907078125461822 0.18762177916084177
1.853539665617978 0.18336163762050525
1.9163715186897736 0.17845250334415388
1.9792033717615696 0.17292586068469432
2.0420352248333655 0.1668141693021158
2.104867077905162 0.16015059344541482
2.1676989309769574 0.15296875659895065
2.230530784048753 0.14530252314413053
2.2933626371205493 0.13718580805833633
2.356194490192345 0.12865241508901315
2.4190263432641403 0.11973590331070078
2.4818581963359367 0.1104694815021323
2.5446900494077322 0.1008859293718767
2.607521902479528 0.09101754431424688
2.670353755551324 0.08089611208996611
2.7331856086231197 0.07055289959418645
2.796017461694916 0.06001866769245151
2.8588493147667116 0.049323701966730624
2.9216811678385075 0.038497859111995984
2.9845130209103035 0.027570626652175183
3.047344873982099 0.016571193596176908
3.1101767270538954 0.005528529624130378
3.173008580125691 -0.005528529624130378
3.2358404331974873 -0.016571193596176908
3.2986722862692828 -0.027570626652175183
3.3615041393410787 -0.038497859111995984
3.4243359924128747 -0.049323701966730624
3.48716784548467 -0.06001866769245151
3.549999698556466 -0.07055289959418645
3.612831551628262 -0.08089611208996611
3.675663404700058 -0.09101754431424688
3.7384952577718535 -0.1008859293718767
3.8013271108436495 -0.1104694815021323
3.8641589639154454 -0.11973590331070078
3.9269908169872414 -0.12865241508901315
3.989822670059038 -0.1371858080583364
4.052654523130833 -0.14530252314413053
4.115486376202629 -0.15296875659895065
4.178318229274425 -0.1601505934454147
4.241150082346222 -0.16681416930211587
4.303981935418017 -0.17292586068469432
4.366813788489813 -0.17845250334415388
4.429645641561608 -0.18336163762050509
4.4924774946334045 -0.18762177916084186
4.5553093477052 -0.1912027126892637
4.618141200776996 -0.19407580583727058
4.680973053848792 -0.19621433936597527
4.743804906920587 -0.19759384945687644
4.806636759992383 -0.1981924771389179
4.869468613064179 -0.19799131937989947
4.932300466135976 -0.19697477592346954
4.995132319207771 -0.19513088562088346
5.057964172279567 -0.1924516458086074
5.120796025351362 -0.18893330823385054
5.183627878423159 -0.1845766451402927
5.246459731494955 -0.17938717939978652
5.3092915845667505 -0.1733753730104524
5.372123437638546 -0.16655676886852416
5.434955290710342 -0.1589520814456142
5.497787143782137 -0.15058723284419814
5.560618996853934 -0.14149333163720812
5.62345084992573 -0.1317065928946903
5.686282702997525 -0.12126819883213186
5.749114556069321 -0.11022410055204059
5.811946409141116 -0.09862476236509993
5.874778262212914 -0.08652485114521177
5.937610115284709 -0.07398287407351894
6.000441968356505 -0.06106076894425653
6.0632738214283 -0.047823451929126896
6.126105674500097 -0.0343383283204795
6.188937527571893 -0.020674772294650104
6.2517693806436885 -0.006903582156154226