0.031415926535897934 0.004660168443652861
0.0942477796076938 0.013965747944093517
0.15707963267948966 0.023227075319644293
0.21991148575128552 0.032414715941685025
0.2827433388230814 0.0414993353813583
0.34557519189487723 0.05045173956003169
0.4084070449666731 0.05924291505075823
0.47123889803846897 0.06784406968593884
0.5340707511102649 0.07622667370550279
0.5969026041820606 0.08436250177116493
0.6597344572538566 0.09222367627256
0.7225663103256523 0.09978271245660382
0.7853981633974483 0.10701256601816492
0.8482300164692442 0.11388668389349067
0.91106186954104 0.12037905909284062
0.9738937226128359 0.12646429049015798
1.0367255756846319 0.13211764854974423
1.0995574287564276 0.13731514800698283
1.1623892818282235 0.14203362852623524
1.2252211349000193 0.1462508443281523
1.2880529879718152 0.1499455637049858
1.350884841043611 0.1530976792205766
1.413716694115407 0.15568832921668208
1.4765485471872026 0.15770003101516739
1.5393804002589986 0.1591168259136591
1.6022122533307945 0.15992443571946677
1.6650441064025903 0.1601104301540365
1.7278759594743862 0.15966440399160098
1.7907078125461822 0.15857816227782784
1.853539665617978 0.15684591141741894
1.9163715186897736 0.15446445333790837
1.9792033717615696 0.15143337934847204
2.0420352248333655 0.1477552597395133
2.104867077905162 0.14343582463689217
2.1676989309769574 0.1384841311627308
2.230530784048753 0.13291271159355586
2.2933626371205493 0.12673769697757903
2.356194490192345 0.11997891060645118
2.4190263432641403 0.11265992585996444
2.4818581963359367 0.1048080832765291
2.5446900494077322 0.09645446226167828
2.607521902479528 0.08763380363524845
2.670353755551324 0.07838438022742492
2.7331856086231197 0.0687478139437569
2.796017461694916 0.058768839095446154
2.8588493147667116 0.04849501328686865
2.9216811678385075 0.037976378709467164
2.9845130209103035 0.02726507824354933
3.047344873982099 0.01641493224605734
3.1101767270538954 0.005480983231566205
3.173008580125691 -0.005480983231566205
3.2358404331974873 -0.01641493224605734
3.2986722862692828 -0.02726507824354933
3.3615041393410787 -0.037976378709467164
3.4243359924128747 -0.04849501328686865
3.48716784548467 -0.058768839095446154
3.549999698556466 -0.06874781394375676
3.612831551628262 -0.07838438022742492
3.675663404700058 -0.08763380363524845
3.7384952577718535 -0.09645446226167814
3.8013271108436495 -0.1048080832765291
3.8641589639154454 -0.11265992585996437
3.9269908169872414 -0.11997891060645118
3.989822670059038 -0.12673769697757906
4.052654523130833 -0.13291271159355586
4.115486376202629 -0.1384841311627308
4.178318229274425 -0.14343582463689233
4.241150082346222 -0.14775525973951353
4.303981935418017 -0.1514333793484721
4.366813788489813 -0.15446445333790837
4.429645641561608 -0.1568459114174189
4.4924774946334045 -0.15857816227782784
4.5553093477052 -0.15966440399160098
4.618141200776996 -0.1601104301540365
4.680973053848792 -0.15992443571946677
4.743804906920587 -0.15911682591365905
4.806636759992383 -0.1577000310151674
4.869468613064179 -0.15568832921668208
4.932300466135976 -0.1530976792205766
4.995132319207771 -0.1499455637049858
5.057964172279567 -0.14625084432815236
5.120796025351362 -0.14203362852623524
5.183627878423159 -0.13731514800698283
5.246459731494955 -0.13211764854974423
5.3092915845667505 -0.12646429049015798
5.372123437638546 -0.12037905909284062
5.434955290710342 -0.11388668389349067
5.497787143782137 -0.10701256601816503
5.560618996853934 -0.09978271245660382
5.62345084992573 -0.09222367627256
5.686282702997525 -0.08436250177116493
5.749114556069321 -0.07622667370550279
5.811946409141116 -0.06784406968593892
5.874778262212914 -0.05924291505075821
5.937610115284709 -0.05045173956003169
6.000441968356505 -0.0414993353813583
6.0632738214283 -0.03241471594168518
6.126105674500097 -0.023227075319644293
6.188937527571893 -0.013965747944093445
6.2517693806436885 -0.004660168443652861