0.031415926535897934 0.0007199904243667593
0.0942477796076938 0.0021572638903498346
0.15707963267948966 0.0035864239067968607
0.21991148575128552 0.0050020904957293
0.2827433388230814 0.006398927135793385
0.34557519189487723 0.007771658092099767
0.4084070449666731 0.009115085691105975
0.47123889803846897 0.010424107521782253
0.5340707511102649 0.01169373354203622
0.5969026041820606 0.012919103066628987
0.6597344572538566 0.014095501609613263
0.7225663103256523 0.015218377550700386
0.7853981633974483 0.016283358590931402
0.8482300164692442 0.017286267958643638
0.91106186954104 0.018223140322026373
0.9738937226128359 0.019090237359611153
1.0367255756846319 0.019884062934905616
1.0995574287564276 0.02060137781613333
1.1623892818282235 0.021239213876787753
1.2252211349000193 0.021794887707520263
1.2880529879718152 0.022266013564892582
1.350884841043611 0.022650515577852408
1.413716694115407 0.02294663912854211
1.4765485471872026 0.0231529613203915
1.5393804002589986 0.023268400443493348
1.6022122533307945 0.023292224345164116
1.6650441064025903 0.023224057612496053
1.7278759594743862 0.023063887473737475
1.7907078125461822 0.022812068326632056
1.853539665617978 0.0224693248045144
1.9163715186897736 0.022036753295095374
1.9792033717615696 0.021515821832556917
2.0420352248333655 0.020908368290859226
2.104867077905162 0.020216596815066313
2.1676989309769574 0.0194430724380057
2.230530784048753 0.018590713841654973
2.2933626371205493 0.017662784236192167
2.356194490192345 0.016662880344555264
2.4190263432641403 0.015594919496447136
2.4818581963359367 0.014463124852811331
2.5446900494077322 0.01327200879964955
2.607521902479528 0.012026354568390097
2.670353755551324 0.010731196158552852
2.7331856086231197 0.00939179665688892
2.796017461694916 0.008013625065160075
2.8588493147667116 0.00660233176594879
2.9216811678385075 0.005163722772019993
2.9845130209103035 0.003703732919474195
3.047344873982099 0.002228398177946274
3.1101767270538954 0.0007438272621426266
3.173008580125691 -0.0007438272621426266
3.2358404331974873 -0.002228398177946274
3.2986722862692828 -0.003703732919474195
3.3615041393410787 -0.005163722772019993
3.4243359924128747 -0.00660233176594879
3.48716784548467 -0.008013625065160075
3.549999698556466 -0.00939179665688892
3.612831551628262 -0.010731196158552852
3.675663404700058 -0.012026354568390097
3.7384952577718535 -0.01327200879964955
3.8013271108436495 -0.014463124852811331
3.8641589639154454 -0.01559491949644714
3.9269908169872414 -0.016662880344555264
3.989822670059038 -0.017662784236192157
4.052654523130833 -0.018590713841654973
4.115486376202629 -0.0194430724380057
4.178318229274425 -0.020216596815066303
4.241150082346222 -0.020908368290859278
4.303981935418017 -0.021515821832556913
4.366813788489813 -0.022036753295095374
4.429645641561608 -0.022469324804514402
4.4924774946334045 -0.022812068326632046
4.5553093477052 -0.023063887473737475
4.618141200776996 -0.023224057612496046
4.680973053848792 -0.023292224345164116
4.743804906920587 -0.023268400443493358
4.806636759992383 -0.023152961320391595
4.869468613064179 -0.02294663912854211
4.932300466135976 -0.022650515577852397
4.995132319207771 -0.022266013564892582
5.057964172279567 -0.02179488770752027
5.120796025351362 -0.021239213876787767
5.183627878423159 -0.02060137781613333
5.246459731494955 -0.019884062934905584
5.3092915845667505 -0.019090237359611153
5.372123437638546 -0.018223140322026373
5.434955290710342 -0.017286267958643596
5.497787143782137 -0.016283358590931434
5.560618996853934 -0.015218377550700367
5.62345084992573 -0.014095501609613263
5.686282702997525 -0.012919103066628987
5.749114556069321 -0.011693733542036245
5.811946409141116 -0.010424107521782211
5.874778262212914 -0.009115085691105997
5.937610115284709 -0.007771658092099767
6.000441968356505 -0.006398927135793385
6.0632738214283 -0.005002090495729333
6.126105674500097 -0.0035864239067968607
6.188937527571893 -0.0021572638903497843
6.2517693806436885 -0.0007199904243667593