0.031415926535897934 0.0029228425973844463
0.0942477796076938 0.008759710271918752
0.15707963267948966 0.014570128032170986
0.21991148575128552 0.02033647162462783
0.2827433388230814 0.026041131036405017
0.34557519189487723 0.03166651761249395
0.4084070449666731 0.0371950726117164
0.47123889803846897 0.04260927763674395
0.5340707511102649 0.047891667389976404
0.5969026041820606 0.05302484522517598
0.6597344572538566 0.057991501983279306
0.7225663103256523 0.0627744386183193
0.7853981633974483 0.06735659313415227
0.8482300164692442 0.07172107236277463
0.91106186954104 0.07585118911824823
0.9738937226128359 0.07973050525422122
1.0367255756846319 0.08334288113518093
1.0995574287564276 0.08667253199915387
1.1623892818282235 0.08970409163980632
1.2252211349000193 0.09242268376597677
1.2880529879718152 0.0948140013039545
1.350884841043611 0.09686439378985018
1.413716694115407 0.09856096285423342
1.4765485471872026 0.09989166562743827
1.5393804002589986 0.10084542569100599
1.6022122533307945 0.1014122509691855
1.6650441064025903 0.10158335769602389
1.7278759594743862 0.101351299311714
1.7907078125461822 0.10071009884159843
1.853539665617978 0.09965538299953001
1.9163715186897736 0.09818451594311378
1.9792033717615696 0.09629673030264445
2.0420352248333655 0.0939932528210515
2.104867077905162 0.09127742169318866
2.1676989309769574 0.0881547924947602
2.230530784048753 0.08463322945991009
2.2933626371205493 0.08072297881757359
2.356194490192345 0.07643672094434058
2.4190263432641403 0.07178959824776211
2.4818581963359367 0.06679921596727385
2.5446900494077322 0.06148561347428098
2.607521902479528 0.05587120416712452
2.670353755551324 0.049980682683203916
2.7331856086231197 0.04384089887558729
2.796017461694916 0.03748069880463345
2.8588493147667116 0.030930733850204686
2.9216811678385075 0.024223239925642043
2.9845130209103035 0.01739178963597473
3.047344873982099 0.010471021033234048
3.1101767270538954 0.0034963473450191954
3.173008580125691 -0.0034963473450191954
3.2358404331974873 -0.010471021033234048
3.2986722862692828 -0.01739178963597473
3.3615041393410787 -0.024223239925642043
3.4243359924128747 -0.030930733850204686
3.48716784548467 -0.03748069880463345
3.549999698556466 -0.043840898875587175
3.612831551628262 -0.049980682683203916
3.675663404700058 -0.05587120416712452
3.7384952577718535 -0.06148561347428098
3.8013271108436495 -0.06679921596727385
3.8641589639154454 -0.07178959824776211
3.9269908169872414 -0.07643672094434058
3.989822670059038 -0.08072297881757358
4.052654523130833 -0.08463322945991009
4.115486376202629 -0.0881547924947602
4.178318229274425 -0.09127742169318864
4.241150082346222 -0.09399325282105148
4.303981935418017 -0.09629673030264459
4.366813788489813 -0.09818451594311378
4.429645641561608 -0.09965538299953004
4.4924774946334045 -0.10071009884159843
4.5553093477052 -0.101351299311714
4.618141200776996 -0.10158335769602389
4.680973053848792 -0.1014122509691855
4.743804906920587 -0.10084542569100595
4.806636759992383 -0.09989166562743827
4.869468613064179 -0.09856096285423342
4.932300466135976 -0.09686439378985014
4.995132319207771 -0.0948140013039545
5.057964172279567 -0.09242268376597677
5.120796025351362 -0.08970409163980617
5.183627878423159 -0.08667253199915387
5.246459731494955 -0.08334288113518093
5.3092915845667505 -0.07973050525422122
5.372123437638546 -0.07585118911824823
5.434955290710342 -0.07172107236277465
5.497787143782137 -0.06735659313415218
5.560618996853934 -0.06277443861831923
5.62345084992573 -0.057991501983279306
5.686282702997525 -0.05302484522517598
5.749114556069321 -0.047891667389976474
5.811946409141116 -0.04260927763674395
5.874778262212914 -0.037195072611716326
5.937610115284709 -0.03166651761249395
6.000441968356505 -0.026041131036405017
6.0632738214283 -0.02033647162462783
6.126105674500097 -0.014570128032170986
6.188937527571893 -0.00875971027191868
6.2517693806436885 -0.0029228425973844463