0.031415926535897934 0.009369499937678497
0.0942477796076938 0.028068524939478794
0.15707963267948966 0.04664784018633139
0.21991148575128552 0.06502835326095276
0.2827433388230814 0.08313203545426458
0.34557519189487723 0.1008823325671622
0.4084070449666731 0.11820456139887392
0.47123889803846897 0.1350262883442984
0.5340707511102649 0.1512776868829924
0.5969026041820606 0.16689187115786297
0.6597344572538566 0.181805203298918
0.7225663103256523 0.19595757263253993
0.7853981633974483 0.20929264541522907
0.8482300164692442 0.22175808422840784
0.91106186954104 0.23330573665425092
0.9738937226128359 0.24389179330940614
1.0367255756846319 0.2534769157332967
1.0995574287564276 0.26202633500177974
1.1623892818282235 0.26950992225867004
1.2252211349000193 0.27590223262258956
1.2880529879718152 0.28118252413254613
1.350884841043611 0.28533475354232424
1.413716694115407 0.2883475508629446
1.4765485471872026 0.2902141745874208
1.5393804002589986 0.2909324495176163
1.6022122533307945 0.2905046890550011
1.6650441064025903 0.28893760372222776
1.7278759594743862 0.28624219755781394
1.7907078125461822 0.2824336538792419
1.853539665617978 0.27753121174777495
1.9163715186897736 0.27155803429829906
1.9792033717615696 0.26454106992612
2.0420352248333655 0.25651090715577685
2.104867077905162 0.24750162385978897
2.1676989309769574 0.23755063135209795
2.230530784048753 0.2266985137552487
2.2933626371205493 0.21498886293449837
2.356194490192345 0.20246810920760594
2.4190263432641403 0.18918534797665698
2.4818581963359367 0.17519216238770607
2.5446900494077322 0.1605424421042657
2.607521902479528 0.1452921982800601
2.670353755551324 0.12949937483273002
2.7331856086231197 0.11322365615056701
2.796017461694916 0.09652627140580697
2.8588493147667116 0.07946979569721538
2.9216811678385075 0.06211794829823226
2.9845130209103035 0.04453538834150365
3.047344873982099 0.026787508322953468
3.1101767270538954 0.00894022585577059
3.173008580125691 -0.00894022585577059
3.2358404331974873 -0.026787508322953468
3.2986722862692828 -0.04453538834150365
3.3615041393410787 -0.06211794829823226
3.4243359924128747 -0.07946979569721538
3.48716784548467 -0.09652627140580697
3.549999698556466 -0.11322365615056695
3.612831551628262 -0.12949937483273002
3.675663404700058 -0.1452921982800601
3.7384952577718535 -0.16054244210426566
3.8013271108436495 -0.17519216238770607
3.8641589639154454 -0.18918534797665695
3.9269908169872414 -0.20246810920760594
3.989822670059038 -0.2149888629344986
4.052654523130833 -0.2266985137552487
4.115486376202629 -0.23755063135209795
4.178318229274425 -0.24750162385978916
4.241150082346222 -0.25651090715577696
4.303981935418017 -0.26454106992612003
4.366813788489813 -0.27155803429829906
4.429645641561608 -0.27753121174777484
4.4924774946334045 -0.28243365387924196
4.5553093477052 -0.28624219755781394
4.618141200776996 -0.28893760372222776
4.680973053848792 -0.2905046890550013
4.743804906920587 -0.2909324495176163
4.806636759992383 -0.2902141745874209
4.869468613064179 -0.2883475508629446
4.932300466135976 -0.2853347535423243
4.995132319207771 -0.281182524132546
5.057964172279567 -0.27590223262258956
5.120796025351362 -0.26950992225866993
5.183627878423159 -0.26202633500177974
5.246459731494955 -0.25347691573329656
5.3092915845667505 -0.24389179330940614
5.372123437638546 -0.23330573665425092
5.434955290710342 -0.22175808422840776
5.497787143782137 -0.20929264541522938
5.560618996853934 -0.1959575726325399
5.62345084992573 -0.181805203298918
5.686282702997525 -0.16689187115786297
5.749114556069321 -0.1512776868829924
5.811946409141116 -0.13502628834429858
5.874778262212914 -0.11820456139887381
5.937610115284709 -0.1008823325671622
6.000441968356505 -0.08313203545426458
6.0632738214283 -0.06502835326095291
6.126105674500097 -0.04664784018633139
6.188937527571893 -0.028068524939478586
6.2517693806436885 -0.009369499937678497