0.031415926535897934 0.006040378439797367
0.0942477796076938 0.018105216120153717
0.15707963267948966 0.030122287461972583
0.21991148575128552 0.04205971903403252
0.2827433388230814 0.05388559337232038
0.34557519189487723 0.06556793098464991
0.4084070449666731 0.07707467212802163
0.47123889803846897 0.0883736585134144
0.5340707511102649 0.09943261525420935
0.5969026041820606 0.11021913356814643
0.6597344572538566 0.12070065496626362
0.7225663103256523 0.13084445791265722
0.7853981633974483 0.14061764821241474
0.8482300164692442 0.14998715467712664
0.91106186954104 0.1589197319222748
0.9738937226128359 0.1673819724615574
1.0367255756846319 0.1753403305712656
1.0995574287564276 0.18276116069275164
1.1623892818282235 0.18961077341020985
1.2252211349000193 0.1958555122694121
1.2880529879718152 0.20146185487295112
1.350884841043611 0.20639654177847724
1.413716694115407 0.21062673671510523
1.4765485471872026 0.21412022149391308
1.5393804002589986 0.21684562869371407
1.6022122533307945 0.21877271472463924
1.6650441064025903 0.21987267518178663
1.7278759594743862 0.22011850347424253
1.7907078125461822 0.21948539253145916
1.853539665617978 0.21795117793818342
1.9163715186897736 0.2154968191319802
1.9792033717615696 0.2121069133312672
2.0420352248333655 0.20777023468425457
2.104867077905162 0.20248028880156188
2.1676989309769574 0.19623587044516277
2.230530784048753 0.18904160980838533
2.2933626371205493 0.18090849067646692
2.356194490192345 0.1718543219663347
2.4190263432641403 0.1619041428832335
2.4818581963359367 0.15109054137786804
2.5446900494077322 0.1394538659057241
2.607521902479528 0.1270423118150916
2.670353755551324 0.11391186610887133
2.7331856086231197 0.10012609785873347
2.796017461694916 0.08575578614012219
2.8588493147667116 0.07087838285628405
2.9216811678385075 0.05557731399354649
2.9845130209103035 0.03994112938347117
3.047344873982099 0.024062517564254884
3.1101767270538954 0.008037208425027925
3.173008580125691 -0.008037208425027925
3.2358404331974873 -0.024062517564254884
3.2986722862692828 -0.03994112938347117
3.3615041393410787 -0.05557731399354649
3.4243359924128747 -0.07087838285628405
3.48716784548467 -0.08575578614012219
3.549999698556466 -0.10012609785873317
3.612831551628262 -0.11391186610887133
3.675663404700058 -0.1270423118150916
3.7384952577718535 -0.1394538659057241
3.8013271108436495 -0.15109054137786804
3.8641589639154454 -0.16190414288323343
3.9269908169872414 -0.1718543219663347
3.989822670059038 -0.18090849067646694
4.052654523130833 -0.18904160980838533
4.115486376202629 -0.19623587044516277
4.178318229274425 -0.2024802888015621
4.241150082346222 -0.20777023468425457
4.303981935418017 -0.21210691333126724
4.366813788489813 -0.2154968191319802
4.429645641561608 -0.21795117793818342
4.4924774946334045 -0.21948539253145913
4.5553093477052 -0.22011850347424253
4.618141200776996 -0.2198726751817867
4.680973053848792 -0.21877271472463924
4.743804906920587 -0.21684562869371402
4.806636759992383 -0.21412022149391302
4.869468613064179 -0.21062673671510523
4.932300466135976 -0.20639654177847724
4.995132319207771 -0.20146185487295112
5.057964172279567 -0.1958555122694121
5.120796025351362 -0.18961077341020996
5.183627878423159 -0.18276116069275164
5.246459731494955 -0.17534033057126552
5.3092915845667505 -0.1673819724615574
5.372123437638546 -0.1589197319222748
5.434955290710342 -0.14998715467712678
5.497787143782137 -0.1406176482124148
5.560618996853934 -0.13084445791265714
5.62345084992573 -0.12070065496626362
5.686282702997525 -0.11021913356814643
5.749114556069321 -0.09943261525420938
5.811946409141116 -0.08837365851341454
5.874778262212914 -0.07707467212802149
5.937610115284709 -0.06556793098464991
6.000441968356505 -0.05388559337232038
6.0632738214283 -0.04205971903403267
6.126105674500097 -0.030122287461972583
6.188937527571893 -0.018105216120153655
6.2517693806436885 -0.006040378439797367