0.031415926535897934 0.0017752926358753324
0.0942477796076938 0.005319599485128793
0.15707963267948966 0.008845086023487022
0.21991148575128552 0.012339255276097446
0.2827433388230814 0.015789685269557617
0.34557519189487723 0.01918405933700023
0.4084070449666731 0.022510196724854246
0.47123889803846897 0.025756083583165366
0.5340707511102649 0.02890990441764602
0.5969026041820606 0.031960074076588095
0.6597344572538566 0.03489527033912019
0.7225663103256523 0.037704467162737815
0.7853981633974483 0.04037696863723643
0.8482300164692442 0.04290244367884818
0.91106186954104 0.045270961482193076
0.9738937226128359 0.04747302772834484
1.0367255756846319 0.04949962152466497
1.0995574287564276 0.05134223302590591
1.1623892818282235 0.05299290165638188
1.2252211349000193 0.05444425481977285
1.2880529879718152 0.05568954694655457
1.350884841043611 0.056722698689419114
1.413716694115407 0.05753833603486186
1.4765485471872026 0.058131829054968324
1.5393804002589986 0.058499329978167744
1.6022122533307945 0.05863781021231306
1.6650441064025903 0.058545095909039044
1.7278759594743862 0.05821990161628124
1.7907078125461822 0.05766186152753218
1.853539665617978 0.056871557803433344
1.9163715186897736 0.05585054541526316
1.9792033717615696 0.054601372942398814
2.0420352248333655 0.05312759874850515
2.104867077905162 0.0514338019654693
2.1676989309769574 0.04952558773127651
2.230530784048753 0.04740958615909883
2.2933626371205493 0.04509344456056411
2.356194490192345 0.04258581250677626
2.4190263432641403 0.039896319385998205
2.4818581963359367 0.03703554420635033
2.5446900494077322 0.03401497749420397
2.607521902479528 0.03084697525245445
2.670353755551324 0.02754470506529581
2.7331856086231197 0.02412208456477487
2.796017461694916 0.020593712606159775
2.8588493147667116 0.01697479363059882
2.9216811678385075 0.013281055821038097
2.9845130209103035 0.009528663777260712
3.047344873982099 0.0057341265445834165
3.1101767270538954 0.0019142019248734696
3.173008580125691 -0.0019142019248734696
3.2358404331974873 -0.0057341265445834165
3.2986722862692828 -0.009528663777260712
3.3615041393410787 -0.013281055821038097
3.4243359924128747 -0.01697479363059882
3.48716784548467 -0.020593712606159775
3.549999698556466 -0.02412208456477487
3.612831551628262 -0.02754470506529581
3.675663404700058 -0.03084697525245445
3.7384952577718535 -0.03401497749420397
3.8013271108436495 -0.03703554420635033
3.8641589639154454 -0.039896319385998094
3.9269908169872414 -0.04258581250677626
3.989822670059038 -0.04509344456056409
4.052654523130833 -0.04740958615909883
4.115486376202629 -0.04952558773127651
4.178318229274425 -0.05143380196546928
4.241150082346222 -0.05312759874850519
4.303981935418017 -0.05460137294239888
4.366813788489813 -0.05585054541526316
4.429645641561608 -0.056871557803433434
4.4924774946334045 -0.05766186152753216
4.5553093477052 -0.05821990161628124
4.618141200776996 -0.05854509590903903
4.680973053848792 -0.058637810212313055
4.743804906920587 -0.058499329978167716
4.806636759992383 -0.05813182905496841
4.869468613064179 -0.05753833603486186
4.932300466135976 -0.05672269868941909
4.995132319207771 -0.055689546946554556
5.057964172279567 -0.05444425481977278
5.120796025351362 -0.05299290165638181
5.183627878423159 -0.05134223302590591
5.246459731494955 -0.04949962152466499
5.3092915845667505 -0.04747302772834484
5.372123437638546 -0.045270961482193076
5.434955290710342 -0.042902443678848316
5.497787143782137 -0.0403769686372365
5.560618996853934 -0.0377044671627378
5.62345084992573 -0.03489527033912019
5.686282702997525 -0.031960074076588095
5.749114556069321 -0.028909904417646168
5.811946409141116 -0.02575608358316539
5.874778262212914 -0.022510196724854284
5.937610115284709 -0.01918405933700023
6.000441968356505 -0.015789685269557617
6.0632738214283 -0.012339255276097453
6.126105674500097 -0.008845086023487022
6.188937527571893 -0.005319599485128792
6.2517693806436885 -0.0017752926358753324