0.031415926535897934 0.005004738787425412
0.0942477796076938 0.014998635987953202
0.15707963267948966 0.024945807194370773
0.21991148575128552 0.03481515231462745
0.2827433388230814 0.04457564761421562
0.34557519189487723 0.054196377288780205
0.4084070449666731 0.06364656612741663
0.47123889803846897 0.0728956136632134
0.5340707511102649 0.0819131302672061
0.5969026041820606 0.09066897571020656
0.6597344572538566 0.09913330079126224
0.7225663103256523 0.10727659270859498
0.7853981633974483 0.11506972492506816
0.8482300164692442 0.12248401235147864
0.91106186954104 0.12949127273265382
0.9738937226128359 0.1360638951685616
1.0367255756846319 0.1421749167300884
1.0995574287564276 0.14779810813126734
1.1623892818282235 0.1529080693908166
1.2252211349000193 0.15748033635008243
1.2880529879718152 0.16149149880630678
1.350884841043611 0.16491933086424654
1.413716694115407 0.16774293390101697
1.4765485471872026 0.16994289227496895
1.5393804002589986 0.17150144158720404
1.6022122533307945 0.17240264892356827
1.6650441064025903 0.17263260406742406
1.7278759594743862 0.17217962018379532
1.7907078125461822 0.1710344419413089
1.853539665617978 0.16919045847104455
1.9163715186897736 0.16664391797609107
1.9792033717615696 0.16339414022136
2.0420352248333655 0.15944372257291953
2.104867077905162 0.15479873474610298
2.1676989309769574 0.14946889699088123
2.230530784048753 0.14346773612209168
2.2933626371205493 0.13681271362181924
2.356194490192345 0.12952532003066144
2.4190263432641403 0.12163113002925958
2.4818581963359367 0.1131598130109587
2.5446900494077322 0.10414509457234414
2.607521902479528 0.09462466520221148
2.670353755551324 0.08464003352113007
2.7331856086231197 0.07423632269031127
2.796017461694916 0.0634620100343121
2.8588493147667116 0.05236861145927441
2.9216811678385075 0.041010313838619965
2.9845130209103035 0.029443560115307126
3.047344873982099 0.017726593363654255
3.1101767270538954 0.00591896739414723
3.173008580125691 -0.00591896739414723
3.2358404331974873 -0.017726593363654255
3.2986722862692828 -0.029443560115307126
3.3615041393410787 -0.041010313838619965
3.4243359924128747 -0.05236861145927441
3.48716784548467 -0.0634620100343121
3.549999698556466 -0.07423632269031118
3.612831551628262 -0.08464003352113007
3.675663404700058 -0.09462466520221148
3.7384952577718535 -0.10414509457234404
3.8013271108436495 -0.1131598130109587
3.8641589639154454 -0.12163113002925942
3.9269908169872414 -0.12952532003066144
3.989822670059038 -0.13681271362181935
4.052654523130833 -0.14346773612209168
4.115486376202629 -0.14946889699088123
4.178318229274425 -0.15479873474610314
4.241150082346222 -0.1594437225729196
4.303981935418017 -0.16339414022136003
4.366813788489813 -0.16664391797609107
4.429645641561608 -0.16919045847104458
4.4924774946334045 -0.17103444194130896
4.5553093477052 -0.17217962018379532
4.618141200776996 -0.17263260406742417
4.680973053848792 -0.17240264892356827
4.743804906920587 -0.17150144158720418
4.806636759992383 -0.16994289227496887
4.869468613064179 -0.16774293390101697
4.932300466135976 -0.16491933086424643
4.995132319207771 -0.16149149880630678
5.057964172279567 -0.15748033635008252
5.120796025351362 -0.15290806939081655
5.183627878423159 -0.14779810813126734
5.246459731494955 -0.14217491673008825
5.3092915845667505 -0.1360638951685616
5.372123437638546 -0.12949127273265382
5.434955290710342 -0.12248401235147864
5.497787143782137 -0.1150697249250683
5.560618996853934 -0.10727659270859498
5.62345084992573 -0.09913330079126224
5.686282702997525 -0.09066897571020656
5.749114556069321 -0.08191313026720635
5.811946409141116 -0.0728956136632134
5.874778262212914 -0.06364656612741652
5.937610115284709 -0.054196377288780205
6.000441968356505 -0.04457564761421562
6.0632738214283 -0.03481515231462745
6.126105674500097 -0.024945807194370773
6.188937527571893 -0.014998635987953202
6.2517693806436885 -0.005004738787425412