0.031415926535897934 0.004728258111115958
0.0942477796076938 0.014143894929078764
0.15707963267948966 0.02343765285500129
0.21991148575128552 0.032530784330199326
0.2827433388230814 0.04134820962588928
0.34557519189487723 0.04981980943294434
0.4084070449666731 0.057881553980147944
0.47123889803846897 0.06547643685960253
0.5340707511102649 0.07255519137333456
0.5969026041820606 0.07907677748059228
0.6597344572538566 0.08500863764877667
0.7225663103256523 0.09032672947146923
0.7853981633974483 0.09501535129272426
0.8482300164692442 0.09906678387880416
0.91106186954104 0.10248077616895816
0.9738937226128359 0.10526390623066022
1.0367255756846319 0.10742884979712146
1.0995574287564276 0.10899358834780333
1.1623892818282235 0.1099805868639828
1.2252211349000193 0.11041596846175747
1.2880529879718152 0.11032870940518387
1.350884841043611 0.10974987385556972
1.413716694115407 0.10871190341235734
1.4765485471872026 0.10724797229422381
1.5393804002589986 0.1053914150901058
1.6022122533307945 0.103175230517038
1.6650441064025903 0.10063166164002336
1.7278759594743862 0.09779185057676615
1.7907078125461822 0.09468556382636803
1.853539665617978 0.09134098299593815
1.9163715186897736 0.087784554801777
1.9792033717615696 0.08404089372929756
2.0420352248333655 0.0801327305795004
2.104867077905162 0.07608090024088447
2.1676989309769574 0.07190436233924273
2.230530784048753 0.06762024887542804
2.2933626371205493 0.06324393351235305
2.356194490192345 0.05878911777522302
2.4190263432641403 0.05426793004965044
2.4818581963359367 0.049691033875051374
2.5446900494077322 0.04506774261669346
2.607521902479528 0.04040613814594942
2.670353755551324 0.035713191656620256
2.7331856086231197 0.03099488519131543
2.796017461694916 0.02625633284447352
2.8588493147667116 0.021501900948383487
2.9216811678385075 0.016735326837663354
2.9845130209103035 0.011959836029003156
3.047344873982099 0.007178257849910886
3.1101767270538954 0.002393139705992191
3.173008580125691 -0.002393139705992191
3.2358404331974873 -0.007178257849910886
3.2986722862692828 -0.011959836029003156
3.3615041393410787 -0.016735326837663354
3.4243359924128747 -0.021501900948383487
3.48716784548467 -0.02625633284447352
3.549999698556466 -0.03099488519131533
3.612831551628262 -0.035713191656620256
3.675663404700058 -0.04040613814594942
3.7384952577718535 -0.04506774261669346
3.8013271108436495 -0.049691033875051374
3.8641589639154454 -0.05426793004965044
3.9269908169872414 -0.05878911777522302
3.989822670059038 -0.06324393351235305
4.052654523130833 -0.06762024887542804
4.115486376202629 -0.07190436233924273
4.178318229274425 -0.07608090024088446
4.241150082346222 -0.0801327305795005
4.303981935418017 -0.08404089372929754
4.366813788489813 -0.087784554801777
4.429645641561608 -0.09134098299593815
4.4924774946334045 -0.09468556382636803
4.5553093477052 -0.09779185057676615
4.618141200776996 -0.10063166164002336
4.680973053848792 -0.103175230517038
4.743804906920587 -0.1053914150901058
4.806636759992383 -0.10724797229422381
4.869468613064179 -0.10871190341235734
4.932300466135976 -0.10974987385556972
4.995132319207771 -0.11032870940518387
5.057964172279567 -0.11041596846175747
5.120796025351362 -0.1099805868639828
5.183627878423159 -0.10899358834780333
5.246459731494955 -0.1074288497971214
5.3092915845667505 -0.10526390623066022
5.372123437638546 -0.10248077616895816
5.434955290710342 -0.09906678387880416
5.497787143782137 -0.09501535129272436
5.560618996853934 -0.09032672947146904
5.62345084992573 -0.08500863764877667
5.686282702997525 -0.07907677748059228
5.749114556069321 -0.07255519137333465
5.811946409141116 -0.06547643685960271
5.874778262212914 -0.05788155398014786
5.937610115284709 -0.04981980943294434
6.000441968356505 -0.04134820962588928
6.0632738214283 -0.03253078433019941
6.126105674500097 -0.02343765285500129
6.188937527571893 -0.014143894929078686
6.2517693806436885 -0.004728258111115958