0.031415926535897934 0.004428135532080508
0.0942477796076938 0.0132675290395176
0.15707963267948966 0.022056350822321245
0.21991148575128552 0.030761089271145823
0.2827433388230814 0.03934853611991445
0.34557519189487723 0.04778590586922156
0.4084070449666731 0.056040953343485814
0.47123889803846897 0.06408208891461395
0.5340707511102649 0.07187849097076796
0.5969026041820606 0.07940021526101537
0.6597344572538566 0.08661830080305377
0.7225663103256523 0.09350487209958928
0.7853981633974483 0.10003323746693377
0.8482300164692442 0.10617798333458632
0.91106186954104 0.11191506442466577
0.9738937226128359 0.1172218897629138
1.0367255756846319 0.1220774045066807
1.0995574287564276 0.12646216759823156
1.1623892818282235 0.13035842526263808
1.2252211349000193 0.13375018036766248
1.2880529879718152 0.1366232576480262
1.350884841043611 0.13896536476848245
1.413716694115407 0.14076614915979832
1.4765485471872026 0.1420172505102942
1.5393804002589986 0.14271234873462654
1.6022122533307945 0.1428472071731544
1.6650441064025903 0.1424197107020325
1.7278759594743862 0.14142989835901792
1.7907078125461822 0.13987999001602933
1.853539665617978 0.1377744065601336
1.9163715186897736 0.13511978298332705
1.9792033717615696 0.13192497373166728
2.0420352248333655 0.12820104962933876
2.104867077905162 0.12396128567614556
2.1676989309769574 0.11922113902039772
2.230530784048753 0.11399821643535794
2.2933626371205493 0.10831223067785846
2.356194490192345 0.1021849451831794
2.4190263432641403 0.09564010665075107
2.4818581963359367 0.08870336519979076
2.5446900494077322 0.0814021819207454
2.607521902479528 0.07376572381465131
2.670353755551324 0.06582474629459743
2.7331856086231197 0.05761146361699906
2.796017461694916 0.049159407810275724
2.8588493147667116 0.04050327686923369
2.9216811678385075 0.031678773179115854
2.9845130209103035 0.022722433317949705
3.047344873982099 0.013671450553724134
3.1101767270538954 0.004563491498631922
3.173008580125691 -0.004563491498631922
3.2358404331974873 -0.013671450553724134
3.2986722862692828 -0.022722433317949705
3.3615041393410787 -0.031678773179115854
3.4243359924128747 -0.04050327686923369
3.48716784548467 -0.049159407810275724
3.549999698556466 -0.05761146361699908
3.612831551628262 -0.06582474629459743
3.675663404700058 -0.07376572381465131
3.7384952577718535 -0.0814021819207454
3.8013271108436495 -0.08870336519979076
3.8641589639154454 -0.09564010665075108
3.9269908169872414 -0.1021849451831794
3.989822670059038 -0.10831223067785856
4.052654523130833 -0.11399821643535794
4.115486376202629 -0.11922113902039772
4.178318229274425 -0.1239612856761456
4.241150082346222 -0.12820104962933881
4.303981935418017 -0.1319249737316673
4.366813788489813 -0.13511978298332705
4.429645641561608 -0.1377744065601335
4.4924774946334045 -0.1398799900160293
4.5553093477052 -0.14142989835901792
4.618141200776996 -0.14241971070203258
4.680973053848792 -0.14284720717315436
4.743804906920587 -0.14271234873462654
4.806636759992383 -0.14201725051029412
4.869468613064179 -0.14076614915979832
4.932300466135976 -0.1389653647684825
4.995132319207771 -0.13662325764802624
5.057964172279567 -0.1337501803676625
5.120796025351362 -0.13035842526263808
5.183627878423159 -0.12646216759823156
5.246459731494955 -0.12207740450668066
5.3092915845667505 -0.1172218897629138
5.372123437638546 -0.11191506442466577
5.434955290710342 -0.10617798333458635
5.497787143782137 -0.1000332374669338
5.560618996853934 -0.09350487209958924
5.62345084992573 -0.08661830080305377
5.686282702997525 -0.07940021526101537
5.749114556069321 -0.07187849097076793
5.811946409141116 -0.06408208891461403
5.874778262212914 -0.05604095334348577
5.937610115284709 -0.04778590586922156
6.000441968356505 -0.03934853611991445
6.0632738214283 -0.030761089271145823
6.126105674500097 -0.022056350822321245
6.188937527571893 -0.01326752903951758
6.2517693806436885 -0.004428135532080508