0.031415926535897934 0.006261878095815412
0.0942477796076938 0.018764129127553496
0.15707963267948966 0.03120192007267532
0.21991148575128552 0.043532461812776556
0.2827433388230814 0.05571324036004029
0.34557519189487723 0.06770212442250317
0.4084070449666731 0.07945747064285613
0.47123889803846897 0.09093822606888584
0.5340707511102649 0.1021040275696881
0.5969026041820606 0.11291529809055849
0.6597344572538566 0.12333333983443964
0.7225663103256523 0.13332042466168148
0.7853981633974483 0.1428398822048286
0.8482300164692442 0.15185618639303153
0.91106186954104 0.1603350412631984
0.9738937226128359 0.1682434670938904
1.0367255756846319 0.17554988802517357
1.0995574287564276 0.1822242224154987
1.1623892818282235 0.18823797722804647
1.2252211349000193 0.19356434772740994
1.2880529879718152 0.1981783236974229
1.350884841043611 0.2020568032578803
1.413716694115407 0.20517871515860278
1.4765485471872026 0.20752515016209122
1.5393804002589986 0.20907950179097973
1.6022122533307945 0.20982761631586191
1.6650441064025903 0.20975795139743594
1.7278759594743862 0.20886174228168947
1.7907078125461822 0.20713317388837124
1.853539665617978 0.20456955654493927
1.9163715186897736 0.20117150251747237
1.9792033717615696 0.1969430998969836
2.0420352248333655 0.1918920798375406
2.104867077905162 0.18602997263746612
2.1676989309769574 0.17937224773447524
2.230530784048753 0.1719384323783168
2.2933626371205493 0.16375220357832446
2.356194490192345 0.15484144792383875
2.4190263432641403 0.14523828406451225
2.4818581963359367 0.13497904303077443
2.5446900494077322 0.12410420218030252
2.607521902479528 0.11265826937288477
2.670353755551324 0.10068961499165123
2.7331856086231197 0.08825025062000977
2.796017461694916 0.07539555451621364
2.8588493147667116 0.06218394545623003
2.9216811678385075 0.04867650798654646
2.9845130209103035 0.034936573581518734
3.047344873982099 0.021029263571327443
3.1101767270538954 0.0070210009336656165
3.173008580125691 -0.0070210009336656165
3.2358404331974873 -0.021029263571327443
3.2986722862692828 -0.034936573581518734
3.3615041393410787 -0.04867650798654646
3.4243359924128747 -0.06218394545623003
3.48716784548467 -0.07539555451621364
3.549999698556466 -0.08825025062000959
3.612831551628262 -0.10068961499165123
3.675663404700058 -0.11265826937288477
3.7384952577718535 -0.12410420218030242
3.8013271108436495 -0.13497904303077443
3.8641589639154454 -0.14523828406451217
3.9269908169872414 -0.15484144792383875
3.989822670059038 -0.16375220357832462
4.052654523130833 -0.1719384323783168
4.115486376202629 -0.17937224773447524
4.178318229274425 -0.1860299726374663
4.241150082346222 -0.19189207983754056
4.303981935418017 -0.1969430998969838
4.366813788489813 -0.20117150251747237
4.429645641561608 -0.20456955654493927
4.4924774946334045 -0.20713317388837119
4.5553093477052 -0.20886174228168947
4.618141200776996 -0.20975795139743583
4.680973053848792 -0.20982761631586191
4.743804906920587 -0.20907950179097973
4.806636759992383 -0.2075251501620913
4.869468613064179 -0.20517871515860278
4.932300466135976 -0.20205680325788028
4.995132319207771 -0.1981783236974229
5.057964172279567 -0.19356434772740994
5.120796025351362 -0.1882379772280466
5.183627878423159 -0.1822242224154987
5.246459731494955 -0.17554988802517352
5.3092915845667505 -0.1682434670938904
5.372123437638546 -0.1603350412631984
5.434955290710342 -0.15185618639303164
5.497787143782137 -0.14283988220482877
5.560618996853934 -0.13332042466168142
5.62345084992573 -0.12333333983443964
5.686282702997525 -0.11291529809055849
5.749114556069321 -0.10210402756968819
5.811946409141116 -0.09093822606888599
5.874778262212914 -0.0794574706428561
5.937610115284709 -0.06770212442250317
6.000441968356505 -0.05571324036004029
6.0632738214283 -0.04353246181277664
6.126105674500097 -0.03120192007267532
6.188937527571893 -0.018764129127553413
6.2517693806436885 -0.006261878095815412