0.031415926535897934 0.00391783196047929
0.0942477796076938 0.011741580408290948
0.15707963267948966 0.019529590620132292
0.21991148575128552 0.027258064506085478
0.2827433388230814 0.03490324551233078
0.34557519189487723 0.04244143612803172
0.4084070449666731 0.049849016336322036
0.47123889803846897 0.05710246335117091
0.5340707511102649 0.06417837303281475
0.5969026041820606 0.0710534834332201
0.6597344572538566 0.0777047009875642
0.7225663103256523 0.08410912993551442
0.7853981633974483 0.09024410562423145
0.8482300164692442 0.09608723241025126
0.91106186954104 0.10161642693597041
0.9738937226128359 0.10680996760430876
1.0367255756846319 0.11164655110777609
1.0995574287564276 0.11610535688083735
1.1623892818282235 0.12016612033211847
1.2252211349000193 0.12380921567040894
1.2880529879718152 0.12701574906037894
1.350884841043611 0.12976766272537213
1.413716694115407 0.1320478504508907
1.4765485471872026 0.13384028472948756
1.5393804002589986 0.13513015552277333
1.6022122533307945 0.1359040202976561
1.6650441064025903 0.13614996462212772
1.7278759594743862 0.13585777218365194
1.7907078125461822 0.1350191026260558
1.853539665617978 0.13362767509758622
1.9163715186897736 0.1316794548758665
1.9792033717615696 0.12917283990106165
2.0420352248333655 0.1261088435266083
2.104867077905162 0.12249126931091002
2.1676989309769574 0.11832687324991271
2.230530784048753 0.11362550851801433
2.2933626371205493 0.10840024757262329
2.356194490192345 0.10266747641431426
2.4190263432641403 0.09644695590556195
2.4818581963359367 0.08976184535716916
2.5446900494077322 0.08263868410628038
2.607521902479528 0.0751073275376328
2.670353755551324 0.06720083493382972
2.7331856086231197 0.05895530766217047
2.796017461694916 0.050409677483648954
2.8588493147667116 0.04160544616076811
2.9216811678385075 0.03258637899090126
2.9845130209103035 0.023398156339123923
3.047344873982099 0.014087988622166299
3.1101767270538954 0.004704201436327573
3.173008580125691 -0.004704201436327573
3.2358404331974873 -0.014087988622166299
3.2986722862692828 -0.023398156339123923
3.3615041393410787 -0.03258637899090126
3.4243359924128747 -0.04160544616076811
3.48716784548467 -0.050409677483648954
3.549999698556466 -0.058955307662170504
3.612831551628262 -0.06720083493382972
3.675663404700058 -0.0751073275376328
3.7384952577718535 -0.08263868410628038
3.8013271108436495 -0.08976184535716916
3.8641589639154454 -0.09644695590556199
3.9269908169872414 -0.10266747641431426
3.989822670059038 -0.10840024757262332
4.052654523130833 -0.11362550851801433
4.115486376202629 -0.11832687324991271
4.178318229274425 -0.12249126931091016
4.241150082346222 -0.12610884352660842
4.303981935418017 -0.12917283990106157
4.366813788489813 -0.1316794548758665
4.429645641561608 -0.13362767509758613
4.4924774946334045 -0.13501910262605574
4.5553093477052 -0.13585777218365194
4.618141200776996 -0.1361499646221277
4.680973053848792 -0.13590402029765608
4.743804906920587 -0.13513015552277333
4.806636759992383 -0.13384028472948756
4.869468613064179 -0.1320478504508907
4.932300466135976 -0.129767662725372
4.995132319207771 -0.12701574906037894
5.057964172279567 -0.12380921567040894
5.120796025351362 -0.12016612033211853
5.183627878423159 -0.11610535688083735
5.246459731494955 -0.11164655110777601
5.3092915845667505 -0.10680996760430876
5.372123437638546 -0.10161642693597041
5.434955290710342 -0.0960872324102513
5.497787143782137 -0.09024410562423149
5.560618996853934 -0.0841091299355144
5.62345084992573 -0.0777047009875642
5.686282702997525 -0.0710534834332201
5.749114556069321 -0.06417837303281493
5.811946409141116 -0.05710246335117103
5.874778262212914 -0.04984901633632203
5.937610115284709 -0.04244143612803172
6.000441968356505 -0.03490324551233078
6.0632738214283 -0.027258064506085544
6.126105674500097 -0.019529590620132292
6.188937527571893 -0.011741580408290883
6.2517693806436885 -0.00391783196047929