0.031415926535897934 0.006002892879791188
0.0942477796076938 0.017991756681677126
0.15707963267948966 0.029929855822713545
0.21991148575128552 0.04178335125297756
0.2827433388230814 0.05351841008236506
0.34557519189487723 0.06510120824979415
0.4084070449666731 0.07649793353100082
0.47123889803846897 0.08767478916948974
0.5340707511102649 0.09859799855145208
0.5969026041820606 0.10923381150676802
0.6597344572538566 0.11954851300137202
0.7225663103256523 0.12950843518731342
0.7853981633974483 0.13907997399113614
0.8482300164692442 0.14822961164315387
0.91106186954104 0.15692394677333538
0.9738937226128359 0.16512973391626642
1.0367255756846319 0.1728139344692852
1.0995574287564276 0.17994378132435546
1.1623892818282235 0.18648685953414731
1.2252211349000193 0.19241120546331325
1.2880529879718152 0.19768542690288793
1.350884841043611 0.20227884657367512
1.413716694115407 0.20616167129706878
1.4765485471872026 0.2093051888521583
1.5393804002589986 0.21168199414965147
1.6022122533307945 0.21326624582074608
1.6650441064025903 0.21403395362973918
1.7278759594743862 0.2139632962639962
1.7907078125461822 0.2130349680308516
1.853539665617978 0.2112325518027695
1.9163715186897736 0.2085429142142702
1.9792033717615696 0.2049566176531092
2.0420352248333655 0.20046834204399627
2.104867077905162 0.19507730785036412
2.1676989309769574 0.18878769018790129
2.230530784048753 0.1816090125362213
2.2933626371205493 0.17355650734715533
2.356194490192345 0.16465142998209506
2.4190263432641403 0.15492131197045972
2.4818581963359367 0.14440013966454462
2.5446900494077322 0.13312844505569707
2.607521902479528 0.12115329687159615
2.670353755551324 0.10852818211938359
2.7331856086231197 0.09531277095781118
2.796017461694916 0.0815725611095348
2.8588493147667116 0.06737840184885314
2.9216811678385075 0.05280590176017237
2.9845130209103035 0.037934728757951466
3.047344873982099 0.022847815061348583
3.1101767270538954 0.007630483685715806
3.173008580125691 -0.007630483685715806
3.2358404331974873 -0.022847815061348583
3.2986722862692828 -0.037934728757951466
3.3615041393410787 -0.05280590176017237
3.4243359924128747 -0.06737840184885314
3.48716784548467 -0.0815725611095348
3.549999698556466 -0.0953127709578111
3.612831551628262 -0.10852818211938359
3.675663404700058 -0.12115329687159615
3.7384952577718535 -0.13312844505569696
3.8013271108436495 -0.14440013966454462
3.8641589639154454 -0.15492131197045947
3.9269908169872414 -0.16465142998209506
3.989822670059038 -0.17355650734715533
4.052654523130833 -0.1816090125362213
4.115486376202629 -0.18878769018790129
4.178318229274425 -0.19507730785036412
4.241150082346222 -0.20046834204399644
4.303981935418017 -0.2049566176531092
4.366813788489813 -0.2085429142142702
4.429645641561608 -0.2112325518027696
4.4924774946334045 -0.21303496803085167
4.5553093477052 -0.2139632962639962
4.618141200776996 -0.21403395362973895
4.680973053848792 -0.21326624582074602
4.743804906920587 -0.21168199414965147
4.806636759992383 -0.20930518885215835
4.869468613064179 -0.20616167129706878
4.932300466135976 -0.20227884657367518
4.995132319207771 -0.19768542690288793
5.057964172279567 -0.19241120546331325
5.120796025351362 -0.18648685953414734
5.183627878423159 -0.17994378132435546
5.246459731494955 -0.17281393446928509
5.3092915845667505 -0.16512973391626642
5.372123437638546 -0.15692394677333538
5.434955290710342 -0.14822961164315399
5.497787143782137 -0.13907997399113636
5.560618996853934 -0.12950843518731334
5.62345084992573 -0.11954851300137202
5.686282702997525 -0.10923381150676802
5.749114556069321 -0.09859799855145211
5.811946409141116 -0.08767478916948995
5.874778262212914 -0.07649793353100072
5.937610115284709 -0.06510120824979415
6.000441968356505 -0.05351841008236506
6.0632738214283 -0.04178335125297765
6.126105674500097 -0.029929855822713545
6.188937527571893 -0.01799175668167704
6.2517693806436885 -0.006002892879791188