0.031415926535897934 0.0047865921928688755
0.0942477796076938 0.014347005455718629
0.15707963267948966 0.023869095140400063
0.21991148575128552 0.033327278293909746
0.2827433388230814 0.04269592158081354
0.34557519189487723 0.051949322108092104
0.4084070449666731 0.061061689320648344
0.47123889803846897 0.07000712840473426
0.5340707511102649 0.07875962573273966
0.5969026041820606 0.08729303699762772
0.6597344572538566 0.09558107881696058
0.7225663103256523 0.10359732473257757
0.7853981633974483 0.11131520668958865
0.8482300164692442 0.11870802324371062
0.91106186954104 0.125748955914523
0.9738937226128359 0.1324110952683546
1.0367255756846319 0.13866747847150643
1.0995574287564276 0.14449114019433132
1.1623892818282235 0.14985517885991845
1.2252211349000193 0.15473284030688608
1.2880529879718152 0.1590976209617231
1.350884841043611 0.16292339257853966
1.413716694115407 0.1661845504881268
1.4765485471872026 0.16885618708834035
1.5393804002589986 0.17091429198828947
1.6022122533307945 0.1723359797746942
1.6650441064025903 0.1730997457869428
1.7278759594743862 0.17318574955798735
1.7907078125461822 0.17257612469630854
1.853539665617978 0.17125531295156074
1.9163715186897736 0.1692104190337407
1.9792033717615696 0.16643158146404827
2.0420352248333655 0.16291235335864035
2.104867077905162 0.1586500856314817
2.1676989309769574 0.15364630371075802
2.230530784048753 0.14790706756958072
2.2933626371205493 0.14144330376211553
2.356194490192345 0.13427109732482406
2.4190263432641403 0.12641193094570533
2.4818581963359367 0.1178928588145019
2.5446900494077322 0.10874660312337846
2.607521902479528 0.09901156234875932
2.670353755551324 0.08873172223856274
2.7331856086231197 0.07795646284448965
2.796017461694916 0.06674025792196955
2.8588493147667116 0.0551422664701615
2.9216811678385075 0.04322581995583933
2.9845130209103035 0.03105781267462407
3.047344873982099 0.01870800654009213
3.1101767270538954 0.006248265132624734
3.173008580125691 -0.006248265132624734
3.2358404331974873 -0.01870800654009213
3.2986722862692828 -0.03105781267462407
3.3615041393410787 -0.04322581995583933
3.4243359924128747 -0.0551422664701615
3.48716784548467 -0.06674025792196955
3.549999698556466 -0.07795646284448955
3.612831551628262 -0.08873172223856274
3.675663404700058 -0.09901156234875932
3.7384952577718535 -0.10874660312337836
3.8013271108436495 -0.1178928588145019
3.8641589639154454 -0.12641193094570527
3.9269908169872414 -0.13427109732482406
3.989822670059038 -0.14144330376211572
4.052654523130833 -0.14790706756958072
4.115486376202629 -0.15364630371075802
4.178318229274425 -0.1586500856314817
4.241150082346222 -0.16291235335864046
4.303981935418017 -0.1664315814640483
4.366813788489813 -0.1692104190337407
4.429645641561608 -0.1712553129515607
4.4924774946334045 -0.17257612469630867
4.5553093477052 -0.17318574955798735
4.618141200776996 -0.17309974578694273
4.680973053848792 -0.1723359797746942
4.743804906920587 -0.17091429198828947
4.806636759992383 -0.16885618708834027
4.869468613064179 -0.1661845504881268
4.932300466135976 -0.16292339257853958
4.995132319207771 -0.1590976209617231
5.057964172279567 -0.15473284030688608
5.120796025351362 -0.14985517885991853
5.183627878423159 -0.14449114019433132
5.246459731494955 -0.13866747847150634
5.3092915845667505 -0.1324110952683546
5.372123437638546 -0.125748955914523
5.434955290710342 -0.11870802324371062
5.497787143782137 -0.11131520668958858
5.560618996853934 -0.10359732473257757
5.62345084992573 -0.09558107881696058
5.686282702997525 -0.08729303699762772
5.749114556069321 -0.07875962573273972
5.811946409141116 -0.07000712840473441
5.874778262212914 -0.061061689320648406
5.937610115284709 -0.051949322108092104
6.000441968356505 -0.04269592158081354
6.0632738214283 -0.03332727829390968
6.126105674500097 -0.023869095140400063
6.188937527571893 -0.014347005455718558
6.2517693806436885 -0.0047865921928688755