0.031415926535897934 0.0036105333105234533
0.0942477796076938 0.010819224214484323
0.15707963267948966 0.017990814909768824
0.21991148575128552 0.025100661744078576
0.2827433388230814 0.03212425583966698
0.34557519189487723 0.03903727710575123
0.4084070449666731 0.045815648385359724
0.47123889803846897 0.05243558981881299
0.5340707511102649 0.05887367353589611
0.5969026041820606 0.0651068788220747
0.6597344572538566 0.07111264793899229
0.7225663103256523 0.07686894281391776
0.7853981633974483 0.08235430284454079
0.8482300164692442 0.0875479040921593
0.91106186954104 0.09242962015540597
0.9738937226128359 0.09698008502574708
1.0367255756846319 0.10118075822262484
1.0995574287564276 0.1050139924880189
1.1623892818282235 0.10846310428527886
1.2252211349000193 0.11151244729353324
1.2880529879718152 0.11414748901543297
1.350884841043611 0.11635489052150033
1.413716694115407 0.11812258923864681
1.4765485471872026 0.11943988455384938
1.5393804002589986 0.12029752584774785
1.6022122533307945 0.12068780239910232
1.6650441064025903 0.1206046344127015
1.7278759594743862 0.12004366422450594
1.7907078125461822 0.11900234653369678
1.853539665617978 0.11748003630802563
1.9163715186897736 0.11547807281358503
1.9792033717615696 0.11299985804077042
2.0420352248333655 0.11005092764339332
2.104867077905162 0.10663901238656032
2.1676989309769574 0.10277408802000572
2.230530784048753 0.09846841146558248
2.2933626371205493 0.09373654123826626
2.356194490192345 0.08859534011556335
2.4190263432641403 0.0830639582350824
2.4818581963359367 0.07716379503624005
2.5446900494077322 0.07091843876890676
2.607521902479528 0.06435358266541115
2.670353755551324 0.057496917305609595
2.7331856086231197 0.05037799918729665
2.796017461694916 0.04302809603263819
2.8588493147667116 0.035480009899396994
2.9216811678385075 0.027767879705294107
2.9845130209103035 0.01992696529543165
3.047344873982099 0.01199341566643199
3.1101767270538954 0.004004024387682238
3.173008580125691 -0.004004024387682238
3.2358404331974873 -0.01199341566643199
3.2986722862692828 -0.01992696529543165
3.3615041393410787 -0.027767879705294107
3.4243359924128747 -0.035480009899396994
3.48716784548467 -0.04302809603263819
3.549999698556466 -0.05037799918729665
3.612831551628262 -0.057496917305609595
3.675663404700058 -0.06435358266541115
3.7384952577718535 -0.0709184387689067
3.8013271108436495 -0.07716379503624005
3.8641589639154454 -0.08306395823508236
3.9269908169872414 -0.08859534011556335
3.989822670059038 -0.09373654123826643
4.052654523130833 -0.09846841146558248
4.115486376202629 -0.10277408802000572
4.178318229274425 -0.1066390123865604
4.241150082346222 -0.11005092764339336
4.303981935418017 -0.11299985804077045
4.366813788489813 -0.11547807281358503
4.429645641561608 -0.11748003630802563
4.4924774946334045 -0.11900234653369678
4.5553093477052 -0.12004366422450594
4.618141200776996 -0.12060463441270138
4.680973053848792 -0.1206878023991024
4.743804906920587 -0.12029752584774779
4.806636759992383 -0.11943988455384934
4.869468613064179 -0.11812258923864681
4.932300466135976 -0.11635489052150043
4.995132319207771 -0.11414748901543294
5.057964172279567 -0.11151244729353334
5.120796025351362 -0.10846310428527893
5.183627878423159 -0.1050139924880189
5.246459731494955 -0.10118075822262473
5.3092915845667505 -0.09698008502574708
5.372123437638546 -0.09242962015540597
5.434955290710342 -0.08754790409215923
5.497787143782137 -0.08235430284454089
5.560618996853934 -0.07686894281391767
5.62345084992573 -0.07111264793899229
5.686282702997525 -0.0651068788220747
5.749114556069321 -0.058873673535896134
5.811946409141116 -0.05243558981881302
5.874778262212914 -0.045815648385359606
5.937610115284709 -0.03903727710575123
6.000441968356505 -0.03212425583966698
6.0632738214283 -0.02510066174407859
6.126105674500097 -0.017990814909768824
6.188937527571893 -0.010819224214483988
6.2517693806436885 -0.0036105333105234533