0.031415926535897934 0.009777848927347295
0.0942477796076938 0.029259596704248447
0.15707963267948966 0.04852056664911285
0.21991148575128552 0.06741712321985964
0.2827433388230814 0.08581086859413915
0.34557519189487723 0.10357056657710408
0.4084070449666731 0.12057390095946954
0.47123889803846897 0.13670902902361481
0.5340707511102649 0.15187589677731395
0.5969026041820606 0.16598728949082964
0.6597344572538566 0.17896959903764834
0.7225663103256523 0.1907632981344189
0.7853981633974483 0.20132312051681966
0.8482300164692442 0.21061795499849242
0.91106186954104 0.21863046983656417
0.9738937226128359 0.22535649147145892
1.0367255756846319 0.23080416816172883
1.0995574287564276 0.234992954008532
1.1623892818282235 0.23795245216697455
1.2252211349000193 0.2397211575914574
1.2880529879718152 0.24034513949199882
1.350884841043611 0.23987670192659385
1.413716694115407 0.23837305784701915
1.4765485471872026 0.23589504774095266
1.5393804002589986 0.23250592909527631
1.6022122533307945 0.22827025757392164
1.6650441064025903 0.2232528753700892
1.7278759594743862 0.21751801693048634
1.7907078125461822 0.21112853738020912
1.853539665617978 0.20414526466465777
1.9163715186897736 0.1966264727740259
1.9792033717615696 0.18862747047603148
2.0420352248333655 0.18020029775592
2.104867077905162 0.17139352061359445
2.1676989309769574 0.16225211393269218
2.230530784048753 0.1528174217342848
2.2933626371205493 0.14312718416852124
2.356194490192345 0.1332156209890622
2.4190263432641403 0.12311356190959395
2.4818581963359367 0.11284861507884643
2.5446900494077322 0.10244536586022888
2.607521902479528 0.09192559910558083
2.670353755551324 0.08130853912196878
2.7331856086231197 0.07061110250897244
2.796017461694916 0.059848159964055084
2.8588493147667116 0.0490328039960773
2.9216811678385075 0.038176620239113536
2.9845130209103035 0.027289960713007735
3.047344873982099 0.016382217929832774
3.1101767270538954 0.0054620991955770595
3.173008580125691 -0.0054620991955770595
3.2358404331974873 -0.016382217929832774
3.2986722862692828 -0.027289960713007735
3.3615041393410787 -0.038176620239113536
3.4243359924128747 -0.0490328039960773
3.48716784548467 -0.059848159964055084
3.549999698556466 -0.07061110250897244
3.612831551628262 -0.08130853912196878
3.675663404700058 -0.09192559910558083
3.7384952577718535 -0.1024453658602288
3.8013271108436495 -0.11284861507884643
3.8641589639154454 -0.12311356190959395
3.9269908169872414 -0.1332156209890622
3.989822670059038 -0.14312718416852144
4.052654523130833 -0.1528174217342848
4.115486376202629 -0.16225211393269218
4.178318229274425 -0.17139352061359445
4.241150082346222 -0.18020029775592006
4.303981935418017 -0.1886274704760317
4.366813788489813 -0.1966264727740259
4.429645641561608 -0.20414526466465793
4.4924774946334045 -0.21112853738020906
4.5553093477052 -0.21751801693048634
4.618141200776996 -0.2232528753700891
4.680973053848792 -0.22827025757392175
4.743804906920587 -0.23250592909527631
4.806636759992383 -0.23589504774095255
4.869468613064179 -0.23837305784701915
4.932300466135976 -0.23987670192659388
4.995132319207771 -0.24034513949199887
5.057964172279567 -0.23972115759145735
5.120796025351362 -0.2379524521669747
5.183627878423159 -0.234992954008532
5.246459731494955 -0.23080416816172883
5.3092915845667505 -0.22535649147145892
5.372123437638546 -0.21863046983656417
5.434955290710342 -0.2106179549984923
5.497787143782137 -0.20132312051681997
5.560618996853934 -0.19076329813441883
5.62345084992573 -0.17896959903764834
5.686282702997525 -0.16598728949082964
5.749114556069321 -0.15187589677731417
5.811946409141116 -0.13670902902361504
5.874778262212914 -0.12057390095946935
5.937610115284709 -0.10357056657710408
6.000441968356505 -0.08581086859413915
6.0632738214283 -0.06741712321985976
6.126105674500097 -0.04852056664911285
6.188937527571893 -0.029259596704248436
6.2517693806436885 -0.009777848927347295