0.031415926535897934 0.0048971807468889544
0.0942477796076938 0.014677047768165597
0.15707963267948966 0.024413436444059654
0.21991148575128552 0.03407737828829281
0.2827433388230814 0.04363993103477199
0.34557519189487723 0.05307219036407805
0.4084070449666731 0.06234530293751217
0.47123889803846897 0.07143048120898896
0.5340707511102649 0.08029902055396061
0.5969026041820606 0.0889223193346615
0.6597344572538566 0.09727190260974772
0.7225663103256523 0.1053194502908646
0.7853981633974483 0.11303683064515617
0.8482300164692442 0.12039614013715177
0.91106186954104 0.1273697506910033
0.9738937226128359 0.13393036552939938
1.0367255756846319 0.14005108480267114
1.0995574287564276 0.1457054822540996
1.1623892818282235 0.1508676941682003
1.2252211349000193 0.15551252181033287
1.2880529879718152 0.15961554848067083
1.350884841043611 0.16315327216563502
1.413716694115407 0.16610325456794037
1.4765485471872026 0.16844428702566308
1.5393804002589986 0.17015657348571722
1.6022122533307945 0.17122193027403365
1.6650441064025903 0.1716240019023075
1.7278759594743862 0.17134849157131132
1.7907078125461822 0.17038340437931437
1.853539665617978 0.16871930053169829
1.9163715186897736 0.16634955509025476
1.9792033717615696 0.16327062001963938
2.0420352248333655 0.1594822835116604
2.104867077905162 0.15498792082901341
2.1676989309769574 0.14979473024731635
2.230530784048753 0.14391394713042427
2.2933626371205493 0.1373610287936688
2.356194490192345 0.13015580263730497
2.4190263432641403 0.1223225701092374
2.4818581963359367 0.11389015941672721
2.5446900494077322 0.10489192057583964
2.607521902479528 0.09536565737599091
2.670353755551324 0.08535349213977722
2.7331856086231197 0.07490166075127445
2.796017461694916 0.06406023726558158
2.8588493147667116 0.05288278943564089
2.9216811678385075 0.041425968619284104
2.9845130209103035 0.029749039666614338
3.047344873982099 0.017913358433631153
3.1101767270538954 0.005981806419167624
3.173008580125691 -0.005981806419167624
3.2358404331974873 -0.017913358433631153
3.2986722862692828 -0.029749039666614338
3.3615041393410787 -0.041425968619284104
3.4243359924128747 -0.05288278943564089
3.48716784548467 -0.06406023726558158
3.549999698556466 -0.07490166075127437
3.612831551628262 -0.08535349213977722
3.675663404700058 -0.09536565737599091
3.7384952577718535 -0.10489192057583964
3.8013271108436495 -0.11389015941672721
3.8641589639154454 -0.12232257010923721
3.9269908169872414 -0.13015580263730497
3.989822670059038 -0.13736102879366888
4.052654523130833 -0.14391394713042427
4.115486376202629 -0.14979473024731635
4.178318229274425 -0.15498792082901341
4.241150082346222 -0.1594822835116605
4.303981935418017 -0.16327062001963946
4.366813788489813 -0.16634955509025476
4.429645641561608 -0.16871930053169829
4.4924774946334045 -0.17038340437931443
4.5553093477052 -0.17134849157131132
4.618141200776996 -0.17162400190230756
4.680973053848792 -0.17122193027403365
4.743804906920587 -0.17015657348571722
4.806636759992383 -0.16844428702566308
4.869468613064179 -0.16610325456794037
4.932300466135976 -0.16315327216563502
4.995132319207771 -0.15961554848067083
5.057964172279567 -0.15551252181033287
5.120796025351362 -0.15086769416820028
5.183627878423159 -0.1457054822540996
5.246459731494955 -0.14005108480267112
5.3092915845667505 -0.13393036552939938
5.372123437638546 -0.1273697506910033
5.434955290710342 -0.12039614013715189
5.497787143782137 -0.11303683064515625
5.560618996853934 -0.10531945029086455
5.62345084992573 -0.09727190260974772
5.686282702997525 -0.0889223193346615
5.749114556069321 -0.08029902055396071
5.811946409141116 -0.07143048120898875
5.874778262212914 -0.06234530293751217
5.937610115284709 -0.05307219036407805
6.000441968356505 -0.04363993103477199
6.0632738214283 -0.03407737828829281
6.126105674500097 -0.024413436444059654
6.188937527571893 -0.014677047768165377
6.2517693806436885 -0.0048971807468889544