0.031415926535897934 0.006989522409235283
0.0942477796076938 0.02094906405520722
0.15707963267948966 0.034850102873841673
0.21991148575128552 0.04865365900593051
0.2827433388230814 0.06232078469429308
0.34557519189487723 0.0758125753428337
0.4084070449666731 0.08909017900517541
0.47123889803846897 0.1021148041520732
0.5340707511102649 0.11484772578327401
0.5969026041820606 0.12725029020639336
0.6597344572538566 0.13928391909820803
0.7225663103256523 0.15091011378719635
0.7853981633974483 0.16209046104401176
0.8482300164692442 0.1727866420317747
0.91106186954104 0.1829604464424442
0.9738937226128359 0.19257379421972837
1.0367255756846319 0.20158876763219852
1.0995574287564276 0.209967656799986
1.1623892818282235 0.21767302208023775
1.2252211349000193 0.22466777696372894
1.2880529879718152 0.23091529530868968
1.350884841043611 0.23637954681648293
1.413716694115407 0.24102526461344254
1.4765485471872026 0.24481814861802556
1.5393804002589986 0.2477251080152114
1.6022122533307945 0.24971454560324366
1.6650441064025903 0.2507566859951358
1.7278759594743862 0.2508239486260469
1.7907078125461822 0.24989136522100466
1.853539665617978 0.24793703980826104
1.9163715186897736 0.24494264752752706
1.9792033717615696 0.24089396640219607
2.0420352248333655 0.23578143396383203
2.104867077905162 0.2296007182030831
2.1676989309769574 0.22235328986732397
2.230530784048753 0.21404698075180065
2.2933626371205493 0.20469651048259838
2.356194490192345 0.19432396253075684
2.4190263432641403 0.18295918900326144
2.4818581963359367 0.17064012330406708
2.5446900494077322 0.15741298020740296
2.607521902479528 0.14333232436488272
2.670353755551324 0.12846099085603097
2.7331856086231197 0.1128698451007147
2.796017461694916 0.09663737421379487
2.8588493147667116 0.07984910754187202
2.9216811678385075 0.06259687043717167
2.9845130209103035 0.04497788197497674
3.047344873982099 0.027093713930938745
3.1101767270538954 0.009049134495023306
3.173008580125691 -0.009049134495023306
3.2358404331974873 -0.027093713930938745
3.2986722862692828 -0.04497788197497674
3.3615041393410787 -0.06259687043717167
3.4243359924128747 -0.07984910754187202
3.48716784548467 -0.09663737421379487
3.549999698556466 -0.11286984510071461
3.612831551628262 -0.12846099085603097
3.675663404700058 -0.14333232436488272
3.7384952577718535 -0.15741298020740277
3.8013271108436495 -0.17064012330406708
3.8641589639154454 -0.18295918900326147
3.9269908169872414 -0.19432396253075684
3.989822670059038 -0.2046965104825985
4.052654523130833 -0.21404698075180065
4.115486376202629 -0.22235328986732397
4.178318229274425 -0.22960071820308325
4.241150082346222 -0.235781433963832
4.303981935418017 -0.24089396640219607
4.366813788489813 -0.24494264752752706
4.429645641561608 -0.24793703980826112
4.4924774946334045 -0.24989136522100466
4.5553093477052 -0.2508239486260469
4.618141200776996 -0.25075668599513584
4.680973053848792 -0.2497145456032436
4.743804906920587 -0.2477251080152114
4.806636759992383 -0.24481814861802567
4.869468613064179 -0.24102526461344254
4.932300466135976 -0.23637954681648288
4.995132319207771 -0.23091529530868968
5.057964172279567 -0.22466777696372894
5.120796025351362 -0.2176730220802378
5.183627878423159 -0.209967656799986
5.246459731494955 -0.20158876763219838
5.3092915845667505 -0.19257379421972837
5.372123437638546 -0.1829604464424442
5.434955290710342 -0.17278664203177482
5.497787143782137 -0.16209046104401187
5.560618996853934 -0.15091011378719618
5.62345084992573 -0.13928391909820803
5.686282702997525 -0.12725029020639336
5.749114556069321 -0.11484772578327418
5.811946409141116 -0.10211480415207341
5.874778262212914 -0.08909017900517531
5.937610115284709 -0.0758125753428337
6.000441968356505 -0.06232078469429308
6.0632738214283 -0.04865365900593061
6.126105674500097 -0.034850102873841673
6.188937527571893 -0.020949064055207214
6.2517693806436885 -0.006989522409235283