0.031415926535897934 0.0068406240451149005
0.0942477796076938 0.02049890629594071
0.15707963267948966 0.03408834660184534
0.21991148575128552 0.047563235101755086
0.2827433388230814 0.06087813744936953
0.34557519189487723 0.07398800183280463
0.4084070449666731 0.08684826301673175
0.47123889803846897 0.09941494284658849
0.5340707511102649 0.1116447468585391
0.5969026041820606 0.12349515687371729
0.6597344572538566 0.13492451971285027
0.7225663103256523 0.14589213243867624
0.7853981633974483 0.15635832480904877
0.8482300164692442 0.1662845398932003
0.91106186954104 0.1756334140570358
0.9738937226128359 0.18436885775020198
1.0367255756846319 0.19245613871779885
1.0995574287564276 0.19986196940302384
1.1623892818282235 0.20655460039422044
1.2252211349000193 0.21250392179177066
1.2880529879718152 0.21768157431882385
1.350884841043611 0.22206107186769056
1.413716694115407 0.2256179369548233
1.4765485471872026 0.22832985024711389
1.5393804002589986 0.23017681491820666
1.6022122533307945 0.23114133609548493
1.6650441064025903 0.23120861506915272
1.7278759594743862 0.23036675726075342
1.7907078125461822 0.22860699220004715
1.853539665617978 0.2259239029516152
1.9163715186897736 0.22231566158620966
1.9792033717615696 0.2177842664324909
2.0420352248333655 0.21233577600351933
2.104867077905162 0.2059805337053108
2.1676989309769574 0.19873337674226388
2.230530784048753 0.1906138220793745
2.2933626371205493 0.18164622194798785
2.356194490192345 0.1718598812329341
2.4190263432641403 0.16128912919257182
2.4818581963359367 0.1499733383703364
2.5446900494077322 0.13795688427703193
2.607521902479528 0.12528904046371006
2.670353755551324 0.11202380495570781
2.7331856086231197 0.09821965565133674
2.796017461694916 0.0839392341572864
2.8588493147667116 0.0692489595725442
2.9216811678385075 0.05421857586340309
2.9845130209103035 0.03892063860186375
3.047344873982099 0.023429948869488054
3.1101767270538954 0.007822943958838995
3.173008580125691 -0.007822943958838995
3.2358404331974873 -0.023429948869488054
3.2986722862692828 -0.03892063860186375
3.3615041393410787 -0.05421857586340309
3.4243359924128747 -0.0692489595725442
3.48716784548467 -0.0839392341572864
3.549999698556466 -0.09821965565133667
3.612831551628262 -0.11202380495570781
3.675663404700058 -0.12528904046371006
3.7384952577718535 -0.13795688427703187
3.8013271108436495 -0.1499733383703364
3.8641589639154454 -0.16128912919257185
3.9269908169872414 -0.1718598812329341
3.989822670059038 -0.18164622194798796
4.052654523130833 -0.1906138220793745
4.115486376202629 -0.19873337674226388
4.178318229274425 -0.20598053370531094
4.241150082346222 -0.2123357760035193
4.303981935418017 -0.217784266432491
4.366813788489813 -0.22231566158620966
4.429645641561608 -0.22592390295161527
4.4924774946334045 -0.2286069922000472
4.5553093477052 -0.23036675726075342
4.618141200776996 -0.2312086150691528
4.680973053848792 -0.23114133609548498
4.743804906920587 -0.23017681491820663
4.806636759992383 -0.22832985024711402
4.869468613064179 -0.2256179369548233
4.932300466135976 -0.2220610718676907
4.995132319207771 -0.21768157431882385
5.057964172279567 -0.21250392179177055
5.120796025351362 -0.20655460039422055
5.183627878423159 -0.19986196940302384
5.246459731494955 -0.19245613871779874
5.3092915845667505 -0.18436885775020198
5.372123437638546 -0.1756334140570358
5.434955290710342 -0.1662845398932002
5.497787143782137 -0.15635832480904885
5.560618996853934 -0.14589213243867624
5.62345084992573 -0.13492451971285027
5.686282702997525 -0.12349515687371729
5.749114556069321 -0.11164474685853908
5.811946409141116 -0.09941494284658871
5.874778262212914 -0.08684826301673157
5.937610115284709 -0.07398800183280463
6.000441968356505 -0.06087813744936953
6.0632738214283 -0.047563235101755155
6.126105674500097 -0.03408834660184534
6.188937527571893 -0.020498906295940644
6.2517693806436885 -0.0068406240451149005