0.031415926535897934 0.008722416421658753
0.0942477796076938 0.02613557301243395
0.15707963267948966 0.043453812322446994
0.21991148575128552 0.060614226596368885
0.2827433388230814 0.07755445971847336
0.34557519189487723 0.09421292000813228
0.4084070449666731 0.1105289855128096
0.47123889803846897 0.12644320015074453
0.5340707511102649 0.141897459401036
0.5969026041820606 0.15683518463330837
0.6597344572538566 0.17120148559774853
0.7225663103256523 0.18494331104300418
0.7853981633974483 0.19800958787765296
0.8482300164692442 0.21035134972403333
0.91106186954104 0.22192185611505624
0.9738937226128359 0.23267670393997486
1.0367255756846319 0.24257393304014718
1.0995574287564276 0.2515741280783315
1.1623892818282235 0.2596405189446443
1.2252211349000193 0.2667390820106502
1.2880529879718152 0.2728386444939619
1.350884841043611 0.27791099404529856
1.413716694115407 0.28193099541663524
1.4765485471872026 0.2848767157138402
1.5393804002589986 0.28672955928361155
1.6022122533307945 0.2874744127390046
1.6650441064025903 0.28709979999981156
1.7278759594743862 0.2855980465261477
1.7907078125461822 0.282965451171916
1.853539665617978 0.279202463298969
1.9163715186897736 0.2743138619959886
1.9792033717615696 0.2683089334650238
2.0420352248333655 0.2612016419030007
2.104867077905162 0.2530107885475953
2.1676989309769574 0.2437601530104043
2.230530784048753 0.23347861061941505
2.2933626371205493 0.2222002192701619
2.356194490192345 0.20996426927028114
2.4190263432641403 0.19681528987987829
2.4818581963359367 0.18280300671734415
2.5446900494077322 0.16798224492466873
2.607521902479528 0.15241277396451072
2.670353755551324 0.13615909113725277
2.7331856086231197 0.11929014233082412
2.796017461694916 0.10187898010689814
2.8588493147667116 0.08400236092979742
2.9216811678385075 0.06574028509465499
2.9845130209103035 0.04717548463756983
3.047344873982099 0.028392866137720622
3.1101767270538954 0.009478916775635414
3.173008580125691 -0.009478916775635414
3.2358404331974873 -0.028392866137720622
3.2986722862692828 -0.04717548463756983
3.3615041393410787 -0.06574028509465499
3.4243359924128747 -0.08400236092979742
3.48716784548467 -0.10187898010689814
3.549999698556466 -0.11929014233082405
3.612831551628262 -0.13615909113725277
3.675663404700058 -0.15241277396451072
3.7384952577718535 -0.16798224492466865
3.8013271108436495 -0.18280300671734415
3.8641589639154454 -0.19681528987987815
3.9269908169872414 -0.20996426927028114
3.989822670059038 -0.22220021927016206
4.052654523130833 -0.23347861061941505
4.115486376202629 -0.2437601530104043
4.178318229274425 -0.25301078854759546
4.241150082346222 -0.2612016419030009
4.303981935418017 -0.268308933465024
4.366813788489813 -0.2743138619959886
4.429645641561608 -0.279202463298969
4.4924774946334045 -0.28296545117191596
4.5553093477052 -0.2855980465261477
4.618141200776996 -0.28709979999981133
4.680973053848792 -0.2874744127390046
4.743804906920587 -0.28672955928361155
4.806636759992383 -0.2848767157138404
4.869468613064179 -0.28193099541663524
4.932300466135976 -0.27791099404529856
4.995132319207771 -0.2728386444939619
5.057964172279567 -0.26673908201065016
5.120796025351362 -0.25964051894464435
5.183627878423159 -0.2515741280783315
5.246459731494955 -0.2425739330401471
5.3092915845667505 -0.23267670393997486
5.372123437638546 -0.22192185611505624
5.434955290710342 -0.21035134972403338
5.497787143782137 -0.19800958787765313
5.560618996853934 -0.1849433110430042
5.62345084992573 -0.17120148559774853
5.686282702997525 -0.15683518463330837
5.749114556069321 -0.14189745940103604
5.811946409141116 -0.1264432001507448
5.874778262212914 -0.11052898551280943
5.937610115284709 -0.09421292000813228
6.000441968356505 -0.07755445971847336
6.0632738214283 -0.06061422659636895
6.126105674500097 -0.043453812322446994
6.188937527571893 -0.026135573012433883
6.2517693806436885 -0.008722416421658753