0.031415926535897934 0.0082143344180383
0.0942477796076938 0.02460097597801706
0.15707963267948966 0.04086186925974396
0.21991148575128552 0.05691428941853432
0.2827433388230814 0.0726771569791902
0.34557519189487723 0.08807166499611219
0.4084070449666731 0.10302187591062932
0.47123889803846897 0.11745528041238244
0.5340707511102649 0.13130331131111983
0.5969026041820606 0.14450180625317793
0.6597344572538566 0.1569914140568148
0.7225663103256523 0.1687179404729668
0.7853981633974483 0.1796326302807699
0.8482300164692442 0.1896923837758265
0.91106186954104 0.19885990687744828
0.9738937226128359 0.20710379524169764
1.0367255756846319 0.21439855389255214
1.0995574287564276 0.22072455494727405
1.1623892818282235 0.2260679369892437
1.2252211349000193 0.23042045050995963
1.2880529879718152 0.23377925458311652
1.350884841043611 0.23614667053337243
1.413716694115407 0.2375298988111784
1.4765485471872026 0.23794070557844627
1.5393804002589986 0.23739508564854186
1.6022122533307945 0.23591290841356696
1.6650441064025903 0.23351755324201431
1.7278759594743862 0.23023554055415324
1.7907078125461822 0.2260961643974902
1.853539665617978 0.22113113186886907
1.9163715186897736 0.215374214183001
1.9792033717615696 0.2088609135894946
2.0420352248333655 0.2016281497113306
2.104867077905162 0.1937139682355679
2.1676989309769574 0.18515727424847683
2.230530784048753 0.17599759188669004
2.2933626371205493 0.16627485138532958
2.356194490192345 0.15602920405280252
2.4190263432641403 0.14530086519688215
2.4818581963359367 0.13412998457218356
2.5446900494077322 0.12255654351728541
2.607521902479528 0.1106202776006577
2.670353755551324 0.09836062329667491
2.7331856086231197 0.08581668696337477
2.796017461694916 0.07302723418837538
2.8588493147667116 0.060030697403874296
2.9216811678385075 0.0468651995409858
2.9845130209103035 0.033568591392789955
3.047344873982099 0.020178500279533766
3.1101767270538954 0.006732387553974463
3.173008580125691 -0.006732387553974463
3.2358404331974873 -0.020178500279533766
3.2986722862692828 -0.033568591392789955
3.3615041393410787 -0.0468651995409858
3.4243359924128747 -0.060030697403874296
3.48716784548467 -0.07302723418837538
3.549999698556466 -0.08581668696337487
3.612831551628262 -0.09836062329667491
3.675663404700058 -0.1106202776006577
3.7384952577718535 -0.12255654351728537
3.8013271108436495 -0.13412998457218356
3.8641589639154454 -0.14530086519688207
3.9269908169872414 -0.15602920405280252
3.989822670059038 -0.1662748513853297
4.052654523130833 -0.17599759188669004
4.115486376202629 -0.18515727424847683
4.178318229274425 -0.19371396823556808
4.241150082346222 -0.2016281497113307
4.303981935418017 -0.2088609135894946
4.366813788489813 -0.215374214183001
4.429645641561608 -0.221131131868869
4.4924774946334045 -0.2260961643974903
4.5553093477052 -0.23023554055415324
4.618141200776996 -0.2335175532420144
4.680973053848792 -0.2359129084135669
4.743804906920587 -0.2373950856485417
4.806636759992383 -0.2379407055784463
4.869468613064179 -0.2375298988111784
4.932300466135976 -0.23614667053337238
4.995132319207771 -0.23377925458311657
5.057964172279567 -0.23042045050995957
5.120796025351362 -0.22606793698924366
5.183627878423159 -0.22072455494727405
5.246459731494955 -0.21439855389255202
5.3092915845667505 -0.20710379524169764
5.372123437638546 -0.19885990687744828
5.434955290710342 -0.18969238377582662
5.497787143782137 -0.17963263028076998
5.560618996853934 -0.16871794047296673
5.62345084992573 -0.1569914140568148
5.686282702997525 -0.14450180625317793
5.749114556069321 -0.13130331131112005
5.811946409141116 -0.11745528041238276
5.874778262212914 -0.10302187591062925
5.937610115284709 -0.08807166499611219
6.000441968356505 -0.0726771569791902
6.0632738214283 -0.05691428941853448
6.126105674500097 -0.04086186925974396
6.188937527571893 -0.02460097597801691
6.2517693806436885 -0.0082143344180383