0.031415926535897934 0.003426190034120833
0.0942477796076938 0.010266952864665507
0.15707963267948966 0.017072887338255335
0.21991148575128552 0.023820852443980935
0.2827433388230814 0.030487824154663053
0.34557519189487723 0.03705094251853407
0.4084070449666731 0.04348755907629814
0.47123889803846897 0.04977528473384826
0.5340707511102649 0.05589203824625326
0.5969026041820606 0.06181609549671416
0.6597344572538566 0.06752613978338103
0.7225663103256523 0.07300131335536571
0.7853981633974483 0.07822127046491736
0.8482300164692442 0.08316623222338197
0.91106186954104 0.0878170435619591
0.9738937226128359 0.0921552326020775
1.0367255756846319 0.09616307273217625
1.0995574287564276 0.0998236476655933
1.1623892818282235 0.10312091971612591
1.2252211349000193 0.10603980147188671
1.2880529879718152 0.10856623097292542
1.350884841043611 0.11068725040278884
1.413716694115407 0.11239108818833521
1.4765485471872026 0.11366724426600974
1.5393804002589986 0.11450657811744713
1.6022122533307945 0.11490139900464043
1.6650441064025903 0.1148455576478768
1.7278759594743862 0.1143345383921092
1.7907078125461822 0.11336555070437242
1.853539665617978 0.11193761864230754
1.9163715186897736 0.11005166673881382
1.9792033717615696 0.10771060056821517
2.0420352248333655 0.10491938010364224
2.104867077905162 0.10168508385254443
2.1676989309769574 0.09801696167638325
2.230530784048753 0.09392647417025841
2.2933626371205493 0.08942731650630069
2.356194490192345 0.0845354247376218
2.4190263432641403 0.07926896272204381
2.4818581963359367 0.07364828805900403
2.5446900494077322 0.06769589573840386
2.607521902479528 0.06143633857306823
2.670353755551324 0.05489612391992286
2.7331856086231197 0.048103586678636664
2.796017461694916 0.041088739076843246
2.8588493147667116 0.03388309829191663
2.9216811678385075 0.02651949350224522
2.9845130209103035 0.019031854486325085
3.047344873982099 0.011454984375651506
3.1101767270538954 0.003824319597863588
3.173008580125691 -0.003824319597863588
3.2358404331974873 -0.011454984375651506
3.2986722862692828 -0.019031854486325085
3.3615041393410787 -0.02651949350224522
3.4243359924128747 -0.03388309829191663
3.48716784548467 -0.041088739076843246
3.549999698556466 -0.048103586678636595
3.612831551628262 -0.05489612391992286
3.675663404700058 -0.06143633857306823
3.7384952577718535 -0.06769589573840386
3.8013271108436495 -0.07364828805900403
3.8641589639154454 -0.07926896272204373
3.9269908169872414 -0.0845354247376218
3.989822670059038 -0.08942731650630081
4.052654523130833 -0.09392647417025841
4.115486376202629 -0.09801696167638325
4.178318229274425 -0.10168508385254443
4.241150082346222 -0.10491938010364228
4.303981935418017 -0.10771060056821505
4.366813788489813 -0.11005166673881382
4.429645641561608 -0.11193761864230756
4.4924774946334045 -0.11336555070437229
4.5553093477052 -0.1143345383921092
4.618141200776996 -0.11484555764787695
4.680973053848792 -0.11490139900464033
4.743804906920587 -0.11450657811744717
4.806636759992383 -0.11366724426600969
4.869468613064179 -0.11239108818833521
4.932300466135976 -0.11068725040278873
4.995132319207771 -0.10856623097292538
5.057964172279567 -0.1060398014718867
5.120796025351362 -0.10312091971612604
5.183627878423159 -0.0998236476655933
5.246459731494955 -0.09616307273217622
5.3092915845667505 -0.0921552326020775
5.372123437638546 -0.0878170435619591
5.434955290710342 -0.08316623222338194
5.497787143782137 -0.07822127046491732
5.560618996853934 -0.07300131335536576
5.62345084992573 -0.06752613978338103
5.686282702997525 -0.06181609549671416
5.749114556069321 -0.055892038246253405
5.811946409141116 -0.04977528473384828
5.874778262212914 -0.04348755907629811
5.937610115284709 -0.03705094251853407
6.000441968356505 -0.030487824154663053
6.0632738214283 -0.023820852443980935
6.126105674500097 -0.017072887338255335
6.188937527571893 -0.010266952864665503
6.2517693806436885 -0.003426190034120833