0.031415926535897934 0.0035070423336443636
0.0942477796076938 0.010476245655707088
0.15707963267948966 0.01731219631404061
0.21991148575128552 0.023930613972850786
0.2827433388230814 0.030253767621508526
0.34557519189487723 0.0362125577267613
0.4084070449666731 0.04174812226516519
0.47123889803846897 0.046812908701102
0.5340707511102649 0.051371197616103585
0.5969026041820606 0.05539910396360687
0.6597344572538566 0.058884114887441504
0.7225663103256523 0.061824246294556955
0.7853981633974483 0.06422691312543025
0.8482300164692442 0.06610761115314706
0.91106186954104 0.0674885028281758
0.9738937226128359 0.06839698840051343
1.0367255756846319 0.0688643286569922
1.0995574287564276 0.06892436926880617
1.1623892818282235 0.06861240069879061
1.2252211349000193 0.06796417311264132
1.2880529879718152 0.06701507351932225
1.350884841043611 0.06579946275206162
1.413716694115407 0.06435016288379326
1.4765485471872026 0.0626980810194255
1.5393804002589986 0.060871952765394345
1.6022122533307945 0.058898187637900674
1.6650441064025903 0.056800798832509894
1.7278759594743862 0.05460140077540278
1.7907078125461822 0.05231925940304084
1.853539665617978 0.049971381927265246
1.9163715186897736 0.04757263475214452
1.9792033717615696 0.04513588008600666
2.0420352248333655 0.04267212355045197
2.104867077905162 0.04019066667645703
2.1676989309769574 0.037699259571196554
2.230530784048753 0.035204250232151124
2.2933626371205493 0.032710727984470174
2.356194490192345 0.03022265933835991
2.4190263432641403 0.02774301522474329
2.4818581963359367 0.025273889090629848
2.5446900494077322 0.022816605741491646
2.607521902479528 0.02037182112634123
2.670353755551324 0.0179396134901968
2.7331856086231197 0.015519566484152744
2.796017461694916 0.013110844939142599
2.8588493147667116 0.010712264087338169
2.9216811678385075 0.00832235306469065
2.9845130209103035 0.005939413557331457
3.047344873982099 0.0035615744697712524
3.1101767270538954 0.001186843499136001
3.173008580125691 -0.001186843499136001
3.2358404331974873 -0.0035615744697712524
3.2986722862692828 -0.005939413557331457
3.3615041393410787 -0.00832235306469065
3.4243359924128747 -0.010712264087338169
3.48716784548467 -0.013110844939142599
3.549999698556466 -0.015519566484152744
3.612831551628262 -0.0179396134901968
3.675663404700058 -0.02037182112634123
3.7384952577718535 -0.022816605741491646
3.8013271108436495 -0.025273889090629848
3.8641589639154454 -0.02774301522474329
3.9269908169872414 -0.03022265933835991
3.989822670059038 -0.032710727984470174
4.052654523130833 -0.035204250232151124
4.115486376202629 -0.037699259571196554
4.178318229274425 -0.04019066667645714
4.241150082346222 -0.04267212355045197
4.303981935418017 -0.045135880086006754
4.366813788489813 -0.04757263475214452
4.429645641561608 -0.049971381927265246
4.4924774946334045 -0.05231925940304095
4.5553093477052 -0.05460140077540278
4.618141200776996 -0.056800798832509894
4.680973053848792 -0.058898187637900674
4.743804906920587 -0.06087195276539425
4.806636759992383 -0.0626980810194255
4.869468613064179 -0.06435016288379326
4.932300466135976 -0.06579946275206162
4.995132319207771 -0.06701507351932245
5.057964172279567 -0.06796417311264132
5.120796025351362 -0.06861240069879061
5.183627878423159 -0.06892436926880617
5.246459731494955 -0.0688643286569922
5.3092915845667505 -0.06839698840051343
5.372123437638546 -0.0674885028281758
5.434955290710342 -0.06610761115314716
5.497787143782137 -0.06422691312543025
5.560618996853934 -0.06182424629455686
5.62345084992573 -0.058884114887441504
5.686282702997525 -0.05539910396360687
5.749114556069321 -0.051371197616103585
5.811946409141116 -0.0468129087011021
5.874778262212914 -0.0417481222651652
5.937610115284709 -0.0362125577267613
6.000441968356505 -0.030253767621508526
6.0632738214283 -0.023930613972850786
6.126105674500097 -0.01731219631404061
6.188937527571893 -0.010476245655707088
6.2517693806436885 -0.0035070423336443636