0.031415926535897934 0.002566465461560902
0.0942477796076938 0.0076914038859402095
0.15707963267948966 0.012792370186864032
0.21991148575128552 0.017853401035777948
0.2827433388230814 0.022858560858241127
0.34557519189487723 0.02779195418624786
0.4084070449666731 0.032637739269532846
0.47123889803846897 0.03738014331660821
0.5340707511102649 0.042003479743121346
0.5969026041820606 0.04649216781187417
0.6597344572538566 0.050830755054544936
0.7225663103256523 0.05500394286868589
0.7853981633974483 0.058996615683613744
0.8482300164692442 0.06279387408394893
0.91106186954104 0.06638107226817924
0.9738937226128359 0.06974386020007169
1.0367255756846319 0.07286823078122762
1.0995574287564276 0.0757405723318236
1.1623892818282235 0.07834772661179767
1.2252211349000193 0.08067705254480793
1.2880529879718152 0.08271649572071012
1.350884841043611 0.0844546636479249
1.413716694115407 0.0858809066041018
1.4765485471872026 0.08698540379174613
1.5393804002589986 0.0877592543453626
1.6022122533307945 0.08819457255949278
1.6650441064025903 0.0882845865149451
1.7278759594743862 0.08802373907682998
1.7907078125461822 0.08740779002711713
1.853539665617978 0.08643391788193033
1.9163715186897736 0.08510081973648878
1.9792033717615696 0.08340880728638002
2.0420352248333655 0.0813598970015601
2.104867077905162 0.0789578922886616
2.1676989309769574 0.07620845537772897
2.230530784048753 0.07311916662120277
2.2933626371205493 0.06969956890499353
2.356194490192345 0.06596119495179645
2.4190263432641403 0.061917575451521864
2.4818581963359367 0.05758422618652459
2.5446900494077322 0.05297861263086121
2.607521902479528 0.04812009089023049
2.670353755551324 0.043029824305949024
2.7331856086231197 0.03773067556169816
2.796017461694916 0.03224707469155993
2.8588493147667116 0.026604863974331035
2.9216811678385075 0.020831121291851096
2.9845130209103035 0.014953964105917681
3.047344873982099 0.009002336746321069
3.1101767270538954 0.0030057841793033747
3.173008580125691 -0.0030057841793033747
3.2358404331974873 -0.009002336746321069
3.2986722862692828 -0.014953964105917681
3.3615041393410787 -0.020831121291851096
3.4243359924128747 -0.026604863974331035
3.48716784548467 -0.03224707469155993
3.549999698556466 -0.037730675561698054
3.612831551628262 -0.043029824305949024
3.675663404700058 -0.04812009089023049
3.7384952577718535 -0.05297861263086121
3.8013271108436495 -0.05758422618652459
3.8641589639154454 -0.061917575451521864
3.9269908169872414 -0.06596119495179645
3.989822670059038 -0.06969956890499363
4.052654523130833 -0.07311916662120277
4.115486376202629 -0.07620845537772897
4.178318229274425 -0.07895789228866154
4.241150082346222 -0.08135989700156016
4.303981935418017 -0.08340880728637994
4.366813788489813 -0.08510081973648878
4.429645641561608 -0.08643391788193033
4.4924774946334045 -0.08740779002711713
4.5553093477052 -0.08802373907682998
4.618141200776996 -0.08828458651494508
4.680973053848792 -0.08819457255949278
4.743804906920587 -0.0877592543453626
4.806636759992383 -0.08698540379174606
4.869468613064179 -0.0858809066041018
4.932300466135976 -0.08445466364792488
4.995132319207771 -0.08271649572071012
5.057964172279567 -0.08067705254480793
5.120796025351362 -0.07834772661179774
5.183627878423159 -0.0757405723318236
5.246459731494955 -0.0728682307812276
5.3092915845667505 -0.06974386020007169
5.372123437638546 -0.06638107226817924
5.434955290710342 -0.06279387408394894
5.497787143782137 -0.05899661568361394
5.560618996853934 -0.05500394286868589
5.62345084992573 -0.050830755054544936
5.686282702997525 -0.04649216781187417
5.749114556069321 -0.04200347974312136
5.811946409141116 -0.03738014331660821
5.874778262212914 -0.032637739269532846
5.937610115284709 -0.02779195418624786
6.000441968356505 -0.022858560858241127
6.0632738214283 -0.017853401035777948
6.126105674500097 -0.012792370186864032
6.188937527571893 -0.007691403885939978
6.2517693806436885 -0.002566465461560902