0.031415926535897934 0.004449927280013628
0.0942477796076938 0.013335239280802743
0.15707963267948966 0.02217694839890782
0.21991148575128552 0.030946068689481826
0.2827433388230814 0.03961373815860645
0.34557519189487723 0.0481512683440999
0.4084070449666731 0.056530193964304254
0.47123889803846897 0.06472232274804501
0.5340707511102649 0.07269978562457972
0.5969026041820606 0.08043508752739797
0.6597344572538566 0.08790115914727767
0.7225663103256523 0.09507141005462053
0.7853981633974483 0.10191978369502704
0.8482300164692442 0.10842081484122815
0.91106186954104 0.11454969015449604
0.9738937226128359 0.12028231256495063
1.0367255756846319 0.12559537021806783
1.0995574287564276 0.13046641074945214
1.1623892818282235 0.13487392163690978
1.2252211349000193 0.1387974173335696
1.2880529879718152 0.14221753380413882
1.350884841043611 0.14511613096471576
1.413716694115407 0.14747640336205234
1.4765485471872026 0.1492829992188153
1.5393804002589986 0.1505221477165429
1.6022122533307945 0.15118179408845336
1.6650441064025903 0.15125174175263442
1.7278759594743862 0.15072380033716717
1.7907078125461822 0.14959193803948242
1.853539665617978 0.14785243633237136
1.9163715186897736 0.14550404459088653
1.9792033717615696 0.14254813178288278
2.0420352248333655 0.13898883195861667
2.104867077905162 0.1348331799112657
2.1676989309769574 0.13009123308152462
2.230530784048753 0.12477617556741803
2.2933626371205493 0.11890439999653296
2.356194490192345 0.11249556304182806
2.4190263432641403 0.10557261053075388
2.4818581963359367 0.09816176842284613
2.5446900494077322 0.09029249641946321
2.607521902479528 0.081997401619959
2.670353755551324 0.07331211044206135
2.7331856086231197 0.06427509796259466
2.796017461694916 0.05492747488113653
2.8588493147667116 0.04531273342883888
2.9216811678385075 0.035476454695653636
2.9845130209103035 0.025465980984879098
3.047344873982099 0.015330057875062269
3.1101767270538954 0.0051184516270492775
3.173008580125691 -0.0051184516270492775
3.2358404331974873 -0.015330057875062269
3.2986722862692828 -0.025465980984879098
3.3615041393410787 -0.035476454695653636
3.4243359924128747 -0.04531273342883888
3.48716784548467 -0.05492747488113653
3.549999698556466 -0.06427509796259462
3.612831551628262 -0.07331211044206135
3.675663404700058 -0.081997401619959
3.7384952577718535 -0.09029249641946321
3.8013271108436495 -0.09816176842284613
3.8641589639154454 -0.10557261053075388
3.9269908169872414 -0.11249556304182806
3.989822670059038 -0.11890439999653311
4.052654523130833 -0.12477617556741803
4.115486376202629 -0.13009123308152462
4.178318229274425 -0.13483317991126578
4.241150082346222 -0.1389888319586167
4.303981935418017 -0.14254813178288256
4.366813788489813 -0.14550404459088653
4.429645641561608 -0.14785243633237127
4.4924774946334045 -0.14959193803948254
4.5553093477052 -0.15072380033716717
4.618141200776996 -0.1512517417526344
4.680973053848792 -0.15118179408845323
4.743804906920587 -0.15052214771654288
4.806636759992383 -0.1492829992188153
4.869468613064179 -0.14747640336205234
4.932300466135976 -0.14511613096471568
4.995132319207771 -0.14221753380413882
5.057964172279567 -0.13879741733356968
5.120796025351362 -0.13487392163690978
5.183627878423159 -0.13046641074945214
5.246459731494955 -0.12559537021806774
5.3092915845667505 -0.12028231256495063
5.372123437638546 -0.11454969015449604
5.434955290710342 -0.10842081484122826
5.497787143782137 -0.10191978369502709
5.560618996853934 -0.0950714100546205
5.62345084992573 -0.08790115914727767
5.686282702997525 -0.08043508752739797
5.749114556069321 -0.07269978562457982
5.811946409141116 -0.0647223227480451
5.874778262212914 -0.056530193964304136
5.937610115284709 -0.0481512683440999
6.000441968356505 -0.03961373815860645
6.0632738214283 -0.030946068689481826
6.126105674500097 -0.02217694839890782
6.188937527571893 -0.013335239280802644
6.2517693806436885 -0.004449927280013628