0.031415926535897934 0.004902151427572572
0.0942477796076938 0.014692355062040188
0.15707963267948966 0.024440264334111242
0.21991148575128552 0.034117694049209904
0.2827433388230814 0.0436964757641086
0.34557519189487723 0.053148464892040476
0.4084070449666731 0.06244554831173252
0.47123889803846897 0.07155965276400594
0.5340707511102649 0.0804627544204259
0.5969026041820606 0.0891268901272601
0.6597344572538566 0.09752417096206245
0.7225663103256523 0.10562679888618395
0.7853981633974483 0.11340708743054291
0.8482300164692442 0.12083748750947675
0.91106186954104 0.12789061961314555
0.9738937226128359 0.1345393137766735
1.0367255756846319 0.1407566588570742
1.0995574287564276 0.14651606275918505
1.1623892818282235 0.15179132533060757
1.2252211349000193 0.1565567256834045
1.2880529879718152 0.1607871256866215
1.350884841043611 0.16445809129755437
1.413716694115407 0.16754603324964185
1.4765485471872026 0.17002836837962879
1.5393804002589986 0.17188370254546081
1.6022122533307945 0.17309203564990336
1.6650441064025903 0.17363498873604596
1.7278759594743862 0.17349605245592636
1.7907078125461822 0.172660855433385
1.853539665617978 0.17111745015368748
1.9163715186897736 0.1688566130294183
1.9792033717615696 0.1658721542370059
2.0420352248333655 0.16216123182265224
2.104867077905162 0.1577246634817837
2.1676989309769574 0.1525672283734288
2.230530784048753 0.14669795039959502
2.2933626371205493 0.14013035362583134
2.356194490192345 0.1328826800121347
2.4190263432641403 0.12497805943183508
2.4818581963359367 0.11644462214284718
2.5446900494077322 0.10731554449163375
2.607521902479528 0.09762901970853022
2.670353755551324 0.08742814720322356
2.7331856086231197 0.0767607357722188
2.796017461694916 0.0656790185357075
2.8588493147667116 0.054239280146740815
2.9216811678385075 0.04250139974829602
2.9845130209103035 0.030528316156040104
3.047344873982099 0.018385424661723652
3.1101767270538954 0.006139917523211288
3.173008580125691 -0.006139917523211288
3.2358404331974873 -0.018385424661723652
3.2986722862692828 -0.030528316156040104
3.3615041393410787 -0.04250139974829602
3.4243359924128747 -0.054239280146740815
3.48716784548467 -0.0656790185357075
3.549999698556466 -0.07676073577221873
3.612831551628262 -0.08742814720322356
3.675663404700058 -0.09762901970853022
3.7384952577718535 -0.10731554449163361
3.8013271108436495 -0.11644462214284718
3.8641589639154454 -0.12497805943183496
3.9269908169872414 -0.1328826800121347
3.989822670059038 -0.14013035362583143
4.052654523130833 -0.14669795039959502
4.115486376202629 -0.1525672283734288
4.178318229274425 -0.1577246634817837
4.241150082346222 -0.16216123182265227
4.303981935418017 -0.16587215423700602
4.366813788489813 -0.1688566130294183
4.429645641561608 -0.17111745015368748
4.4924774946334045 -0.17266085543338497
4.5553093477052 -0.17349605245592636
4.618141200776996 -0.17363498873604594
4.680973053848792 -0.1730920356499034
4.743804906920587 -0.17188370254546087
4.806636759992383 -0.1700283683796289
4.869468613064179 -0.16754603324964185
4.932300466135976 -0.16445809129755434
4.995132319207771 -0.1607871256866215
5.057964172279567 -0.15655672568340448
5.120796025351362 -0.15179132533060763
5.183627878423159 -0.14651606275918505
5.246459731494955 -0.14075665885707414
5.3092915845667505 -0.1345393137766735
5.372123437638546 -0.12789061961314555
5.434955290710342 -0.12083748750947684
5.497787143782137 -0.11340708743054297
5.560618996853934 -0.10562679888618395
5.62345084992573 -0.09752417096206245
5.686282702997525 -0.0891268901272601
5.749114556069321 -0.08046275442042602
5.811946409141116 -0.07155965276400614
5.874778262212914 -0.062445548311732414
5.937610115284709 -0.053148464892040476
6.000441968356505 -0.0436964757641086
6.0632738214283 -0.03411769404920991
6.126105674500097 -0.024440264334111242
6.188937527571893 -0.014692355062040093
6.2517693806436885 -0.004902151427572572