0.031415926535897934 0.009362927210188722
0.0942477796076938 0.028041986876647315
0.15707963267948966 0.04658101243195473
0.21991148575128552 0.06488781071731585
0.2827433388230814 0.08287191812321117
0.34557519189487723 0.10044526298873187
0.4084070449666731 0.11752279910900527
0.47123889803846897 0.13402310284746555
0.5340707511102649 0.14986892690668505
0.5969026041820606 0.16498770448316172
0.6597344572538566 0.17931199831049807
0.7225663103256523 0.19277988997170176
0.7853981633974483 0.20533530582174217
0.8482300164692442 0.21692827688973867
0.91106186954104 0.22751513120684766
0.9738937226128359 0.2370586181090188
1.0367255756846319 0.2455279651691145
1.0995574287564276 0.25289886949494694
1.1623892818282235 0.25915342616278997
1.2252211349000193 0.2642799975147857
1.2880529879718152 0.26827302791019103
1.350884841043611 0.27113280926427874
1.413716694115407 0.2728652033183911
1.4765485471872026 0.273481327048131
1.5393804002589986 0.27299720792694504
1.6022122533307945 0.27143341591751635
1.6650441064025903 0.26881467906668377
1.7278759594743862 0.2651694894389816
1.7907078125461822 0.26052970585149043
1.853539665617978 0.254930159484054
1.9163715186897736 0.24840826795214468
1.9792033717615696 0.24100366286448993
2.0420352248333655 0.23275783526441193
2.104867077905162 0.2237138026929147
2.1676989309769574 0.21391580093218251
2.230530784048753 0.20340900280795687
2.2933626371205493 0.1922392657638368
2.356194490192345 0.18045290928299482
2.4190263432641403 0.16809652263359443
2.4818581963359367 0.15521680286116632
2.5446900494077322 0.1418604224495534
2.607521902479528 0.128073925624591
2.670353755551324 0.11390365188218814
2.7331856086231197 0.09939568498375534
2.796017461694916 0.08459582537450927
2.8588493147667116 0.06954958374040873
2.9216811678385075 0.054302193223050195
2.9845130209103035 0.03889863765409562
3.047344873982099 0.023383693046984667
3.1101767270538954 0.007801979489345051
3.173008580125691 -0.007801979489345051
3.2358404331974873 -0.023383693046984667
3.2986722862692828 -0.03889863765409562
3.3615041393410787 -0.054302193223050195
3.4243359924128747 -0.06954958374040873
3.48716784548467 -0.08459582537450927
3.549999698556466 -0.09939568498375519
3.612831551628262 -0.11390365188218814
3.675663404700058 -0.128073925624591
3.7384952577718535 -0.14186042244955327
3.8013271108436495 -0.15521680286116632
3.8641589639154454 -0.1680965226335942
3.9269908169872414 -0.18045290928299482
3.989822670059038 -0.19223926576383696
4.052654523130833 -0.20340900280795687
4.115486376202629 -0.21391580093218251
4.178318229274425 -0.2237138026929148
4.241150082346222 -0.2327578352644121
4.303981935418017 -0.24100366286449004
4.366813788489813 -0.24840826795214468
4.429645641561608 -0.254930159484054
4.4924774946334045 -0.2605297058514905
4.5553093477052 -0.2651694894389816
4.618141200776996 -0.26881467906668377
4.680973053848792 -0.2714334159175164
4.743804906920587 -0.27299720792694504
4.806636759992383 -0.273481327048131
4.869468613064179 -0.2728652033183911
4.932300466135976 -0.27113280926427885
4.995132319207771 -0.26827302791019103
5.057964172279567 -0.2642799975147857
5.120796025351362 -0.25915342616278997
5.183627878423159 -0.25289886949494694
5.246459731494955 -0.24552796516911454
5.3092915845667505 -0.2370586181090188
5.372123437638546 -0.22751513120684766
5.434955290710342 -0.2169282768897389
5.497787143782137 -0.20533530582174253
5.560618996853934 -0.19277988997170176
5.62345084992573 -0.17931199831049807
5.686282702997525 -0.16498770448316172
5.749114556069321 -0.14986892690668524
5.811946409141116 -0.1340231028474658
5.874778262212914 -0.11752279910900518
5.937610115284709 -0.10044526298873187
6.000441968356505 -0.08287191812321117
6.0632738214283 -0.06488781071731595
6.126105674500097 -0.04658101243195473
6.188937527571893 -0.028041986876647315
6.2517693806436885 -0.009362927210188722