0.031415926535897934 9.93984358198438e-05
0.0942477796076938 0.00029780646879704585
0.15707963267948966 0.0004950494665827312
0.21991148575128552 0.0006903556700202326
0.2827433388230814 0.0008829606988693424
0.34557519189487723 0.0010721104683184483
0.4084070449666731 0.0012570640705045018
0.47123889803846897 0.001437096611133262
0.5340707511102649 0.0016115019913632142
0.5969026041820606 0.0017795956252030095
0.6597344572538566 0.0019407170827812838
0.7225663103256523 0.002094232649977857
0.7853981633974483 0.0022395377950555615
0.8482300164692442 0.002376059533109785
0.91106186954104 0.0025032586793595746
0.9738937226128359 0.0026206319825344522
1.0367255756846319 0.002727714129880173
1.0995574287564276 0.002824079615601285
1.1623892818282235 0.0029093444648954025
1.2252211349000193 0.00298316780610649
1.2880529879718152 0.0030452532839285937
1.350884841043611 0.003095350307050386
1.413716694115407 0.003133255124114502
1.4765485471872026 0.0031588117224063818
1.5393804002589986 0.0031719125442551304
1.6022122533307945 0.0031724990167547214
1.6650441064025903 0.003160561891066809
1.7278759594743862 0.0031361413882691016
1.7907078125461822 0.003099327149449134
1.853539665617978 0.0030502579885186335
1.9163715186897736 0.0029891214470305957
1.9792033717615696 0.0029161531511167457
2.0420352248333655 0.0028316359715310126
2.104867077905162 0.002735898988662943
2.1676989309769574 0.00262931626529316
2.230530784048753 0.0025123054307688623
2.2933626371205493 0.0023853260812006674
2.356194490192345 0.0022488780011928173
2.4190263432641403 0.0021034992135311546
2.4818581963359367 0.0019497638641438003
2.5446900494077322 0.0017882799505237826
2.607521902479528 0.0016196869026426127
2.670353755551324 0.001444653026195538
2.7331856086231197 0.0012638728187787307
2.796017461694916 0.001078064170316814
2.8588493147667116 0.0008879654597175877
2.9216811678385075 0.0006943325603261087
2.9845130209103035 0.0004979357672830675
3.047344873982099 0.00029955666034578037
3.1101767270538954 9.998491611206774e-05
3.173008580125691 -9.998491611206774e-05
3.2358404331974873 -0.00029955666034578037
3.2986722862692828 -0.0004979357672830675
3.3615041393410787 -0.0006943325603261087
3.4243359924128747 -0.0008879654597175877
3.48716784548467 -0.001078064170316814
3.549999698556466 -0.0012638728187787307
3.612831551628262 -0.001444653026195538
3.675663404700058 -0.0016196869026426127
3.7384952577718535 -0.001788279950523783
3.8013271108436495 -0.0019497638641438003
3.8641589639154454 -0.0021034992135311546
3.9269908169872414 -0.0022488780011928173
3.989822670059038 -0.002385326081200666
4.052654523130833 -0.0025123054307688623
4.115486376202629 -0.00262931626529316
4.178318229274425 -0.002735898988662941
4.241150082346222 -0.002831635971531011
4.303981935418017 -0.0029161531511167457
4.366813788489813 -0.0029891214470305957
4.429645641561608 -0.003050257988518743
4.4924774946334045 -0.0030993271494491326
4.5553093477052 -0.0031361413882691016
4.618141200776996 -0.003160561891066808
4.680973053848792 -0.0031724990167547214
4.743804906920587 -0.003171912544255217
4.806636759992383 -0.003158811722406303
4.869468613064179 -0.003133255124114502
4.932300466135976 -0.003095350307050312
4.995132319207771 -0.0030452532839285937
5.057964172279567 -0.00298316780610649
5.120796025351362 -0.002909344464895403
5.183627878423159 -0.002824079615601285
5.246459731494955 -0.00272771412988017
5.3092915845667505 -0.0026206319825344522
5.372123437638546 -0.0025032586793595746
5.434955290710342 -0.002376059533109707
5.497787143782137 -0.002239537795055639
5.560618996853934 -0.0020942326499778564
5.62345084992573 -0.0019407170827812838
5.686282702997525 -0.0017795956252030095
5.749114556069321 -0.0016115019913632148
5.811946409141116 -0.0014370966111332635
5.874778262212914 -0.0012570640705045007
5.937610115284709 -0.0010721104683184483
6.000441968356505 -0.0008829606988693424
6.0632738214283 -0.0006903556700202329
6.126105674500097 -0.0004950494665827312
6.188937527571893 -0.00029780646879704574
6.2517693806436885 -9.93984358198438e-05