0.031415926535897934 0.009740521907066807
0.0942477796076938 0.02917402938098774
0.15707963267948966 0.04846526456004062
0.21991148575128552 0.06752049789309535
0.2827433388230814 0.08624766463737217
0.34557519189487723 0.10455700463662473
0.4084070449666731 0.12236167636171295
0.47123889803846897 0.13957833844288584
0.5340707511102649 0.15612769236061838
0.5969026041820606 0.17193498049527708
0.6597344572538566 0.18693043436223972
0.7225663103256523 0.20104966857326365
0.7853981633974483 0.21423401685910365
0.8482300164692442 0.2264308073519814
0.91106186954104 0.23759357524574756
0.9738937226128359 0.24768221190985715
1.0367255756846319 0.2566630505113589
1.0995574287564276 0.26450888917580645
1.1623892818282235 0.27119895367090674
1.2252211349000193 0.27671880250308745
1.2880529879718152 0.2810601781549564
1.350884841043611 0.28422080894040036
1.413716694115407 0.28620416659609055
1.4765485471872026 0.2870191852489538
1.5393804002589986 0.2866799477883919
1.6022122533307945 0.2852053459236543
1.6650441064025903 0.28261872031940927
1.7278759594743862 0.278947487179212
1.7907078125461822 0.27422275749448366
1.853539665617978 0.26847895490663987
1.9163715186897736 0.2617534377559563
1.9792033717615696 0.25408613042877237
2.0420352248333655 0.2455191685821367
2.104867077905162 0.23609656224014075
2.1676989309769574 0.2258638801369123
2.230530784048753 0.21486795804464884
2.2933626371205493 0.2031566331869356
2.356194490192345 0.19077850621179313
2.4190263432641403 0.17778273159723804
2.4818581963359367 0.1642188367941361
2.5446900494077322 0.150136569883961
2.607521902479528 0.13558577504770924
2.670353755551324 0.12061629470955557
2.7331856086231197 0.10527789683589753
2.796017461694916 0.08962022553675936
2.8588493147667116 0.07369277283038503
2.9216811678385075 0.057544869190616965
2.9845130209103035 0.04122569029718638
3.047344873982099 0.024784277247851736
3.1101767270538954 0.008269567365026383
3.173008580125691 -0.008269567365026383
3.2358404331974873 -0.024784277247851736
3.2986722862692828 -0.04122569029718638
3.3615041393410787 -0.057544869190616965
3.4243359924128747 -0.07369277283038503
3.48716784548467 -0.08962022553675936
3.549999698556466 -0.10527789683589744
3.612831551628262 -0.12061629470955557
3.675663404700058 -0.13558577504770924
3.7384952577718535 -0.15013656988396096
3.8013271108436495 -0.1642188367941361
3.8641589639154454 -0.17778273159723793
3.9269908169872414 -0.19077850621179313
3.989822670059038 -0.20315663318693583
4.052654523130833 -0.21486795804464884
4.115486376202629 -0.2258638801369123
4.178318229274425 -0.23609656224014094
4.241150082346222 -0.24551916858213682
4.303981935418017 -0.2540861304287725
4.366813788489813 -0.2617534377559563
4.429645641561608 -0.2684789549066399
4.4924774946334045 -0.2742227574944839
4.5553093477052 -0.278947487179212
4.618141200776996 -0.2826187203194093
4.680973053848792 -0.28520534592365426
4.743804906920587 -0.2866799477883918
4.806636759992383 -0.2870191852489538
4.869468613064179 -0.28620416659609055
4.932300466135976 -0.2842208089404003
4.995132319207771 -0.2810601781549564
5.057964172279567 -0.2767188025030873
5.120796025351362 -0.2711989536709065
5.183627878423159 -0.26450888917580645
5.246459731494955 -0.2566630505113588
5.3092915845667505 -0.24768221190985715
5.372123437638546 -0.23759357524574756
5.434955290710342 -0.22643080735198146
5.497787143782137 -0.21423401685910384
5.560618996853934 -0.20104966857326365
5.62345084992573 -0.18693043436223972
5.686282702997525 -0.17193498049527708
5.749114556069321 -0.15612769236061846
5.811946409141116 -0.13957833844288597
5.874778262212914 -0.12236167636171284
5.937610115284709 -0.10455700463662473
6.000441968356505 -0.08624766463737217
6.0632738214283 -0.06752049789309557
6.126105674500097 -0.04846526456004062
6.188937527571893 -0.02917402938098757
6.2517693806436885 -0.009740521907066807