0.031415926535897934 0.009968977019030637
0.0942477796076938 0.029844004294951286
0.15707963267948966 0.049530942895801566
0.21991148575128552 0.06890669418533486
0.2827433388230814 0.08785155996479173
0.34557519189487723 0.10625052269293851
0.4084070449666731 0.12399444720600161
0.47123889803846897 0.14098118365286594
0.5340707511102649 0.15711655306655392
0.5969026041820606 0.1723151991545053
0.6597344572538566 0.18650129251468453
0.7225663103256523 0.19960907655316204
0.7853981633974483 0.21158324784089913
0.8482300164692442 0.22237916741861108
0.91106186954104 0.23196290352241214
0.9738937226128359 0.24031111021731347
1.0367255756846319 0.24741075033175738
1.0995574287564276 0.2532586747207492
1.1623892818282235 0.257861073092273
1.2252211349000193 0.26123281427632356
1.2880529879718152 0.26339669579366626
1.350884841043611 0.2643826238262804
1.413716694115407 0.2642267451796075
1.4765485471872026 0.2629705525768859
1.5393804002589986 0.26065998369555726
1.6022122533307945 0.25734453283497943
1.6650441064025903 0.25307639210732763
1.7278759594743862 0.24790963669773428
1.7907078125461822 0.24189946617808944
1.853539665617978 0.23510151121000544
1.9163715186897736 0.22757121235307456
1.9792033717615696 0.21936327520461713
2.0420352248333655 0.21053120381598273
2.104867077905162 0.20112691231572122
2.1676989309769574 0.19120041295749562
2.230530784048753 0.18079957741656164
2.2933626371205493 0.16996996708178633
2.356194490192345 0.15875472731527862
2.4190263432641403 0.1471945401529173
2.4818581963359367 0.135327629663293
2.5446900494077322 0.12318981413242977
2.607521902479528 0.11081459935820781
2.670353755551324 0.0982333075831142
2.7331856086231197 0.08547523693033547
2.796017461694916 0.07256784660290494
2.8588493147667116 0.05953696352899447
2.9216811678385075 0.046407006562897146
2.9845130209103035 0.03320122475928952
3.047344873982099 0.019941946610266725
3.1101767270538954 0.006650837456384263
3.173008580125691 -0.006650837456384263
3.2358404331974873 -0.019941946610266725
3.2986722862692828 -0.03320122475928952
3.3615041393410787 -0.046407006562897146
3.4243359924128747 -0.05953696352899447
3.48716784548467 -0.07256784660290494
3.549999698556466 -0.08547523693033542
3.612831551628262 -0.0982333075831142
3.675663404700058 -0.11081459935820781
3.7384952577718535 -0.12318981413242946
3.8013271108436495 -0.135327629663293
3.8641589639154454 -0.1471945401529173
3.9269908169872414 -0.15875472731527862
3.989822670059038 -0.16996996708178636
4.052654523130833 -0.18079957741656164
4.115486376202629 -0.19120041295749562
4.178318229274425 -0.20112691231572138
4.241150082346222 -0.2105312038159828
4.303981935418017 -0.2193632752046172
4.366813788489813 -0.22757121235307456
4.429645641561608 -0.23510151121000536
4.4924774946334045 -0.24189946617808963
4.5553093477052 -0.24790963669773428
4.618141200776996 -0.25307639210732763
4.680973053848792 -0.25734453283497943
4.743804906920587 -0.2606599836955573
4.806636759992383 -0.26297055257688584
4.869468613064179 -0.2642267451796075
4.932300466135976 -0.2643826238262803
4.995132319207771 -0.26339669579366626
5.057964172279567 -0.2612328142763235
5.120796025351362 -0.2578610730922731
5.183627878423159 -0.2532586747207492
5.246459731494955 -0.24741075033175738
5.3092915845667505 -0.24031111021731347
5.372123437638546 -0.23196290352241214
5.434955290710342 -0.22237916741861113
5.497787143782137 -0.21158324784089927
5.560618996853934 -0.1996090765531619
5.62345084992573 -0.18650129251468453
5.686282702997525 -0.1723151991545053
5.749114556069321 -0.157116553066554
5.811946409141116 -0.14098118365286624
5.874778262212914 -0.12399444720600156
5.937610115284709 -0.10625052269293851
6.000441968356505 -0.08785155996479173
6.0632738214283 -0.06890669418533502
6.126105674500097 -0.049530942895801566
6.188937527571893 -0.029844004294951067
6.2517693806436885 -0.009968977019030637