0.031415926535897934 0.00502517314004233
0.0942477796076938 0.015056183352056895
0.15707963267948966 0.02502925620732711
0.21991148575128552 0.03490600268568063
0.2827433388230814 0.044648386638466916
0.34557519189487723 0.05421886404032145
0.4084070449666731 0.06358052037409856
0.47123889803846897 0.07269720565715156
0.5340707511102649 0.08153366664607788
0.5969026041820606 0.09005567579001925
0.6597344572538566 0.09823015653834921
0.7225663103256523 0.10602530464567965
0.7853981633974483 0.11341070515414069
0.8482300164692442 0.12035744476835115
0.91106186954104 0.12683821937103792
0.9738937226128359 0.13282743645556652
1.0367255756846319 0.13830131227460501
1.0995574287564276 0.14323796352084214
1.1623892818282235 0.14761749336545577
1.2252211349000193 0.15142207168251023
1.2880529879718152 0.15463600928257298
1.350884841043611 0.1572458259668462
1.413716694115407 0.15924031219459497
1.4765485471872026 0.16061058413250623
1.5393804002589986 0.16135013182606867
1.6022122533307945 0.16145486020158387
1.6650441064025903 0.16092312257473787
1.7278759594743862 0.15975574630969458
1.7907078125461822 0.1579560502434501
1.853539665617978 0.15552985346584589
1.9163715186897736 0.15248547502826443
1.9792033717615696 0.14883372414567667
2.0420352248333655 0.14458788045924614
2.104867077905162 0.13976366394176806
2.1676989309769574 0.1343791940571648
2.230530784048753 0.12845493782904874
2.2933626371205493 0.1220136465325145
2.356194490192345 0.11508028079787824
2.4190263432641403 0.1076819240045738
2.4818581963359367 0.09984768394682943
2.5446900494077322 0.09160858286852935
2.607521902479528 0.08299743609077617
2.670353755551324 0.07404871958957658
2.7331856086231197 0.06479842701984442
2.796017461694916 0.05528391682231517
2.8588493147667116 0.04554375018853289
2.9216811678385075 0.035617520792194476
2.9845130209103035 0.02554567731931945
3.047344873982099 0.01536933994147849
3.1101767270538954 0.005130111972553292
3.173008580125691 -0.005130111972553292
3.2358404331974873 -0.01536933994147849
3.2986722862692828 -0.02554567731931945
3.3615041393410787 -0.035617520792194476
3.4243359924128747 -0.04554375018853289
3.48716784548467 -0.05528391682231517
3.549999698556466 -0.06479842701984427
3.612831551628262 -0.07404871958957658
3.675663404700058 -0.08299743609077617
3.7384952577718535 -0.09160858286852935
3.8013271108436495 -0.09984768394682943
3.8641589639154454 -0.10768192400457374
3.9269908169872414 -0.11508028079787824
3.989822670059038 -0.12201364653251462
4.052654523130833 -0.12845493782904874
4.115486376202629 -0.1343791940571648
4.178318229274425 -0.1397636639417681
4.241150082346222 -0.14458788045924614
4.303981935418017 -0.14883372414567667
4.366813788489813 -0.15248547502826443
4.429645641561608 -0.15552985346584589
4.4924774946334045 -0.1579560502434501
4.5553093477052 -0.15975574630969458
4.618141200776996 -0.16092312257473798
4.680973053848792 -0.16145486020158387
4.743804906920587 -0.16135013182606872
4.806636759992383 -0.16061058413250642
4.869468613064179 -0.15924031219459497
4.932300466135976 -0.15724582596684622
4.995132319207771 -0.15463600928257298
5.057964172279567 -0.15142207168251015
5.120796025351362 -0.14761749336545565
5.183627878423159 -0.14323796352084214
5.246459731494955 -0.13830131227460496
5.3092915845667505 -0.13282743645556652
5.372123437638546 -0.12683821937103792
5.434955290710342 -0.12035744476835128
5.497787143782137 -0.11341070515414085
5.560618996853934 -0.10602530464567955
5.62345084992573 -0.09823015653834921
5.686282702997525 -0.09005567579001925
5.749114556069321 -0.08153366664607788
5.811946409141116 -0.07269720565715167
5.874778262212914 -0.06358052037409856
5.937610115284709 -0.05421886404032145
6.000441968356505 -0.044648386638466916
6.0632738214283 -0.03490600268568072
6.126105674500097 -0.02502925620732711
6.188937527571893 -0.015056183352056895
6.2517693806436885 -0.00502517314004233