0.031415926535897934 0.002926517887570583
0.0942477796076938 0.008768152391810221
0.15707963267948966 0.014575626104352634
0.21991148575128552 0.020326308416094164
0.2827433388230814 0.02599778306706072
0.34557519189487723 0.03156793283088056
0.4084070449666731 0.03701502315018965
0.47123889803846897 0.04231778443177694
0.5340707511102649 0.047455492716378236
0.5969026041820606 0.05240804844515823
0.6597344572538566 0.05715605305288439
0.7225663103256523 0.06168088312645645
0.7853981633974483 0.06596476187655106
0.8482300164692442 0.06999082767954946
0.91106186954104 0.0737431994564032
0.9738937226128359 0.07720703866454891
1.0367255756846319 0.08036860768823695
1.0995574287564276 0.08321532442163286
1.1623892818282235 0.0857358128476984
1.2252211349000193 0.08791994942417541
1.2880529879718152 0.08975890509599706
1.350884841043611 0.09124518276124159
1.413716694115407 0.09237265002542012
1.4765485471872026 0.09313656708667466
1.5393804002589986 0.09353360960250573
1.6022122533307945 0.09356188639725417
1.6650441064025903 0.09322095187893992
1.7278759594743862 0.09251181304453504
1.7907078125461822 0.09143693096457284
1.853539665617978 0.09000021665145598
1.9163715186897736 0.08820702123117656
1.9792033717615696 0.08606412035561836
2.0420352248333655 0.08357969281235754
2.104867077905162 0.08076329331102933
2.1676989309769574 0.07762581944995586
2.230530784048753 0.07417947289380472
2.2933626371205493 0.07043771482249925
2.356194490192345 0.06641521574323674
2.4190263432641403 0.0621277997910645
2.4818581963359367 0.05759238367864837
2.5446900494077322 0.05282691049227673
2.607521902479528 0.0478502785682594
2.670353755551324 0.04268226572120517
2.7331856086231197 0.03734344913258763
2.796017461694916 0.031855121243946974
2.8588493147667116 0.02623920203338408
2.9216811678385075 0.0205181480860694
2.9845130209103035 0.01471485889870498
3.047344873982099 0.008852580883671817
3.1101767270538954 0.0029548095604673475
3.173008580125691 -0.0029548095604673475
3.2358404331974873 -0.008852580883671817
3.2986722862692828 -0.01471485889870498
3.3615041393410787 -0.0205181480860694
3.4243359924128747 -0.02623920203338408
3.48716784548467 -0.031855121243946974
3.549999698556466 -0.037343449132587636
3.612831551628262 -0.04268226572120517
3.675663404700058 -0.0478502785682594
3.7384952577718535 -0.05282691049227666
3.8013271108436495 -0.05759238367864837
3.8641589639154454 -0.0621277997910645
3.9269908169872414 -0.06641521574323674
3.989822670059038 -0.07043771482249932
4.052654523130833 -0.07417947289380472
4.115486376202629 -0.07762581944995586
4.178318229274425 -0.08076329331102933
4.241150082346222 -0.08357969281235746
4.303981935418017 -0.0860641203556184
4.366813788489813 -0.08820702123117656
4.429645641561608 -0.09000021665145591
4.4924774946334045 -0.09143693096457284
4.5553093477052 -0.09251181304453504
4.618141200776996 -0.09322095187893992
4.680973053848792 -0.0935618863972543
4.743804906920587 -0.09353360960250573
4.806636759992383 -0.09313656708667466
4.869468613064179 -0.09237265002542012
4.932300466135976 -0.09124518276124159
4.995132319207771 -0.08975890509599706
5.057964172279567 -0.08791994942417541
5.120796025351362 -0.08573581284769856
5.183627878423159 -0.08321532442163286
5.246459731494955 -0.08036860768823681
5.3092915845667505 -0.07720703866454891
5.372123437638546 -0.0737431994564032
5.434955290710342 -0.06999082767954946
5.497787143782137 -0.06596476187655106
5.560618996853934 -0.06168088312645639
5.62345084992573 -0.05715605305288439
5.686282702997525 -0.05240804844515823
5.749114556069321 -0.04745549271637837
5.811946409141116 -0.04231778443177694
5.874778262212914 -0.03701502315018965
5.937610115284709 -0.03156793283088056
6.000441968356505 -0.02599778306706072
6.0632738214283 -0.020326308416094223
6.126105674500097 -0.014575626104352634
6.188937527571893 -0.008768152391810221
6.2517693806436885 -0.002926517887570583