0.031415926535897934 0.0083026149968328
0.0942477796076938 0.024880217930312823
0.15707963267948966 0.041375009007413054
0.21991148575128552 0.05773201060226765
0.2827433388230814 0.07389658773785844
0.34557519189487723 0.08981457974708722
0.4084070449666731 0.10543242685501034
0.47123889803846897 0.12069729067581085
0.5340707511102649 0.13555716793117256
0.5969026041820606 0.14996099705760224
0.6597344572538566 0.1638587577670575
0.7225663103256523 0.17720156404490525
0.7853981633974483 0.1899417514978519
0.8482300164692442 0.2020329603876528
0.91106186954104 0.21343021608948637
0.9738937226128359 0.22409000908229434
1.0367255756846319 0.2339703768977861
1.0995574287564276 0.24303099071120685
1.1623892818282235 0.25123324943689573
1.2252211349000193 0.2585403842822641
1.2880529879718152 0.2649175767029597
1.350884841043611 0.27033209257848245
1.413716694115407 0.274753435181349
1.4765485471872026 0.2781535191356603
1.5393804002589986 0.28050686704628386
1.6022122533307945 0.2817908298242949
1.6650441064025903 0.28198583093795687
1.7278759594743862 0.28107563388611306
1.7907078125461822 0.27904763113286674
1.853539665617978 0.27589315157616273
1.9163715186897736 0.2716077823734496
1.9792033717615696 0.26619169964885425
2.0420352248333655 0.2596500013011037
2.104867077905162 0.2519930338717939
2.1676989309769574 0.24323670427965802
2.230530784048753 0.23340276624506157
2.2933626371205493 0.22251907049074626
2.356194490192345 0.2106197673810425
2.4190263432641403 0.19774545061933563
2.4818581963359367 0.18394323102014587
2.5446900494077322 0.16926673025032174
2.607521902479528 0.1537759858154836
2.670353755551324 0.13753726044924042
2.7331856086231197 0.1206227514106038
2.796017461694916 0.10311019794474724
2.8588493147667116 0.08508238821795822
2.9216811678385075 0.06662657027533614
2.9845130209103035 0.047833774843176136
3.047344873982099 0.028798060946625566
3.1101767270538954 0.009615698173108587
3.173008580125691 -0.009615698173108587
3.2358404331974873 -0.028798060946625566
3.2986722862692828 -0.047833774843176136
3.3615041393410787 -0.06662657027533614
3.4243359924128747 -0.08508238821795822
3.48716784548467 -0.10311019794474724
3.549999698556466 -0.12062275141060373
3.612831551628262 -0.13753726044924042
3.675663404700058 -0.1537759858154836
3.7384952577718535 -0.16926673025032163
3.8013271108436495 -0.18394323102014587
3.8641589639154454 -0.19774545061933557
3.9269908169872414 -0.2106197673810425
3.989822670059038 -0.22251907049074643
4.052654523130833 -0.23340276624506157
4.115486376202629 -0.24323670427965802
4.178318229274425 -0.2519930338717939
4.241150082346222 -0.25965000130110394
4.303981935418017 -0.2661916996488543
4.366813788489813 -0.2716077823734496
4.429645641561608 -0.2758931515761626
4.4924774946334045 -0.2790476311328668
4.5553093477052 -0.28107563388611306
4.618141200776996 -0.28198583093795687
4.680973053848792 -0.2817908298242947
4.743804906920587 -0.28050686704628386
4.806636759992383 -0.2781535191356604
4.869468613064179 -0.274753435181349
4.932300466135976 -0.27033209257848245
4.995132319207771 -0.2649175767029597
5.057964172279567 -0.2585403842822642
5.120796025351362 -0.25123324943689584
5.183627878423159 -0.24303099071120685
5.246459731494955 -0.233970376897786
5.3092915845667505 -0.22409000908229434
5.372123437638546 -0.21343021608948637
5.434955290710342 -0.20203296038765287
5.497787143782137 -0.18994175149785203
5.560618996853934 -0.17720156404490528
5.62345084992573 -0.1638587577670575
5.686282702997525 -0.14996099705760224
5.749114556069321 -0.13555716793117262
5.811946409141116 -0.12069729067581102
5.874778262212914 -0.10543242685501025
5.937610115284709 -0.08981457974708722
6.000441968356505 -0.07389658773785844
6.0632738214283 -0.0577320106022677
6.126105674500097 -0.041375009007413054
6.188937527571893 -0.024880217930312823
6.2517693806436885 -0.0083026149968328