0.031415926535897934 0.007424625489682145
0.0942477796076938 0.02222906184791253
0.15707963267948966 0.03689954140732852
0.21991148575128552 0.05134837370608684
0.2827433388230814 0.06549025648736512
0.34557519189487723 0.07924316614754368
0.4084070449666731 0.09252918557368786
0.47123889803846897 0.10527525456609864
0.5340707511102649 0.1174138301991234
0.5969026041820606 0.12888344694463552
0.6597344572538566 0.13962916907880626
0.7225663103256523 0.14960293071829864
0.7853981633974483 0.15876376168833006
0.8482300164692442 0.1670779002152146
0.91106186954104 0.17451879606881796
0.9738937226128359 0.1810670101743156
1.0367255756846319 0.18671001879937382
1.0995574287564276 0.1914419321496562
1.1623892818282235 0.19526313853720131
1.2252211349000193 0.19817988620559862
1.2880529879718152 0.20020381540371263
1.350884841043611 0.20135145341315042
1.413716694115407 0.20164368498530394
1.4765485471872026 0.2011052100747549
1.5393804002589986 0.19976399991874338
1.6022122533307945 0.19765076146398847
1.6650441064025903 0.19479841894108244
1.7278759594743862 0.1912416200905072
1.7907078125461822 0.18701627320704883
1.853539665617978 0.18215911983938232
1.9163715186897736 0.17670734670021307
1.9792033717615696 0.17069823914311993
2.0420352248333655 0.16416887747045936
2.104867077905162 0.1571558763697499
2.1676989309769574 0.14969516694374838
2.230530784048753 0.14182182010527003
2.2933626371205493 0.13356990954934678
2.356194490192345 0.12497241208568904
2.4190263432641403 0.11606114280328299
2.4818581963359367 0.1068667223335486
2.5446900494077322 0.09741857336455349
2.607521902479528 0.08774494352139092
2.670353755551324 0.077872951752018
2.7331856086231197 0.06782865542918219
2.796017461694916 0.05763713548396432
2.8588493147667116 0.04732259701257241
2.9216811678385075 0.03690848293424892
2.9845130209103035 0.026417598414889585
3.047344873982099 0.01587224389996744
3.1101767270538954 0.0052943547148536045
3.173008580125691 -0.0052943547148536045
3.2358404331974873 -0.01587224389996744
3.2986722862692828 -0.026417598414889585
3.3615041393410787 -0.03690848293424892
3.4243359924128747 -0.04732259701257241
3.48716784548467 -0.05763713548396432
3.549999698556466 -0.06782865542918214
3.612831551628262 -0.077872951752018
3.675663404700058 -0.08774494352139092
3.7384952577718535 -0.09741857336455348
3.8013271108436495 -0.1068667223335486
3.8641589639154454 -0.11606114280328286
3.9269908169872414 -0.12497241208568904
3.989822670059038 -0.13356990954934683
4.052654523130833 -0.14182182010527003
4.115486376202629 -0.14969516694374838
4.178318229274425 -0.15715587636974998
4.241150082346222 -0.16416887747045952
4.303981935418017 -0.17069823914312002
4.366813788489813 -0.17670734670021307
4.429645641561608 -0.1821591198393822
4.4924774946334045 -0.187016273207049
4.5553093477052 -0.1912416200905072
4.618141200776996 -0.19479841894108266
4.680973053848792 -0.19765076146398847
4.743804906920587 -0.19976399991874325
4.806636759992383 -0.201105210074755
4.869468613064179 -0.20164368498530394
4.932300466135976 -0.2013514534131504
4.995132319207771 -0.2002038154037126
5.057964172279567 -0.1981798862055986
5.120796025351362 -0.19526313853720131
5.183627878423159 -0.1914419321496562
5.246459731494955 -0.18671001879937382
5.3092915845667505 -0.1810670101743156
5.372123437638546 -0.17451879606881796
5.434955290710342 -0.16707790021521468
5.497787143782137 -0.1587637616883301
5.560618996853934 -0.1496029307182986
5.62345084992573 -0.13962916907880626
5.686282702997525 -0.12888344694463552
5.749114556069321 -0.1174138301991235
5.811946409141116 -0.10527525456609882
5.874778262212914 -0.09252918557368785
5.937610115284709 -0.07924316614754368
6.000441968356505 -0.06549025648736512
6.0632738214283 -0.0513483737060869
6.126105674500097 -0.03689954140732852
6.188937527571893 -0.022229061847912304
6.2517693806436885 -0.007424625489682145