0.031415926535897934 0.009520156448776962
0.0942477796076938 0.028415234234046908
0.15707963267948966 0.0468799970254118
0.21991148575128552 0.06464515677857806
0.2827433388230814 0.08146652436559006
0.34557519189487723 0.09713262927122045
0.4084070449666731 0.11147024029258445
0.47123889803846897 0.12434758778058833
0.5340707511102649 0.13567530031639316
0.5969026041820606 0.14540525423796094
0.6597344572538566 0.15352767397256323
0.7225663103256523 0.16006690543288216
0.7853981633974483 0.16507631409419124
0.8482300164692442 0.16863274154779564
0.91106186954104 0.17083090156931544
0.9738937226128359 0.17177802278172286
1.0367255756846319 0.171588962626729
1.0995574287564276 0.17038193689215714
1.1623892818282235 0.16827493763142873
1.2252211349000193 0.16538285399179753
1.2880529879718152 0.16181526665037896
1.350884841043611 0.15767485671977904
1.413716694115407 0.15305635239006973
1.4765485471872026 0.1480459288826894
1.5393804002589986 0.14272097703130132
1.6022122533307945 0.13715016067333807
1.6650441064025903 0.13139369107463342
1.7278759594743862 0.12550375626691673
1.7907078125461822 0.11952505330671562
1.853539665617978 0.11349538127594691
1.9163715186897736 0.10744626184589728
1.9792033717615696 0.1014035621515725
2.0420352248333655 0.09538810147167423
2.104867077905162 0.08941622879182805
2.1676989309769574 0.08350036282621223
2.230530784048753 0.07764948960486927
2.2933626371205493 0.07186961543631126
2.356194490192345 0.06616417506426554
2.4190263432641403 0.060534396282152465
2.4818581963359367 0.054979623264633584
2.5446900494077322 0.04949760152232243
2.607521902479528 0.044084727767965175
2.670353755551324 0.03873626816959908
2.7331856086231197 0.03344654851463662
2.796017461694916 0.02820911976316392
2.8588493147667116 0.0230169023639031
2.9216811678385075 0.01786231256911402
2.9845130209103035 0.01273737383558409
3.047344873982099 0.007633816252922889
3.1101767270538954 0.002543166808774859
3.173008580125691 -0.002543166808774859
3.2358404331974873 -0.007633816252922889
3.2986722862692828 -0.01273737383558409
3.3615041393410787 -0.01786231256911402
3.4243359924128747 -0.0230169023639031
3.48716784548467 -0.02820911976316392
3.549999698556466 -0.03344654851463662
3.612831551628262 -0.03873626816959908
3.675663404700058 -0.044084727767965175
3.7384952577718535 -0.04949760152232243
3.8013271108436495 -0.054979623264633584
3.8641589639154454 -0.060534396282152354
3.9269908169872414 -0.06616417506426554
3.989822670059038 -0.07186961543631144
4.052654523130833 -0.07764948960486927
4.115486376202629 -0.08350036282621223
4.178318229274425 -0.08941622879182809
4.241150082346222 -0.09538810147167423
4.303981935418017 -0.1014035621515725
4.366813788489813 -0.10744626184589728
4.429645641561608 -0.11349538127594691
4.4924774946334045 -0.11952505330671576
4.5553093477052 -0.12550375626691673
4.618141200776996 -0.13139369107463342
4.680973053848792 -0.13715016067333816
4.743804906920587 -0.14272097703130135
4.806636759992383 -0.14804592888268944
4.869468613064179 -0.15305635239006973
4.932300466135976 -0.15767485671977904
4.995132319207771 -0.16181526665037893
5.057964172279567 -0.16538285399179753
5.120796025351362 -0.16827493763142848
5.183627878423159 -0.17038193689215714
5.246459731494955 -0.17158896262672907
5.3092915845667505 -0.17177802278172286
5.372123437638546 -0.17083090156931544
5.434955290710342 -0.16863274154779564
5.497787143782137 -0.1650763140941912
5.560618996853934 -0.16006690543288207
5.62345084992573 -0.15352767397256323
5.686282702997525 -0.14540525423796094
5.749114556069321 -0.13567530031639316
5.811946409141116 -0.12434758778058848
5.874778262212914 -0.11147024029258444
5.937610115284709 -0.09713262927122045
6.000441968356505 -0.08146652436559006
6.0632738214283 -0.06464515677857813
6.126105674500097 -0.0468799970254118
6.188937527571893 -0.028415234234046908
6.2517693806436885 -0.009520156448776962