0.031415926535897934 0.006340601583603667
0.0942477796076938 0.018976505554094657
0.15707963267948966 0.0314771388608653
0.21991148575128552 0.043754395799995544
0.2827433388230814 0.05572323071995064
0.34557519189487723 0.06730277971739314
0.4084070449666731 0.07841738410618491
0.47123889803846897 0.08899749327478337
0.5340707511102649 0.09898042850527404
0.5969026041820606 0.1083109938382054
0.6597344572538566 0.11694192494951366
0.7225663103256523 0.12483417205990381
0.7853981633974483 0.13195701791576978
0.8482300164692442 0.13828803665954412
0.91106186954104 0.14381290375608008
0.9738937226128359 0.1485250708956353
1.0367255756846319 0.15242532282386964
1.0995574287564276 0.1555212352680317
1.1623892818282235 0.15782655449567146
1.2252211349000193 0.15936051956398578
1.2880529879718152 0.16014714804398225
1.350884841043611 0.16021450502088977
1.413716694115407 0.15959397359597366
1.4765485471872026 0.15831954307887602
1.5393804002589986 0.15642712870566924
1.6022122533307945 0.15395393418620462
1.6650441064025903 0.15093786580537968
1.7278759594743862 0.14741700429058696
1.7907078125461822 0.1434291383051991
1.853539665617978 0.13901136130612762
1.9163715186897736 0.13419973165996008
1.9792033717615696 0.12902899437314438
2.0420352248333655 0.12353236156434273
2.104867077905162 0.11774134788298365
2.1676989309769574 0.11168565643657288
2.230530784048753 0.10539311040142667
2.2933626371205493 0.09888962532279308
2.356194490192345 0.09219921712416969
2.4190263432641403 0.08534404100524523
2.4818581963359367 0.07834445667832794
2.5446900494077322 0.0712191157422968
2.607521902479528 0.0639850673927156
2.670353755551324 0.056657879092521804
2.7331856086231197 0.04925176925945488
2.796017461694916 0.04177974944786508
2.8588493147667116 0.034253773900999304
2.9216811678385075 0.026684894715621174
2.9845130209103035 0.01908342118684874
3.047344873982099 0.011459082182352804
3.1101767270538954 0.0038211906282304073
3.173008580125691 -0.0038211906282304073
3.2358404331974873 -0.011459082182352804
3.2986722862692828 -0.01908342118684874
3.3615041393410787 -0.026684894715621174
3.4243359924128747 -0.034253773900999304
3.48716784548467 -0.04177974944786508
3.549999698556466 -0.04925176925945475
3.612831551628262 -0.056657879092521804
3.675663404700058 -0.0639850673927156
3.7384952577718535 -0.0712191157422968
3.8013271108436495 -0.07834445667832794
3.8641589639154454 -0.08534404100524512
3.9269908169872414 -0.09219921712416969
3.989822670059038 -0.09888962532279325
4.052654523130833 -0.10539311040142667
4.115486376202629 -0.11168565643657288
4.178318229274425 -0.11774134788298388
4.241150082346222 -0.12353236156434293
4.303981935418017 -0.12902899437314438
4.366813788489813 -0.13419973165996008
4.429645641561608 -0.13901136130612748
4.4924774946334045 -0.14342913830519913
4.5553093477052 -0.14741700429058696
4.618141200776996 -0.15093786580537968
4.680973053848792 -0.15395393418620457
4.743804906920587 -0.15642712870566924
4.806636759992383 -0.15831954307887608
4.869468613064179 -0.15959397359597366
4.932300466135976 -0.16021450502088977
4.995132319207771 -0.16014714804398225
5.057964172279567 -0.1593605195639859
5.120796025351362 -0.1578265544956714
5.183627878423159 -0.1555212352680317
5.246459731494955 -0.15242532282386956
5.3092915845667505 -0.1485250708956353
5.372123437638546 -0.14381290375608008
5.434955290710342 -0.13828803665954423
5.497787143782137 -0.13195701791576983
5.560618996853934 -0.12483417205990369
5.62345084992573 -0.11694192494951366
5.686282702997525 -0.1083109938382054
5.749114556069321 -0.09898042850527417
5.811946409141116 -0.0889974932747835
5.874778262212914 -0.07841738410618482
5.937610115284709 -0.06730277971739314
6.000441968356505 -0.05572323071995064
6.0632738214283 -0.043754395799995544
6.126105674500097 -0.0314771388608653
6.188937527571893 -0.01897650555409457
6.2517693806436885 -0.006340601583603667