0.031415926535897934 0.009114699970657097
0.0942477796076938 0.027306601363255176
0.15707963267948966 0.045386190588945184
0.21991148575128552 0.06327920275393942
0.2827433388230814 0.08091228183361632
0.34557519189487723 0.09821333244697941
0.4084070449666731 0.11511186018149382
0.47123889803846897 0.13153929764603337
0.5340707511102649 0.14742931374403598
0.5969026041820606 0.16271810401955103
0.6597344572538566 0.17734466032320692
0.7225663103256523 0.19125101845993348
0.7853981633974483 0.2043824829019421
0.8482300164692442 0.21668782806568032
0.91106186954104 0.2281194760476812
0.9738937226128359 0.23863365108011056
1.0367255756846319 0.24819051129264907
1.0995574287564276 0.25675425864529267
1.1623892818282235 0.26429322812094963
1.2252211349000193 0.270779957433738
1.2880529879718152 0.2761912386172099
1.350884841043611 0.28050815290697
1.413716694115407 0.2837160903269295
1.4765485471872026 0.2858047553320026
1.5393804002589986 0.28676815975826997
1.6022122533307945 0.2866046041914851
1.6650441064025903 0.28531664869422846
1.7278759594743862 0.2829110736396305
1.7907078125461822 0.27939883119426
1.853539665617978 0.2747949877835105
1.9163715186897736 0.2691186576683582
1.9792033717615696 0.2623929275710108
2.0420352248333655 0.25464477211633685
2.104867077905162 0.24590495971273996
2.1676989309769574 0.23620794838602013
2.230530784048753 0.22559177100708286
2.2933626371205493 0.21409790932226963
2.356194490192345 0.2017711562051406
2.4190263432641403 0.1886594656009557
2.4818581963359367 0.17481378972848743
2.5446900494077322 0.16028790323535655
2.607521902479528 0.14513821416859496
2.670353755551324 0.1294235618161838
2.7331856086231197 0.11320500169127583
2.796017461694916 0.0965455781613162
2.8588493147667116 0.07951008546124246
2.9216811678385075 0.06216481806498823
2.9845130209103035 0.04457731161422914
3.047344873982099 0.026816075809554498
3.1101767270538954 0.008950320849497713
3.173008580125691 -0.008950320849497713
3.2358404331974873 -0.026816075809554498
3.2986722862692828 -0.04457731161422914
3.3615041393410787 -0.06216481806498823
3.4243359924128747 -0.07951008546124246
3.48716784548467 -0.0965455781613162
3.549999698556466 -0.11320500169127563
3.612831551628262 -0.1294235618161838
3.675663404700058 -0.14513821416859496
3.7384952577718535 -0.16028790323535647
3.8013271108436495 -0.17481378972848743
3.8641589639154454 -0.1886594656009557
3.9269908169872414 -0.2017711562051406
3.989822670059038 -0.21409790932226994
4.052654523130833 -0.22559177100708286
4.115486376202629 -0.23620794838602013
4.178318229274425 -0.24590495971274012
4.241150082346222 -0.2546447721163369
4.303981935418017 -0.2623929275710109
4.366813788489813 -0.2691186576683582
4.429645641561608 -0.2747949877835106
4.4924774946334045 -0.2793988311942599
4.5553093477052 -0.2829110736396305
4.618141200776996 -0.2853166486942285
4.680973053848792 -0.2866046041914851
4.743804906920587 -0.28676815975826997
4.806636759992383 -0.2858047553320025
4.869468613064179 -0.2837160903269295
4.932300466135976 -0.28050815290697007
4.995132319207771 -0.2761912386172099
5.057964172279567 -0.27077995743373806
5.120796025351362 -0.26429322812094963
5.183627878423159 -0.25675425864529267
5.246459731494955 -0.24819051129264902
5.3092915845667505 -0.23863365108011056
5.372123437638546 -0.2281194760476812
5.434955290710342 -0.2166878280656805
5.497787143782137 -0.20438248290194225
5.560618996853934 -0.19125101845993336
5.62345084992573 -0.17734466032320692
5.686282702997525 -0.16271810401955103
5.749114556069321 -0.14742931374403614
5.811946409141116 -0.13153929764603373
5.874778262212914 -0.11511186018149372
5.937610115284709 -0.09821333244697941
6.000441968356505 -0.08091228183361632
6.0632738214283 -0.06327920275393958
6.126105674500097 -0.045386190588945184
6.188937527571893 -0.02730660136325501
6.2517693806436885 -0.009114699970657097