0.031415926535897934 0.003000529020960747
0.0942477796076938 0.008992275815657827
0.15707963267948966 0.014956095744045533
0.21991148575128552 0.020873393977486027
0.2827433388230814 0.02672561088840119
0.34557519189487723 0.032494237294865023
0.4084070449666731 0.03816083088936926
0.47123889803846897 0.04370703421756002
0.5340707511102649 0.04911459459141748
0.5969026041820606 0.05436538634199809
0.6597344572538566 0.0594414358382008
0.7225663103256523 0.06432494971852024
0.7853981633974483 0.06899834680061596
0.8482300164692442 0.07344429414679557
0.91106186954104 0.0776457477699489
0.9738937226128359 0.08158599846170876
1.0367255756846319 0.08524872321011695
1.0995574287564276 0.08861804264519041
1.1623892818282235 0.09167858490487862
1.2252211349000193 0.09441555624832978
1.2880529879718152 0.09681481865573416
1.350884841043611 0.09886297454210137
1.413716694115407 0.10054745857447672
1.4765485471872026 0.1018566364172209
1.5393804002589986 0.10277991003781331
1.6022122533307945 0.10330782898697365
1.6650441064025903 0.10343220682373117
1.7278759594743862 0.10314624159185992
1.7907078125461822 0.10244463897389655
1.853539665617978 0.10132373645954998
1.9163715186897736 0.09978162657528492
1.9792033717615696 0.09781827694152577
2.0420352248333655 0.09543564466523136
2.104867077905162 0.09263778235174411
2.1676989309769574 0.08943093284496516
2.230530784048753 0.08582360969341105
2.2933626371205493 0.08182666030557302
2.356194490192345 0.07745330881383215
2.4190263432641403 0.07271917582243338
2.4818581963359367 0.06764227247890214
2.5446900494077322 0.06224296668284113
2.607521902479528 0.056543919729494796
2.670353755551324 0.05056999227037909
2.7331856086231197 0.04434811914652537
2.796017461694916 0.03790715339252868
2.8588493147667116 0.03127768049742405
2.9216811678385075 0.024491804812880817
2.9845130209103035 0.01758291078865378
3.047344873982099 0.010585402456573327
3.1101767270538954 0.0035344252449672924
3.173008580125691 -0.0035344252449672924
3.2358404331974873 -0.010585402456573327
3.2986722862692828 -0.01758291078865378
3.3615041393410787 -0.024491804812880817
3.4243359924128747 -0.03127768049742405
3.48716784548467 -0.03790715339252868
3.549999698556466 -0.04434811914652537
3.612831551628262 -0.05056999227037909
3.675663404700058 -0.056543919729494796
3.7384952577718535 -0.062242966682840926
3.8013271108436495 -0.06764227247890214
3.8641589639154454 -0.07271917582243338
3.9269908169872414 -0.07745330881383215
3.989822670059038 -0.08182666030557319
4.052654523130833 -0.08582360969341105
4.115486376202629 -0.08943093284496516
4.178318229274425 -0.09263778235174419
4.241150082346222 -0.0954356446652312
4.303981935418017 -0.09781827694152577
4.366813788489813 -0.09978162657528492
4.429645641561608 -0.10132373645954998
4.4924774946334045 -0.10244463897389655
4.5553093477052 -0.10314624159185992
4.618141200776996 -0.10343220682373117
4.680973053848792 -0.10330782898697376
4.743804906920587 -0.10277991003781352
4.806636759992383 -0.10185663641722092
4.869468613064179 -0.10054745857447672
4.932300466135976 -0.09886297454210123
4.995132319207771 -0.09681481865573426
5.057964172279567 -0.09441555624832978
5.120796025351362 -0.0916785849048787
5.183627878423159 -0.08861804264519041
5.246459731494955 -0.08524872321011685
5.3092915845667505 -0.08158599846170876
5.372123437638546 -0.0776457477699489
5.434955290710342 -0.07344429414679558
5.497787143782137 -0.06899834680061608
5.560618996853934 -0.06432494971852024
5.62345084992573 -0.0594414358382008
5.686282702997525 -0.05436538634199809
5.749114556069321 -0.04911459459141756
5.811946409141116 -0.043707034217560115
5.874778262212914 -0.038160830889369245
5.937610115284709 -0.032494237294865023
6.000441968356505 -0.02672561088840119
6.0632738214283 -0.020873393977486117
6.126105674500097 -0.014956095744045533
6.188937527571893 -0.008992275815657827
6.2517693806436885 -0.003000529020960747