0.031415926535897934 0.0071901477395009215
0.0942477796076938 0.02154964414725887
0.15707963267948966 0.035846761346190886
0.21991148575128552 0.05003997280640579
0.2827433388230814 0.06408784001643439
0.34557519189487723 0.07794904500333258
0.4084070449666731 0.09158242040566884
0.47123889803846897 0.1049469767376685
0.5340707511102649 0.11800192672616293
0.5969026041820606 0.13070670688889227
0.6597344572538566 0.14302099684711772
0.7225663103256523 0.15490473722046139
0.7853981633974483 0.16631814732962913
0.8482300164692442 0.17722174432451204
0.91106186954104 0.18757636575151843
0.9738937226128359 0.19734319796426206
1.0367255756846319 0.20648381315413553
1.0995574287564276 0.21496021811870522
1.1623892818282235 0.22273491818157473
1.2252211349000193 0.22977099991092967
1.2880529879718152 0.23603223643706348
1.350884841043611 0.24148321922148594
1.413716694115407 0.24608952005968057
1.4765485471872026 0.24981788688262685
1.5393804002589986 0.2526364765345498
1.6022122533307945 0.254515127121955
1.6650441064025903 0.2554256717296068
1.7278759594743862 0.25534229426424215
1.7907078125461822 0.2542419269043316
1.853539665617978 0.2521046871011597
1.9163715186897736 0.24891435030252682
1.9792033717615696 0.2446588525810705
2.0420352248333655 0.23933081518936464
2.104867077905162 0.232928080800287
2.1676989309769574 0.22545424891387397
2.230530784048753 0.21691919573463472
2.2933626371205493 0.2073395618809991
2.356194490192345 0.19673918973244817
2.4190263432641403 0.18514949120963184
2.4818581963359367 0.17260972647576947
2.5446900494077322 0.15916717458531457
2.607521902479528 0.14487717859863938
2.670353755551324 0.12980305019291674
2.7331856086231197 0.11401582233170683
2.796017461694916 0.09759384303883611
2.8588493147667116 0.08062220860746126
2.9216811678385075 0.06319204043703545
2.9845130209103035 0.04539961583566671
3.047344873982099 0.02734536920912225
3.1101767270538954 0.009132785711204898
3.173008580125691 -0.009132785711204898
3.2358404331974873 -0.02734536920912225
3.2986722862692828 -0.04539961583566671
3.3615041393410787 -0.06319204043703545
3.4243359924128747 -0.08062220860746126
3.48716784548467 -0.09759384303883611
3.549999698556466 -0.11401582233170676
3.612831551628262 -0.12980305019291674
3.675663404700058 -0.14487717859863938
3.7384952577718535 -0.1591671745853145
3.8013271108436495 -0.17260972647576947
3.8641589639154454 -0.18514949120963178
3.9269908169872414 -0.19673918973244817
3.989822670059038 -0.20733956188099925
4.052654523130833 -0.21691919573463472
4.115486376202629 -0.22545424891387397
4.178318229274425 -0.23292808080028704
4.241150082346222 -0.23933081518936472
4.303981935418017 -0.24465885258107054
4.366813788489813 -0.24891435030252682
4.429645641561608 -0.2521046871011597
4.4924774946334045 -0.2542419269043316
4.5553093477052 -0.25534229426424215
4.618141200776996 -0.2554256717296068
4.680973053848792 -0.2545151271219551
4.743804906920587 -0.2526364765345499
4.806636759992383 -0.24981788688262707
4.869468613064179 -0.24608952005968057
4.932300466135976 -0.24148321922148594
4.995132319207771 -0.2360322364370635
5.057964172279567 -0.22977099991092975
5.120796025351362 -0.22273491818157473
5.183627878423159 -0.21496021811870522
5.246459731494955 -0.2064838131541354
5.3092915845667505 -0.19734319796426206
5.372123437638546 -0.18757636575151843
5.434955290710342 -0.1772217443245121
5.497787143782137 -0.16631814732962932
5.560618996853934 -0.15490473722046122
5.62345084992573 -0.14302099684711772
5.686282702997525 -0.13070670688889227
5.749114556069321 -0.11800192672616294
5.811946409141116 -0.10494697673766865
5.874778262212914 -0.09158242040566877
5.937610115284709 -0.07794904500333258
6.000441968356505 -0.06408784001643439
6.0632738214283 -0.05003997280640592
6.126105674500097 -0.035846761346190886
6.188937527571893 -0.02154964414725875
6.2517693806436885 -0.0071901477395009215