0.031415926535897934 0.009524251897571626
0.0942477796076938 0.02852773143727226
0.15707963267948966 0.047396436528947504
0.21991148575128552 0.0660415088042555
0.2827433388230814 0.08437556587298774
0.34557519189487723 0.10231327002329176
0.4084070449666731 0.11977187556585978
0.47123889803846897 0.13667174919779757
0.5340707511102649 0.15293685811750365
0.5969026041820606 0.16849522105287176
0.6597344572538566 0.1832793178681195
0.7225663103256523 0.19722645398470368
0.7853981633974483 0.2102790764825273
0.8482300164692442 0.22238503943054036
0.91106186954104 0.23349781672047562
0.9738937226128359 0.243576661431656
1.0367255756846319 0.2525867115246698
1.0995574287564276 0.2604990424321279
1.1623892818282235 0.26729066786977407
1.2252211349000193 0.2729444909146748
1.2880529879718152 0.27744920807330176
1.350884841043611 0.28079916967612284
1.413716694115407 0.2829942004735999
1.4765485471872026 0.28403938476005824
1.5393804002589986 0.2839448207081498
1.6022122533307945 0.28272534885180056
1.6650441064025903 0.28040025980690464
1.7278759594743862 0.2769929863669129
1.7907078125461822 0.27253078505814693
1.853539665617978 0.2670444120930823
1.9163715186897736 0.2605677984272727
1.9792033717615696 0.2531377283171824
2.0420352248333655 0.2447935254035086
2.104867077905162 0.23557674992001693
2.1676989309769574 0.2255309101642666
2.230530784048753 0.21470119087650377
2.2933626371205493 0.20313420066859697
2.356194490192345 0.19087774013734152
2.4190263432641403 0.17798059179587233
2.4818581963359367 0.1644923324719251
2.5446900494077322 0.15046316835953322
2.607521902479528 0.13594379247712993
2.670353755551324 0.12098526388424986
2.7331856086231197 0.10563890764397282
2.796017461694916 0.08995623419068476
2.8588493147667116 0.07398887647331187
2.9216811678385075 0.05778854299281229
2.9845130209103035 0.04140698463865268
3.047344873982099 0.024895973051113823
3.1101767270538954 0.008307288093244453
3.173008580125691 -0.008307288093244453
3.2358404331974873 -0.024895973051113823
3.2986722862692828 -0.04140698463865268
3.3615041393410787 -0.05778854299281229
3.4243359924128747 -0.07398887647331187
3.48716784548467 -0.08995623419068476
3.549999698556466 -0.10563890764397277
3.612831551628262 -0.12098526388424986
3.675663404700058 -0.13594379247712993
3.7384952577718535 -0.15046316835953322
3.8013271108436495 -0.1644923324719251
3.8641589639154454 -0.1779805917958722
3.9269908169872414 -0.19087774013734152
3.989822670059038 -0.20313420066859708
4.052654523130833 -0.21470119087650377
4.115486376202629 -0.2255309101642666
4.178318229274425 -0.23557674992001715
4.241150082346222 -0.2447935254035087
4.303981935418017 -0.25313772831718256
4.366813788489813 -0.2605677984272727
4.429645641561608 -0.2670444120930822
4.4924774946334045 -0.272530785058147
4.5553093477052 -0.2769929863669129
4.618141200776996 -0.28040025980690475
4.680973053848792 -0.28272534885180056
4.743804906920587 -0.2839448207081497
4.806636759992383 -0.28403938476005836
4.869468613064179 -0.2829942004735999
4.932300466135976 -0.2807991696761229
4.995132319207771 -0.27744920807330176
5.057964172279567 -0.2729444909146748
5.120796025351362 -0.2672906678697743
5.183627878423159 -0.2604990424321279
5.246459731494955 -0.2525867115246697
5.3092915845667505 -0.243576661431656
5.372123437638546 -0.23349781672047562
5.434955290710342 -0.22238503943054047
5.497787143782137 -0.21027907648252758
5.560618996853934 -0.1972264539847035
5.62345084992573 -0.1832793178681195
5.686282702997525 -0.16849522105287176
5.749114556069321 -0.15293685811750368
5.811946409141116 -0.13667174919779773
5.874778262212914 -0.11977187556585958
5.937610115284709 -0.10231327002329176
6.000441968356505 -0.08437556587298774
6.0632738214283 -0.06604150880425572
6.126105674500097 -0.047396436528947504
6.188937527571893 -0.02852773143727213
6.2517693806436885 -0.009524251897571626