0.031415926535897934 0.00811060371407433
0.0942477796076938 0.0242777999896373
0.15707963267948966 0.04028364338788325
0.21991148575128552 0.05602281879499696
0.2827433388230814 0.07139333883132101
0.34557519189487723 0.08629777172363158
0.4084070449666731 0.10064436990885764
0.47123889803846897 0.11434807647965818
0.5340707511102649 0.12733139038910216
0.5969026041820606 0.13952507566728206
0.6597344572538566 0.15086870459618124
0.7225663103256523 0.16131102965643834
0.7853981633974483 0.1708101839121038
0.8482300164692442 0.17933371415304628
0.91106186954104 0.1868584553991902
0.9738937226128359 0.19337025913859907
1.0367255756846319 0.19886359080473795
1.0995574287564276 0.20334101441428015
1.1623892818282235 0.20681258394093893
1.2252211349000193 0.20929516188674788
1.2880529879718152 0.2108116856600979
1.350884841043611 0.21139040184155833
1.413716694115407 0.21106408730170156
1.4765485471872026 0.20986927453575663
1.5393804002589986 0.20784549661444457
1.6022122533307945 0.2050345649382449
1.6650441064025903 0.2014798906390987
1.7278759594743862 0.19722585810504858
1.7907078125461822 0.19231725680149772
1.853539665617978 0.18679877540292095
1.9163715186897736 0.18071456028831473
1.9792033717615696 0.17410783873184413
2.0420352248333655 0.16702060565959276
2.104867077905162 0.15949337165170333
2.1676989309769574 0.15156496894155055
2.230530784048753 0.14327241148506079
2.2933626371205493 0.13465080472169527
2.356194490192345 0.12573330039692995
2.4190263432641403 0.11655109173467636
2.4818581963359367 0.1071334443065381
2.5446900494077322 0.09750775811332803
2.607521902479528 0.08769965664486297
2.670353755551324 0.07773309899114994
2.7331856086231197 0.06763051141903122
2.796017461694916 0.057412935183597164
2.8588493147667116 0.04710018769667663
2.9216811678385075 0.03671103451184853
2.9845130209103035 0.02626336989570262
3.047344873982099 0.015774404029829475
3.1101767270538954 0.005260855120617033
3.173008580125691 -0.005260855120617033
3.2358404331974873 -0.015774404029829475
3.2986722862692828 -0.02626336989570262
3.3615041393410787 -0.03671103451184853
3.4243359924128747 -0.04710018769667663
3.48716784548467 -0.057412935183597164
3.549999698556466 -0.06763051141903115
3.612831551628262 -0.07773309899114994
3.675663404700058 -0.08769965664486297
3.7384952577718535 -0.09750775811332796
3.8013271108436495 -0.1071334443065381
3.8641589639154454 -0.11655109173467636
3.9269908169872414 -0.12573330039692995
3.989822670059038 -0.13465080472169547
4.052654523130833 -0.14327241148506079
4.115486376202629 -0.15156496894155055
4.178318229274425 -0.15949337165170344
4.241150082346222 -0.16702060565959295
4.303981935418017 -0.17410783873184424
4.366813788489813 -0.18071456028831473
4.429645641561608 -0.18679877540292092
4.4924774946334045 -0.19231725680149783
4.5553093477052 -0.19722585810504858
4.618141200776996 -0.20147989063909869
4.680973053848792 -0.205034564938245
4.743804906920587 -0.20784549661444462
4.806636759992383 -0.20986927453575677
4.869468613064179 -0.21106408730170156
4.932300466135976 -0.21139040184155827
4.995132319207771 -0.2108116856600979
5.057964172279567 -0.20929516188674793
5.120796025351362 -0.20681258394093893
5.183627878423159 -0.20334101441428015
5.246459731494955 -0.1988635908047379
5.3092915845667505 -0.19337025913859907
5.372123437638546 -0.1868584553991902
5.434955290710342 -0.17933371415304628
5.497787143782137 -0.17081018391210387
5.560618996853934 -0.16131102965643834
5.62345084992573 -0.15086870459618124
5.686282702997525 -0.13952507566728206
5.749114556069321 -0.12733139038910243
5.811946409141116 -0.11434807647965828
5.874778262212914 -0.1006443699088576
5.937610115284709 -0.08629777172363158
6.000441968356505 -0.07139333883132101
6.0632738214283 -0.05602281879499713
6.126105674500097 -0.04028364338788325
6.188937527571893 -0.024277799989637132
6.2517693806436885 -0.00811060371407433