0.031415926535897934 0.009908914341652817
0.0942477796076938 0.02967223549579448
0.15707963267948966 0.04927251512686619
0.21991148575128552 0.06860265588200819
0.2827433388230814 0.08755793305271353
0.34557519189487723 0.10603689823624042
0.4084070449666731 0.12394223831503862
0.47123889803846897 0.14118157802830916
0.5340707511102649 0.15766821522021
0.5969026041820606 0.17332177886419153
0.6597344572538566 0.18806880118596062
0.7225663103256523 0.20184319663445585
0.7853981633974483 0.21458664206686678
0.8482300164692442 0.22624885429495306
0.91106186954104 0.2367877630489005
0.9738937226128359 0.2461695794042457
1.0367255756846319 0.25436876173075806
1.0995574287564276 0.2613678831974679
1.1623892818282235 0.2671574067407866
1.2252211349000193 0.2717353751100489
1.2880529879718152 0.2751070250895315
1.350884841043611 0.2772843362099079
1.413716694115407 0.2782855251690994
1.4765485471872026 0.27813449776052573
1.5393804002589986 0.276860270348809
1.6022122533307945 0.274496372846844
1.6650441064025903 0.27108024475541753
1.7278759594743862 0.2666526351605311
1.7907078125461822 0.26125701668673856
1.853539665617978 0.25493902232582666
1.9163715186897736 0.24774591285075248
1.9792033717615696 0.23972608123683742
2.0420352248333655 0.23092859919515485
2.104867077905162 0.22140280962160225
2.1676989309769574 0.21119796751777375
2.230530784048753 0.20036293077761302
2.2933626371205493 0.18894590118032695
2.356194490192345 0.17699421500083234
2.4190263432641403 0.16455418185240314
2.4818581963359367 0.15167096971400085
2.5446900494077322 0.13838853356313693
2.607521902479528 0.12474958462570514
2.670353755551324 0.11079559695526013
2.7331856086231197 0.09656684785155817
2.796017461694916 0.0821024885063317
2.8588493147667116 0.06744064120724387
2.9216811678385075 0.0526185194229754
2.9845130209103035 0.03767256711852902
3.047344873982099 0.022638613696432
3.1101767270538954 0.007552041014624891
3.173008580125691 -0.007552041014624891
3.2358404331974873 -0.022638613696432
3.2986722862692828 -0.03767256711852902
3.3615041393410787 -0.0526185194229754
3.4243359924128747 -0.06744064120724387
3.48716784548467 -0.0821024885063317
3.549999698556466 -0.0965668478515581
3.612831551628262 -0.11079559695526013
3.675663404700058 -0.12474958462570514
3.7384952577718535 -0.1383885335631368
3.8013271108436495 -0.15167096971400085
3.8641589639154454 -0.16455418185240303
3.9269908169872414 -0.17699421500083234
3.989822670059038 -0.1889459011803272
4.052654523130833 -0.20036293077761302
4.115486376202629 -0.21119796751777375
4.178318229274425 -0.2214028096216023
4.241150082346222 -0.23092859919515496
4.303981935418017 -0.23972608123683742
4.366813788489813 -0.24774591285075248
4.429645641561608 -0.25493902232582666
4.4924774946334045 -0.2612570166867386
4.5553093477052 -0.2666526351605311
4.618141200776996 -0.27108024475541753
4.680973053848792 -0.27449637284684386
4.743804906920587 -0.276860270348809
4.806636759992383 -0.27813449776052573
4.869468613064179 -0.2782855251690994
4.932300466135976 -0.27728433620990794
4.995132319207771 -0.2751070250895315
5.057964172279567 -0.27173537511004897
5.120796025351362 -0.2671574067407867
5.183627878423159 -0.2613678831974679
5.246459731494955 -0.25436876173075795
5.3092915845667505 -0.2461695794042457
5.372123437638546 -0.2367877630489005
5.434955290710342 -0.22624885429495295
5.497787143782137 -0.21458664206686698
5.560618996853934 -0.20184319663445585
5.62345084992573 -0.18806880118596062
5.686282702997525 -0.17332177886419153
5.749114556069321 -0.15766821522021018
5.811946409141116 -0.14118157802830933
5.874778262212914 -0.1239422383150385
5.937610115284709 -0.10603689823624042
6.000441968356505 -0.08755793305271353
6.0632738214283 -0.0686026558820084
6.126105674500097 -0.04927251512686619
6.188937527571893 -0.029672235495794272
6.2517693806436885 -0.009908914341652817