0.031415926535897934 0.006946661728433412
0.0942477796076938 0.020820092323683512
0.15707963267948966 0.03463385840706709
0.21991148575128552 0.04834823019920337
0.2827433388230814 0.06192354657218459
0.34557519189487723 0.07532024022409471
0.4084070449666731 0.08849886079085618
0.47123889803846897 0.10142009562026952
0.5340707511102649 0.11404478816020565
0.5969026041820606 0.12633395418114562
0.6597344572538566 0.13824879635724366
0.7225663103256523 0.14975071806359921
0.7853981633974483 0.1608013376033573
0.8482300164692442 0.1713625044487163
0.91106186954104 0.1813963194559616
0.9738937226128359 0.19086516138637802
1.0367255756846319 0.19973172242108828
1.0995574287564276 0.2079590556859785
1.1623892818282235 0.21551063808864085
1.2252211349000193 0.22235045199666303
1.2880529879718152 0.22844308943759625
1.350884841043611 0.23375388255549667
1.413716694115407 0.23824906399516066
1.4765485471872026 0.24189596067957791
1.5393804002589986 0.24466322407441185
1.6022122533307945 0.2465210994713014
1.6650441064025903 0.24744173604698763
1.7278759594743862 0.24739953844883472
1.7907078125461822 0.2463715594065116
1.853539665617978 0.24433793137075138
1.9163715186897736 0.24128233344185598
1.9792033717615696 0.23719248789741162
2.0420352248333655 0.2320606785039279
2.104867077905162 0.22588428056602372
2.1676989309769574 0.21866629041786537
2.230530784048753 0.21041583990679538
2.2933626371205493 0.2011486794917283
2.356194490192345 0.19088761202867383
2.4190263432641403 0.17966285830121181
2.4818581963359367 0.16751233503145418
2.5446900494077322 0.15448182661816506
2.607521902479528 0.14062503330401527
2.670353755551324 0.1260034809378772
2.7331856086231197 0.11068628097445272
2.796017461694916 0.09474973377426198
2.8588493147667116 0.07827677348609861
2.9216811678385075 0.061356258588514324
2.9845130209103035 0.0440821182460703
3.047344873982099 0.026552370658837535
3.1101767270538954 0.008868035183263134
3.173008580125691 -0.008868035183263134
3.2358404331974873 -0.026552370658837535
3.2986722862692828 -0.0440821182460703
3.3615041393410787 -0.061356258588514324
3.4243359924128747 -0.07827677348609861
3.48716784548467 -0.09474973377426198
3.549999698556466 -0.11068628097445272
3.612831551628262 -0.1260034809378772
3.675663404700058 -0.14062503330401527
3.7384952577718535 -0.15448182661816498
3.8013271108436495 -0.16751233503145418
3.8641589639154454 -0.17966285830121193
3.9269908169872414 -0.19088761202867383
3.989822670059038 -0.2011486794917285
4.052654523130833 -0.21041583990679538
4.115486376202629 -0.21866629041786537
4.178318229274425 -0.22588428056602378
4.241150082346222 -0.23206067850392803
4.303981935418017 -0.23719248789741162
4.366813788489813 -0.24128233344185598
4.429645641561608 -0.24433793137075122
4.4924774946334045 -0.24637155940651165
4.5553093477052 -0.24739953844883472
4.618141200776996 -0.24744173604698774
4.680973053848792 -0.24652109947130135
4.743804906920587 -0.24466322407441196
4.806636759992383 -0.24189596067957791
4.869468613064179 -0.23824906399516066
4.932300466135976 -0.23375388255549662
4.995132319207771 -0.22844308943759625
5.057964172279567 -0.22235045199666303
5.120796025351362 -0.21551063808864093
5.183627878423159 -0.2079590556859785
5.246459731494955 -0.1997317224210882
5.3092915845667505 -0.19086516138637802
5.372123437638546 -0.1813963194559616
5.434955290710342 -0.17136250444871626
5.497787143782137 -0.1608013376033575
5.560618996853934 -0.149750718063599
5.62345084992573 -0.13824879635724366
5.686282702997525 -0.12633395418114562
5.749114556069321 -0.11404478816020577
5.811946409141116 -0.1014200956202697
5.874778262212914 -0.08849886079085614
5.937610115284709 -0.07532024022409471
6.000441968356505 -0.06192354657218459
6.0632738214283 -0.048348230199203486
6.126105674500097 -0.03463385840706709
6.188937527571893 -0.020820092323683398
6.2517693806436885 -0.006946661728433412