0.031415926535897934 0.0066471230290148925
0.0942477796076938 0.019908788374919613
0.15707963267948966 0.033072951894522466
0.21991148575128552 0.046075410260892236
0.2827433388230814 0.05885314604608399
0.34557519189487723 0.07134478043384937
0.4084070449666731 0.08349100480882175
0.47123889803846897 0.09523498591887389
0.5340707511102649 0.1065227398294343
0.5969026041820606 0.11730347049782798
0.6597344572538566 0.1275298694763295
0.7225663103256523 0.13715837398708816
0.7853981633974483 0.14614938138183917
0.8482300164692442 0.15446741878531034
0.91106186954104 0.1620812675044922
0.9738937226128359 0.1689640425482005
1.0367255756846319 0.1750932283255794
1.0995574287564276 0.18045067226302397
1.1623892818282235 0.18502253868327198
1.2252211349000193 0.18879922581735273
1.2880529879718152 0.19177524926164755
1.350884841043611 0.19394909554320083
1.413716694115407 0.19532304971416312
1.4765485471872026 0.19590300106102534
1.5393804002589986 0.1956982310888397
1.6022122533307945 0.19472118792983634
1.6650441064025903 0.19298725123655439
1.7278759594743862 0.19051449146015262
1.7907078125461822 0.18732342719436854
1.853539665617978 0.18343678399481267
1.9163715186897736 0.17887925777234304
1.9792033717615696 0.17367728551856823
2.0420352248333655 0.1678588257610596
2.104867077905162 0.16145315077499406
2.1676989309769574 0.1544906522051626
2.230530784048753 0.14700266138503962
2.2933626371205493 0.1390212852842515
2.356194490192345 0.13057925867747538
2.4190263432641403 0.12170981281055611
2.4818581963359367 0.11244656054632592
2.5446900494077322 0.10282339770512575
2.607521902479528 0.09287442007423913
2.670353755551324 0.08263385534654176
2.7331856086231197 0.0721360090610312
2.796017461694916 0.06141522345552025
2.8588493147667116 0.050505848003171476
2.9216811678385075 0.03944222028804263
2.9845130209103035 0.02825865577859608
3.047344873982099 0.01698944498038185
3.1101767270538954 0.0056688563881403115
3.173008580125691 -0.0056688563881403115
3.2358404331974873 -0.01698944498038185
3.2986722862692828 -0.02825865577859608
3.3615041393410787 -0.03944222028804263
3.4243359924128747 -0.050505848003171476
3.48716784548467 -0.06141522345552025
3.549999698556466 -0.07213600906103107
3.612831551628262 -0.08263385534654176
3.675663404700058 -0.09287442007423913
3.7384952577718535 -0.10282339770512569
3.8013271108436495 -0.11244656054632592
3.8641589639154454 -0.12170981281055611
3.9269908169872414 -0.13057925867747538
3.989822670059038 -0.1390212852842515
4.052654523130833 -0.14700266138503962
4.115486376202629 -0.1544906522051626
4.178318229274425 -0.1614531507749942
4.241150082346222 -0.1678588257610596
4.303981935418017 -0.17367728551856815
4.366813788489813 -0.17887925777234304
4.429645641561608 -0.18343678399481253
4.4924774946334045 -0.18732342719436865
4.5553093477052 -0.19051449146015262
4.618141200776996 -0.1929872512365544
4.680973053848792 -0.19472118792983634
4.743804906920587 -0.19569823108883969
4.806636759992383 -0.19590300106102537
4.869468613064179 -0.19532304971416312
4.932300466135976 -0.19394909554320086
4.995132319207771 -0.19177524926164752
5.057964172279567 -0.18879922581735267
5.120796025351362 -0.1850225386832719
5.183627878423159 -0.18045067226302397
5.246459731494955 -0.17509322832557936
5.3092915845667505 -0.1689640425482005
5.372123437638546 -0.1620812675044922
5.434955290710342 -0.15446741878531034
5.497787143782137 -0.14614938138183922
5.560618996853934 -0.13715837398708808
5.62345084992573 -0.1275298694763295
5.686282702997525 -0.11730347049782798
5.749114556069321 -0.10652273982943443
5.811946409141116 -0.09523498591887411
5.874778262212914 -0.08349100480882164
5.937610115284709 -0.07134478043384937
6.000441968356505 -0.05885314604608399
6.0632738214283 -0.04607541026089221
6.126105674500097 -0.033072951894522466
6.188937527571893 -0.019908788374919505
6.2517693806436885 -0.0066471230290148925