0.031415926535897934 0.008201773047608937
0.0942477796076938 0.024578119436315098
0.15707963267948966 0.0408729324013447
0.21991148575128552 0.05703207459975066
0.2827433388230814 0.07300173363719178
0.34557519189487723 0.08872854725485971
0.4084070449666731 0.10415972402007594
0.47123889803846897 0.11924315864806048
0.5340707511102649 0.13392754137275273
0.5969026041820606 0.1481624611194229
0.6597344572538566 0.1618985026001841
0.7225663103256523 0.1750873378432444
0.7853981633974483 0.18768181306486553
0.8482300164692442 0.19963603218599515
0.91106186954104 0.21090543866960432
0.9738937226128359 0.22144689769605014
1.0367255756846319 0.23121878098855836
1.0995574287564276 0.24018105683572497
1.1623892818282235 0.2482953880197497
1.2252211349000193 0.25552524043537683
1.2880529879718152 0.26183600516344746
1.350884841043611 0.267195136633577
1.413716694115407 0.27157230926301223
1.4765485471872026 0.27493959458499945
1.5393804002589986 0.2772716603739454
1.6022122533307945 0.2785459926329872
1.6650441064025903 0.2787431405327057
1.7278759594743862 0.2778469834825462
1.7907078125461822 0.2758450184896364
1.853539665617978 0.27272866483041114
1.9163715186897736 0.2684935818535434
1.9792033717615696 0.26313999448151437
2.0420352248333655 0.256673019724555
2.104867077905162 0.24910298631533034
2.1676989309769574 0.24044573847383394
2.230530784048753 0.23072291388394972
2.2933626371205493 0.21996218527393782
2.356194490192345 0.20819745461068173
2.4190263432641403 0.19546898890556663
2.4818581963359367 0.18182348704266507
2.5446900494077322 0.1673140679171375
2.607521902479528 0.1520001715330243
2.670353755551324 0.13594736654986744
2.7331856086231197 0.11922706005353388
2.796017461694916 0.10191610799494148
2.8588493147667116 0.08409632769821491
2.9216811678385075 0.06585391696764693
2.9845130209103035 0.04727878748017215
3.047344873982099 0.028463823183285077
3.1101767270538954 0.009504077170590543
3.173008580125691 -0.009504077170590543
3.2358404331974873 -0.028463823183285077
3.2986722862692828 -0.04727878748017215
3.3615041393410787 -0.06585391696764693
3.4243359924128747 -0.08409632769821491
3.48716784548467 -0.10191610799494148
3.549999698556466 -0.11922706005353374
3.612831551628262 -0.13594736654986744
3.675663404700058 -0.1520001715330243
3.7384952577718535 -0.16731406791713727
3.8013271108436495 -0.18182348704266507
3.8641589639154454 -0.1954689889055665
3.9269908169872414 -0.20819745461068173
3.989822670059038 -0.21996218527393793
4.052654523130833 -0.23072291388394972
4.115486376202629 -0.24044573847383394
4.178318229274425 -0.2491029863153303
4.241150082346222 -0.25667301972455514
4.303981935418017 -0.26313999448151454
4.366813788489813 -0.2684935818535434
4.429645641561608 -0.2727286648304111
4.4924774946334045 -0.27584501848963666
4.5553093477052 -0.2778469834825462
4.618141200776996 -0.2787431405327059
4.680973053848792 -0.2785459926329872
4.743804906920587 -0.2772716603739455
4.806636759992383 -0.27493959458499956
4.869468613064179 -0.27157230926301223
4.932300466135976 -0.267195136633577
4.995132319207771 -0.26183600516344746
5.057964172279567 -0.2555252404353768
5.120796025351362 -0.2482953880197497
5.183627878423159 -0.24018105683572497
5.246459731494955 -0.23121878098855814
5.3092915845667505 -0.22144689769605014
5.372123437638546 -0.21090543866960432
5.434955290710342 -0.19963603218599524
5.497787143782137 -0.18768181306486575
5.560618996853934 -0.17508733784324423
5.62345084992573 -0.1618985026001841
5.686282702997525 -0.1481624611194229
5.749114556069321 -0.13392754137275287
5.811946409141116 -0.11924315864806063
5.874778262212914 -0.10415972402007578
5.937610115284709 -0.08872854725485971
6.000441968356505 -0.07300173363719178
6.0632738214283 -0.057032074599750814
6.126105674500097 -0.0408729324013447
6.188937527571893 -0.02457811943631502
6.2517693806436885 -0.008201773047608937