0.031415926535897934 0.007128098705089725
0.0942477796076938 0.021357409857559885
0.15707963267948966 0.03550615830046035
0.21991148575128552 0.04952095523447843
0.2827433388230814 0.06334888950226679
0.34557519189487723 0.07693771496068647
0.4084070449666731 0.09023603428942849
0.47123889803846897 0.10319347838522466
0.5340707511102649 0.1157608806072683
0.5969026041820606 0.12789044527200005
0.6597344572538566 0.13953590993885176
0.7225663103256523 0.15065270117713958
0.7853981633974483 0.16119808365209243
0.8482300164692442 0.17113130250897968
0.91106186954104 0.18041371916259827
0.9738937226128359 0.18900894070951213
1.0367255756846319 0.19688294326748115
1.0995574287564276 0.20400418960623856
1.1623892818282235 0.21034374146285922
1.2252211349000193 0.21587536693100726
1.2880529879718152 0.22057564327512402
1.350884841043611 0.22442405544794963
1.413716694115407 0.2274030904837564
1.4765485471872026 0.2294983278025752
1.5393804002589986 0.2306985252959907
1.6022122533307945 0.23099570087741042
1.6650441064025903 0.23038520897480433
1.7278759594743862 0.22886581122848854
1.7907078125461822 0.22643974043818105
1.853539665617978 0.22311275659056692
1.9163715186897736 0.21889419359973747
1.9792033717615696 0.21379699521713583
2.0420352248333655 0.20783773842400383
2.104867077905162 0.20103664251641154
2.1676989309769574 0.19341756203867802
2.230530784048753 0.1850079617222216
2.2933626371205493 0.17583887164908676
2.356194490192345 0.16594482098623733
2.4190263432641403 0.15536374882984139
2.4818581963359367 0.14413689095746082
2.5446900494077322 0.13230864160707442
2.607521902479528 0.11992638977937707
2.670353755551324 0.10704032998541542
2.7331856086231197 0.09370324782450848
2.796017461694916 0.07997028126462896
2.8588493147667116 0.06589865899434579
2.9216811678385075 0.05154741770618886
2.9845130209103035 0.036977100639584135
3.047344873982099 0.022249440141048547
3.1101767270538954 0.0074270273748563865
3.173008580125691 -0.0074270273748563865
3.2358404331974873 -0.022249440141048547
3.2986722862692828 -0.036977100639584135
3.3615041393410787 -0.05154741770618886
3.4243359924128747 -0.06589865899434579
3.48716784548467 -0.07997028126462896
3.549999698556466 -0.09370324782450822
3.612831551628262 -0.10704032998541542
3.675663404700058 -0.11992638977937707
3.7384952577718535 -0.1323086416070743
3.8013271108436495 -0.14413689095746082
3.8641589639154454 -0.1553637488298413
3.9269908169872414 -0.16594482098623733
3.989822670059038 -0.17583887164908685
4.052654523130833 -0.1850079617222216
4.115486376202629 -0.19341756203867802
4.178318229274425 -0.20103664251641173
4.241150082346222 -0.20783773842400383
4.303981935418017 -0.21379699521713588
4.366813788489813 -0.21889419359973747
4.429645641561608 -0.22311275659056692
4.4924774946334045 -0.22643974043818108
4.5553093477052 -0.22886581122848854
4.618141200776996 -0.2303852089748043
4.680973053848792 -0.2309957008774104
4.743804906920587 -0.2306985252959907
4.806636759992383 -0.22949832780257512
4.869468613064179 -0.2274030904837564
4.932300466135976 -0.22442405544794958
4.995132319207771 -0.22057564327512402
5.057964172279567 -0.21587536693100723
5.120796025351362 -0.21034374146285936
5.183627878423159 -0.20400418960623856
5.246459731494955 -0.1968829432674809
5.3092915845667505 -0.18900894070951213
5.372123437638546 -0.18041371916259827
5.434955290710342 -0.17113130250897973
5.497787143782137 -0.16119808365209257
5.560618996853934 -0.15065270117713958
5.62345084992573 -0.13953590993885176
5.686282702997525 -0.12789044527200005
5.749114556069321 -0.11576088060726836
5.811946409141116 -0.1031934783852248
5.874778262212914 -0.0902360342894284
5.937610115284709 -0.07693771496068647
6.000441968356505 -0.06334888950226679
6.0632738214283 -0.04952095523447854
6.126105674500097 -0.03550615830046035
6.188937527571893 -0.021357409857559642
6.2517693806436885 -0.007128098705089725