0.031415926535897934 0.004869783484488324
0.0942477796076938 0.01455069534622848
0.15707963267948966 0.02405731385578273
0.21991148575128552 0.033278926088772046
0.2827433388230814 0.042112733973799873
0.34557519189487723 0.050466429585491517
0.4084070449666731 0.058260240556049725
0.47123889803846897 0.06542837245079827
0.5340707511102649 0.07191982023863
0.5969026041820606 0.07769856427383487
0.6597344572538566 0.08274320347129875
0.7225663103256523 0.08704610681171246
0.7853981633974483 0.09061218258389925
0.8482300164692442 0.0934573728390187
0.91106186954104 0.09560697947785565
0.9738937226128359 0.09709392003855723
1.0367255756846319 0.0979569977745472
1.0995574287564276 0.09823925420399236
1.1623892818282235 0.0979864549289277
1.2252211349000193 0.09724574272816164
1.2880529879718152 0.09606447683424024
1.350884841043611 0.09448926458026506
1.413716694115407 0.09256518153451505
1.4765485471872026 0.09033516882001684
1.5393804002589986 0.0878395913262455
1.6022122533307945 0.08511593762148535
1.6650441064025903 0.08219864117250564
1.7278759594743862 0.07911900257443998
1.7907078125461822 0.07590519351952872
1.853539665617978 0.07258232486958097
1.9163715186897736 0.0691725631825785
1.9792033717615696 0.06569528217601177
2.0420352248333655 0.06216723773928811
2.104867077905162 0.058602757132220185
2.1676989309769574 0.055013934861385214
2.230530784048753 0.05141082937585361
2.2933626371205493 0.04780165615517399
2.356194490192345 0.04419297397785486
2.4190263432641403 0.04058986217042615
2.4818581963359367 0.036996087464169686
2.5446900494077322 0.03341425975054731
2.607521902479528 0.02984597654991201
2.670353755551324 0.026291956413364282
2.7331856086231197 0.02275216178525095
2.796017461694916 0.019225912082358926
2.8588493147667116 0.01571198791168023
2.9216811678385075 0.012208727465702101
2.9845130209103035 0.00871411621431744
3.047344873982099 0.005225871065313994
3.1101767270538954 0.0017415201988272013
3.173008580125691 -0.0017415201988272013
3.2358404331974873 -0.005225871065313994
3.2986722862692828 -0.00871411621431744
3.3615041393410787 -0.012208727465702101
3.4243359924128747 -0.01571198791168023
3.48716784548467 -0.019225912082358926
3.549999698556466 -0.022752161785250833
3.612831551628262 -0.026291956413364282
3.675663404700058 -0.02984597654991201
3.7384952577718535 -0.03341425975054731
3.8013271108436495 -0.036996087464169686
3.8641589639154454 -0.04058986217042615
3.9269908169872414 -0.04419297397785486
3.989822670059038 -0.04780165615517411
4.052654523130833 -0.05141082937585361
4.115486376202629 -0.055013934861385214
4.178318229274425 -0.058602757132220185
4.241150082346222 -0.06216723773928811
4.303981935418017 -0.06569528217601177
4.366813788489813 -0.0691725631825785
4.429645641561608 -0.07258232486958097
4.4924774946334045 -0.07590519351952867
4.5553093477052 -0.07911900257443998
4.618141200776996 -0.08219864117250564
4.680973053848792 -0.08511593762148535
4.743804906920587 -0.0878395913262455
4.806636759992383 -0.09033516882001684
4.869468613064179 -0.09256518153451505
4.932300466135976 -0.09448926458026516
4.995132319207771 -0.09606447683424024
5.057964172279567 -0.09724574272816164
5.120796025351362 -0.0979864549289277
5.183627878423159 -0.09823925420399236
5.246459731494955 -0.0979569977745472
5.3092915845667505 -0.09709392003855723
5.372123437638546 -0.09560697947785565
5.434955290710342 -0.0934573728390187
5.497787143782137 -0.09061218258389925
5.560618996853934 -0.08704610681171246
5.62345084992573 -0.08274320347129875
5.686282702997525 -0.07769856427383487
5.749114556069321 -0.07191982023863022
5.811946409141116 -0.06542837245079838
5.874778262212914 -0.05826024055604961
5.937610115284709 -0.050466429585491517
6.000441968356505 -0.042112733973799873
6.0632738214283 -0.03327892608877221
6.126105674500097 -0.02405731385578273
6.188937527571893 -0.014550695346228373
6.2517693806436885 -0.004869783484488324