0.031415926535897934 0.008132613105891365
0.0942477796076938 0.024363651866509788
0.15707963267948966 0.04049230419420458
0.21991148575128552 0.05645089721902119
0.2827433388230814 0.07217262945868447
0.34557519189487723 0.08759190801552105
0.4084070449666731 0.10264467469680139
0.47123889803846897 0.1172687182853453
0.5340707511102649 0.1314039704628045
0.5969026041820606 0.1449927832057155
0.6597344572538566 0.1579801858240964
0.7225663103256523 0.17031412018317174
0.7853981633974483 0.1819456530296659
0.8482300164692442 0.19282916472399975
0.91106186954104 0.2029225140482996
0.9738937226128359 0.21218717910789348
1.0367255756846319 0.22058837466268702
1.0995574287564276 0.22809514650773347
1.1623892818282235 0.23468044376422967
1.2252211349000193 0.24032117013964963
1.2880529879718152 0.24499821536696878
1.350884841043611 0.24869646813779106
1.413716694115407 0.25140481190404107
1.4765485471872026 0.2531161049404135
1.5393804002589986 0.25382714603886164
1.6022122533307945 0.25353862715180314
1.6650441064025903 0.2522550742179028
1.7278759594743862 0.24998477729915453
1.7907078125461822 0.24673971103665862
1.853539665617978 0.24253544630110688
1.9163715186897736 0.23739105377847808
1.9792033717615696 0.23132900009738344
2.0420352248333655 0.22437503697694086
2.104867077905162 0.21655808375741964
2.1676989309769574 0.20791010357387701
2.230530784048753 0.1984659733485039
2.2933626371205493 0.18826334771247613
2.356194490192345 0.1773425169239963
2.4190263432641403 0.16574625882625993
2.4818581963359367 0.15351968488692003
2.5446900494077322 0.14071008037800603
2.607521902479528 0.12736673879038019
2.670353755551324 0.11354079062721573
2.7331856086231197 0.09928502678371355
2.796017461694916 0.08465371679207856
2.8588493147667116 0.06970242228807812
2.9216811678385075 0.054487806134695
2.9845130209103035 0.03906743771583208
3.047344873982099 0.023499594985278743
3.1101767270538954 0.007843063920046437
3.173008580125691 -0.007843063920046437
3.2358404331974873 -0.023499594985278743
3.2986722862692828 -0.03906743771583208
3.3615041393410787 -0.054487806134695
3.4243359924128747 -0.06970242228807812
3.48716784548467 -0.08465371679207856
3.549999698556466 -0.09928502678371347
3.612831551628262 -0.11354079062721573
3.675663404700058 -0.12736673879038019
3.7384952577718535 -0.14071008037800592
3.8013271108436495 -0.15351968488692003
3.8641589639154454 -0.16574625882625982
3.9269908169872414 -0.1773425169239963
3.989822670059038 -0.18826334771247644
4.052654523130833 -0.1984659733485039
4.115486376202629 -0.20791010357387701
4.178318229274425 -0.21655808375741975
4.241150082346222 -0.2243750369769409
4.303981935418017 -0.2313290000973835
4.366813788489813 -0.23739105377847808
4.429645641561608 -0.24253544630110688
4.4924774946334045 -0.2467397110366586
4.5553093477052 -0.24998477729915453
4.618141200776996 -0.25225507421790283
4.680973053848792 -0.25353862715180325
4.743804906920587 -0.25382714603886164
4.806636759992383 -0.2531161049404136
4.869468613064179 -0.25140481190404107
4.932300466135976 -0.24869646813779106
4.995132319207771 -0.24499821536696878
5.057964172279567 -0.24032117013964963
5.120796025351362 -0.23468044376422975
5.183627878423159 -0.22809514650773347
5.246459731494955 -0.22058837466268702
5.3092915845667505 -0.21218717910789348
5.372123437638546 -0.2029225140482996
5.434955290710342 -0.19282916472399983
5.497787143782137 -0.18194565302966612
5.560618996853934 -0.1703141201831716
5.62345084992573 -0.1579801858240964
5.686282702997525 -0.1449927832057155
5.749114556069321 -0.1314039704628045
5.811946409141116 -0.1172687182853456
5.874778262212914 -0.1026446746968012
5.937610115284709 -0.08759190801552105
6.000441968356505 -0.07217262945868447
6.0632738214283 -0.05645089721902129
6.126105674500097 -0.04049230419420458
6.188937527571893 -0.024363651866509652
6.2517693806436885 -0.008132613105891365