0.031415926535897934 0.009430295138513636
0.0942477796076938 0.02817479382993788
0.15707963267948966 0.04657434220218776
0.21991148575128552 0.0644098780119315
0.2827433388230814 0.08147809200194304
0.34557519189487723 0.0975965730229172
0.4084070449666731 0.11260791173549908
0.47123889803846897 0.12638261382514696
0.5340707511102649 0.13882076089955772
0.5969026041820606 0.14985244180306367
0.6597344572538566 0.1594370512512799
0.7225663103256523 0.16756161081606827
0.7853981633974483 0.17423830624747969
0.8482300164692442 0.17950145429979816
0.91106186954104 0.18340411319143343
0.9738937226128359 0.1860145367030657
1.0367255756846319 0.187412646721686
1.0995574287564276 0.18768666702204587
1.1623892818282235 0.18693002620100385
1.2252211349000193 0.18523860325166
1.2880529879718152 0.18270835775289712
1.350884841043611 0.1794333596538955
1.413716694115407 0.17550421195508567
1.4765485471872026 0.17100684337874963
1.5393804002589986 0.1660216370577675
1.6022122533307945 0.16062285471573626
1.6650441064025903 0.15487831297280816
1.7278759594743862 0.14884926845396113
1.7907078125461822 0.14259047050582602
1.853539665617978 0.13615034384297314
1.9163715186897736 0.12957126776132666
1.9792033717615696 0.12288992321667985
2.0420352248333655 0.1161376837300556
2.104867077905162 0.10934103051308733
2.1676989309769574 0.10252197625641327
2.230530784048753 0.09569848561118195
2.2933626371205493 0.0888848834880803
2.356194490192345 0.08209224490581922
2.4190263432641403 0.07532876227158171
2.4818581963359367 0.06860008771356425
2.5446900494077322 0.061909649461382305
2.607521902479528 0.05525894233661572
2.670353755551324 0.04864779322430035
2.7331856086231197 0.042074602994163955
2.796017461694916 0.03553656677029612
2.8588493147667116 0.0290298747467318
2.9216811678385075 0.022549895945620107
2.9845130209103035 0.016091347440502557
3.047344873982099 0.009648451641190601
3.1101767270538954 0.003215084275917734
3.173008580125691 -0.003215084275917734
3.2358404331974873 -0.009648451641190601
3.2986722862692828 -0.016091347440502557
3.3615041393410787 -0.022549895945620107
3.4243359924128747 -0.0290298747467318
3.48716784548467 -0.03553656677029612
3.549999698556466 -0.042074602994163955
3.612831551628262 -0.04864779322430035
3.675663404700058 -0.05525894233661572
3.7384952577718535 -0.061909649461382346
3.8013271108436495 -0.06860008771356425
3.8641589639154454 -0.07532876227158161
3.9269908169872414 -0.08209224490581922
3.989822670059038 -0.08888488348808042
4.052654523130833 -0.09569848561118195
4.115486376202629 -0.10252197625641327
4.178318229274425 -0.10934103051308748
4.241150082346222 -0.1161376837300558
4.303981935418017 -0.12288992321667985
4.366813788489813 -0.12957126776132666
4.429645641561608 -0.13615034384297317
4.4924774946334045 -0.14259047050582613
4.5553093477052 -0.14884926845396113
4.618141200776996 -0.1548783129728082
4.680973053848792 -0.16062285471573626
4.743804906920587 -0.1660216370577675
4.806636759992383 -0.1710068433787495
4.869468613064179 -0.17550421195508567
4.932300466135976 -0.17943335965389567
4.995132319207771 -0.18270835775289712
5.057964172279567 -0.18523860325166
5.120796025351362 -0.1869300262010039
5.183627878423159 -0.18768666702204587
5.246459731494955 -0.18741264672168598
5.3092915845667505 -0.1860145367030657
5.372123437638546 -0.18340411319143343
5.434955290710342 -0.1795014542997983
5.497787143782137 -0.17423830624747974
5.560618996853934 -0.16756161081606824
5.62345084992573 -0.1594370512512799
5.686282702997525 -0.14985244180306367
5.749114556069321 -0.13882076089955778
5.811946409141116 -0.12638261382514712
5.874778262212914 -0.112607911735499
5.937610115284709 -0.0975965730229172
6.000441968356505 -0.08147809200194304
6.0632738214283 -0.06440987801193156
6.126105674500097 -0.04657434220218776
6.188937527571893 -0.028174793829937792
6.2517693806436885 -0.009430295138513636