0.031415926535897934 0.00937859304654954
0.0942477796076938 0.02809032577004679
0.15707963267948966 0.046666013518312885
0.21991148575128552 0.0650160067322697
0.2827433388230814 0.08305221478605822
0.34557519189487723 0.1006887062844137
0.4084070449666731 0.1178422863915746
0.47123889803846897 0.1344330450733809
0.5340707511102649 0.15038487047470267
0.5969026041820606 0.16562592207668797
0.6597344572538566 0.18008905878358558
0.7225663103256523 0.19371221767628896
0.7853981633974483 0.20643873983599104
0.8482300164692442 0.2182176403801384
0.91106186954104 0.22900382065466382
0.9738937226128359 0.23875822137833427
1.0367255756846319 0.24744791642090247
1.0995574287564276 0.255046147797814
1.1623892818282235 0.2615323033597362
1.2252211349000193 0.26689183952317225
1.2880529879718152 0.27111615220687263
1.350884841043611 0.2742023998864234
1.413716694115407 0.2761532833370084
1.4765485471872026 0.27697678718544344
1.5393804002589986 0.27668588882430845
1.6022122533307945 0.27529824054458935
1.6650441064025903 0.2728358309144355
1.7278759594743862 0.2693246314706466
1.7907078125461822 0.2647942347008811
1.853539665617978 0.25927748908682235
1.9163715186897736 0.2528101366634562
1.9792033717615696 0.24543045814169873
2.0420352248333655 0.23717893015714833
2.104867077905162 0.2280978986640908
2.1676989309769574 0.21823127190862865
2.230530784048753 0.20762423580506478
2.2933626371205493 0.1963229939214505
2.356194490192345 0.18437453366793632
2.4190263432641403 0.17182641968771462
2.4818581963359367 0.15872661488522996
2.5446900494077322 0.14512332899796956
2.607521902479528 0.13106489413236666
2.670353755551324 0.11659966624485602
2.7331856086231197 0.10177595115770739
2.796017461694916 0.08664195335615808
2.8588493147667116 0.07124574551742589
2.9216811678385075 0.05563525647131454
2.9845130209103035 0.03985827508357313
3.047344873982099 0.023962467383817774
3.1101767270538954 0.007995404126531321
3.173008580125691 -0.007995404126531321
3.2358404331974873 -0.023962467383817774
3.2986722862692828 -0.03985827508357313
3.3615041393410787 -0.05563525647131454
3.4243359924128747 -0.07124574551742589
3.48716784548467 -0.08664195335615808
3.549999698556466 -0.10177595115770728
3.612831551628262 -0.11659966624485602
3.675663404700058 -0.13106489413236666
3.7384952577718535 -0.14512332899796948
3.8013271108436495 -0.15872661488522996
3.8641589639154454 -0.1718264196877145
3.9269908169872414 -0.18437453366793632
3.989822670059038 -0.19632299392145067
4.052654523130833 -0.20762423580506478
4.115486376202629 -0.21823127190862865
4.178318229274425 -0.22809789866409091
4.241150082346222 -0.23717893015714842
4.303981935418017 -0.24543045814169864
4.366813788489813 -0.2528101366634562
4.429645641561608 -0.2592774890868222
4.4924774946334045 -0.2647942347008811
4.5553093477052 -0.2693246314706466
4.618141200776996 -0.27283583091443564
4.680973053848792 -0.27529824054458935
4.743804906920587 -0.27668588882430845
4.806636759992383 -0.2769767871854435
4.869468613064179 -0.2761532833370084
4.932300466135976 -0.2742023998864234
4.995132319207771 -0.27111615220687263
5.057964172279567 -0.26689183952317225
5.120796025351362 -0.2615323033597365
5.183627878423159 -0.255046147797814
5.246459731494955 -0.2474479164209022
5.3092915845667505 -0.23875822137833427
5.372123437638546 -0.22900382065466382
5.434955290710342 -0.21821764038013844
5.497787143782137 -0.20643873983599112
5.560618996853934 -0.19371221767628874
5.62345084992573 -0.18008905878358558
5.686282702997525 -0.16562592207668797
5.749114556069321 -0.1503848704747028
5.811946409141116 -0.1344330450733812
5.874778262212914 -0.11784228639157443
5.937610115284709 -0.1006887062844137
6.000441968356505 -0.08305221478605822
6.0632738214283 -0.06501600673226979
6.126105674500097 -0.046666013518312885
6.188937527571893 -0.028090325770046703
6.2517693806436885 -0.00937859304654954