0.031415926535897934 0.006027561173945567
0.0942477796076938 0.01798704764543319
0.15707963267948966 0.02966340311623756
0.21991148575128552 0.04088017480817675
0.2827433388230814 0.05147839125549669
0.34557519189487723 0.0613217362793204
0.4084070449666731 0.07030016760680385
0.47123889803846897 0.07833185930373768
0.5340707511102649 0.08536351194178304
0.5969026041820606 0.09136921223964206
0.6597344572538566 0.09634812057763152
0.7225663103256523 0.10032131520902954
0.7853981633974483 0.10332812923123617
0.8482300164692442 0.10542228915549229
0.91106186954104 0.10666811366557073
0.9738937226128359 0.10713696941370844
1.0367255756846319 0.10690411724427337
1.0995574287564276 0.10604602415442561
1.1623892818282235 0.10463816784482753
1.2252211349000193 0.10275332365224628
1.2880529879718152 0.10046029790438481
1.350884841043611 0.09782305602535407
1.413716694115407 0.09490018617906426
1.4765485471872026 0.09174463784090317
1.5393804002589986 0.08840367753882734
1.6022122533307945 0.08491900949312918
1.6650441064025903 0.08132701574372493
1.7278759594743862 0.07765907765754229
1.7907078125461822 0.07394194782634596
1.853539665617978 0.07019814790753069
1.9163715186897736 0.06644637371981174
1.9792033717615696 0.06270189380484958
2.0420352248333655 0.058976931713532854
2.104867077905162 0.055281025533393535
2.1676989309769574 0.05162136073106392
2.230530784048753 0.04800307434132068
2.2933626371205493 0.04442952999260344
2.356194490192345 0.04090256431165027
2.4190263432641403 0.03742270598055345
2.4818581963359367 0.03398936919995697
2.5446900494077322 0.030601023602554574
2.607521902479528 0.027255342810863913
2.670353755551324 0.023949333882217646
2.7331856086231197 0.02067944986342864
2.796017461694916 0.017441687612156014
2.8588493147667116 0.0142316729503989
2.9216811678385075 0.011044735111966741
2.9845130209103035 0.007875972340821769
3.047344873982099 0.004720310398582739
3.1101767270538954 0.00157255565284048
3.173008580125691 -0.00157255565284048
3.2358404331974873 -0.004720310398582739
3.2986722862692828 -0.007875972340821769
3.3615041393410787 -0.011044735111966741
3.4243359924128747 -0.0142316729503989
3.48716784548467 -0.017441687612156014
3.549999698556466 -0.02067944986342864
3.612831551628262 -0.023949333882217646
3.675663404700058 -0.027255342810863913
3.7384952577718535 -0.030601023602554574
3.8013271108436495 -0.03398936919995697
3.8641589639154454 -0.03742270598055345
3.9269908169872414 -0.04090256431165027
3.989822670059038 -0.04442952999260344
4.052654523130833 -0.04800307434132068
4.115486376202629 -0.05162136073106392
4.178318229274425 -0.055281025533393535
4.241150082346222 -0.05897693171353293
4.303981935418017 -0.06270189380484967
4.366813788489813 -0.06644637371981174
4.429645641561608 -0.07019814790753069
4.4924774946334045 -0.07394194782634604
4.5553093477052 -0.07765907765754229
4.618141200776996 -0.08132701574372501
4.680973053848792 -0.08491900949312918
4.743804906920587 -0.08840367753882734
4.806636759992383 -0.09174463784090325
4.869468613064179 -0.09490018617906426
4.932300466135976 -0.09782305602535407
4.995132319207771 -0.1004602979043849
5.057964172279567 -0.10275332365224628
5.120796025351362 -0.10463816784482753
5.183627878423159 -0.10604602415442561
5.246459731494955 -0.10690411724427337
5.3092915845667505 -0.10713696941370844
5.372123437638546 -0.10666811366557073
5.434955290710342 -0.10542228915549229
5.497787143782137 -0.10332812923123627
5.560618996853934 -0.10032131520902954
5.62345084992573 -0.09634812057763152
5.686282702997525 -0.09136921223964206
5.749114556069321 -0.08536351194178321
5.811946409141116 -0.07833185930373773
5.874778262212914 -0.07030016760680378
5.937610115284709 -0.0613217362793204
6.000441968356505 -0.05147839125549669
6.0632738214283 -0.04088017480817689
6.126105674500097 -0.02966340311623756
6.188937527571893 -0.01798704764543311
6.2517693806436885 -0.006027561173945567