0.031415926535897934 0.009808557087237267
0.0942477796076938 0.02933105889318375
0.15707963267948966 0.048571682593973486
0.21991148575128552 0.06734896791072012
0.2827433388230814 0.08549089569584184
0.34557519189487723 0.10283818485560538
0.4084070449666731 0.11924714047089782
0.47123889803846897 0.1345919663885788
0.5340707511102649 0.14876648269129836
0.5969026041820606 0.16168521757787693
0.6597344572538566 0.17328387239467777
0.7225663103256523 0.18351918602160294
0.7853981633974483 0.1923682489286891
0.8482300164692442 0.1998273367224407
0.91106186954104 0.2059103470699429
0.9738937226128359 0.21064693217016933
1.0367255756846319 0.2140804215432078
1.0995574287564276 0.21626562734112725
1.1623892818282235 0.21726661747388737
1.2252211349000193 0.21715453161662643
1.2880529879718152 0.21600550273283556
1.350884841043611 0.21389873320161706
1.413716694115407 0.210914760958248
1.4765485471872026 0.2071339380582468
1.5393804002589986 0.20263513236687025
1.6022122533307945 0.19749465306030958
1.6650441064025903 0.19178539250842339
1.7278759594743862 0.18557617093102696
1.7907078125461822 0.1789312658888624
1.853539665617978 0.17191010600190773
1.9163715186897736 0.16456710704078675
1.9792033717615696 0.15695162844570706
2.0420352248333655 0.14910802912531076
2.104867077905162 0.14107580282641466
2.1676989309769574 0.13288977522529466
2.230530784048753 0.12458034698742487
2.2933626371205493 0.11617376922764111
2.356194490192345 0.10769243996403617
2.4190263432641403 0.09915521221579711
2.4818581963359367 0.0905777062941885
2.5446900494077322 0.08197262054579235
2.607521902479528 0.07335003631417472
2.670353755551324 0.06471771418960964
2.7331856086231197 0.05608137972468951
2.796017461694916 0.0474449977208517
2.8588493147667116 0.0388110349546477
2.9216811678385075 0.030180711831889532
2.9845130209103035 0.021554243951445787
3.047344873982099 0.012931074945988384
3.1101767270538954 0.004310102260085958
3.173008580125691 -0.004310102260085958
3.2358404331974873 -0.012931074945988384
3.2986722862692828 -0.021554243951445787
3.3615041393410787 -0.030180711831889532
3.4243359924128747 -0.0388110349546477
3.48716784548467 -0.0474449977208517
3.549999698556466 -0.05608137972468938
3.612831551628262 -0.06471771418960964
3.675663404700058 -0.07335003631417472
3.7384952577718535 -0.08197262054579224
3.8013271108436495 -0.0905777062941885
3.8641589639154454 -0.09915521221579711
3.9269908169872414 -0.10769243996403617
3.989822670059038 -0.11617376922764121
4.052654523130833 -0.12458034698742487
4.115486376202629 -0.13288977522529466
4.178318229274425 -0.14107580282641463
4.241150082346222 -0.14910802912531093
4.303981935418017 -0.15695162844570706
4.366813788489813 -0.16456710704078675
4.429645641561608 -0.17191010600190773
4.4924774946334045 -0.1789312658888625
4.5553093477052 -0.18557617093102696
4.618141200776996 -0.19178539250842339
4.680973053848792 -0.19749465306030956
4.743804906920587 -0.2026351323668702
4.806636759992383 -0.2071339380582467
4.869468613064179 -0.210914760958248
4.932300466135976 -0.2138987332016172
4.995132319207771 -0.21600550273283556
5.057964172279567 -0.2171545316166264
5.120796025351362 -0.21726661747388737
5.183627878423159 -0.21626562734112725
5.246459731494955 -0.21408042154320767
5.3092915845667505 -0.21064693217016933
5.372123437638546 -0.2059103470699429
5.434955290710342 -0.19982733672244077
5.497787143782137 -0.19236824892868923
5.560618996853934 -0.18351918602160278
5.62345084992573 -0.17328387239467777
5.686282702997525 -0.16168521757787693
5.749114556069321 -0.14876648269129847
5.811946409141116 -0.134591966388579
5.874778262212914 -0.11924714047089778
5.937610115284709 -0.10283818485560538
6.000441968356505 -0.08549089569584184
6.0632738214283 -0.0673489679107203
6.126105674500097 -0.048571682593973486
6.188937527571893 -0.029331058893183666
6.2517693806436885 -0.009808557087237267