0.031415926535897934 0.007638172056803919
0.0942477796076938 0.022891614380730053
0.15707963267948966 0.038076381494903146
0.21991148575128552 0.05314678993559263
0.2827433388230814 0.06805730446064831
0.34557519189487723 0.08276259387022918
0.4084070449666731 0.09721758363029341
0.47123889803846897 0.11137750476459282
0.5340707511102649 0.12519793875256405
0.5969026041820606 0.13863485848874355
0.6597344572538566 0.1516446657163926
0.7225663103256523 0.16418422573513916
0.7853981633974483 0.1762109005899351
0.8482300164692442 0.187682582365999
0.91106186954104 0.19855772863031587
0.9738937226128359 0.20879540246258116
1.0367255756846319 0.21835531989414722
1.0995574287564276 0.22719790790849684
1.1623892818282235 0.23528437643587952
1.2252211349000193 0.24257680798150877
1.2880529879718152 0.24903826864343026
1.350884841043611 0.2546329442837487
1.413716694115407 0.25932630549522223
1.4765485471872026 0.26308530473349173
1.5393804002589986 0.26587860854259393
1.6022122533307945 0.26767686716820255
1.6650441064025903 0.26845302301205315
1.7278759594743862 0.26818265831938237
1.7907078125461822 0.26684438120279624
1.853539665617978 0.2644202475938348
1.9163715186897736 0.26089621499280363
1.9792033717615696 0.2562626219882716
2.0420352248333655 0.2505146854875836
2.104867077905162 0.24365300550579386
2.1676989309769574 0.23568406528987185
2.230530784048753 0.22662071261473488
2.2933626371205493 0.2164826064014761
2.356194490192345 0.20529661151194878
2.4190263432641403 0.19309712380805588
2.4818581963359367 0.17992630746386337
2.5446900494077322 0.1658342272019216
2.607521902479528 0.15087885967970202
2.670353755551324 0.13512597072213217
2.7331856086231197 0.11864884847102564
2.796017461694916 0.10152788672725
2.8588493147667116 0.08385001765451697
2.9216811678385075 0.06570799838700954
2.9845130209103035 0.04719956167233936
3.047344873982099 0.02842644618137272
3.1101767270538954 0.009493327202986243
3.173008580125691 -0.009493327202986243
3.2358404331974873 -0.02842644618137272
3.2986722862692828 -0.04719956167233936
3.3615041393410787 -0.06570799838700954
3.4243359924128747 -0.08385001765451697
3.48716784548467 -0.10152788672725
3.549999698556466 -0.11864884847102555
3.612831551628262 -0.13512597072213217
3.675663404700058 -0.15087885967970202
3.7384952577718535 -0.1658342272019215
3.8013271108436495 -0.17992630746386337
3.8641589639154454 -0.19309712380805588
3.9269908169872414 -0.20529661151194878
3.989822670059038 -0.21648260640147632
4.052654523130833 -0.22662071261473488
4.115486376202629 -0.23568406528987185
4.178318229274425 -0.24365300550579394
4.241150082346222 -0.2505146854875837
4.303981935418017 -0.2562626219882717
4.366813788489813 -0.26089621499280363
4.429645641561608 -0.2644202475938348
4.4924774946334045 -0.26684438120279624
4.5553093477052 -0.26818265831938237
4.618141200776996 -0.26845302301205304
4.680973053848792 -0.26767686716820255
4.743804906920587 -0.265878608542594
4.806636759992383 -0.26308530473349184
4.869468613064179 -0.25932630549522223
4.932300466135976 -0.2546329442837487
4.995132319207771 -0.24903826864343026
5.057964172279567 -0.24257680798150877
5.120796025351362 -0.23528437643587952
5.183627878423159 -0.22719790790849684
5.246459731494955 -0.21835531989414708
5.3092915845667505 -0.20879540246258116
5.372123437638546 -0.19855772863031587
5.434955290710342 -0.18768258236599922
5.497787143782137 -0.17621090058993522
5.560618996853934 -0.16418422573513908
5.62345084992573 -0.1516446657163926
5.686282702997525 -0.13863485848874355
5.749114556069321 -0.12519793875256427
5.811946409141116 -0.11137750476459307
5.874778262212914 -0.09721758363029334
5.937610115284709 -0.08276259387022918
6.000441968356505 -0.06805730446064831
6.0632738214283 -0.05314678993559269
6.126105674500097 -0.038076381494903146
6.188937527571893 -0.022891614380729914
6.2517693806436885 -0.007638172056803919