0.031415926535897934 0.007863536339409921
0.0942477796076938 0.02356608081805507
0.15707963267948966 0.039195084657618215
0.21991148575128552 0.05470166666944343
0.2827433388230814 0.07003716233741362
0.34557519189487723 0.08515320624733107
0.4084070449666731 0.10000181057048634
0.47123889803846897 0.1145354388845175
0.5340707511102649 0.12870707490662558
0.5969026041820606 0.14247028605400447
0.6597344572538566 0.1557792821244948
0.7225663103256523 0.16858896979644714
0.7853981633974483 0.18085500406909363
0.8482300164692442 0.1925338381912087
0.91106186954104 0.20358277404366698
0.9738937226128359 0.21396001533737646
1.0367255756846319 0.2236247263481579
1.0995574287564276 0.2325370992201064
1.1623892818282235 0.24065843311397853
1.2252211349000193 0.2479512286417047
1.2880529879718152 0.25437930109629997
1.350884841043611 0.2599079159417414
1.413716694115407 0.26450394985319337
1.4765485471872026 0.2681360802778593
1.5393804002589986 0.2707750060051958
1.6022122533307945 0.2723937005786036
1.6650441064025903 0.27296769953844185
1.7278759594743862 0.27247542145246745
1.7907078125461822 0.27089852146528226
1.853539665617978 0.26822227469240445
1.9163715186897736 0.26443598521727046
1.9792033717615696 0.2595334147537334
2.0420352248333655 0.25351322325988124
2.104867077905162 0.24637941199426186
2.1676989309769574 0.2381417577715489
2.230530784048753 0.22881622559441103
2.2933626371205493 0.21842534551665974
2.356194490192345 0.20699853864135206
2.4190263432641403 0.19457237668878977
2.4818581963359367 0.18119075968784984
2.5446900494077322 0.16690499713731044
2.607521902479528 0.15177377951192797
2.670353755551324 0.13586302927404034
2.7331856086231197 0.11924562357291887
2.796017461694916 0.10200098449733719
2.8588493147667116 0.08421453696504734
2.9216811678385075 0.06597703890894424
2.9845130209103035 0.04738379313416471
3.047344873982099 0.02853375482422704
3.1101767270538954 0.00952855290642936
3.173008580125691 -0.00952855290642936
3.2358404331974873 -0.02853375482422704
3.2986722862692828 -0.04738379313416471
3.3615041393410787 -0.06597703890894424
3.4243359924128747 -0.08421453696504734
3.48716784548467 -0.10200098449733719
3.549999698556466 -0.1192456235729188
3.612831551628262 -0.13586302927404034
3.675663404700058 -0.15177377951192797
3.7384952577718535 -0.16690499713731027
3.8013271108436495 -0.18119075968784984
3.8641589639154454 -0.19457237668878968
3.9269908169872414 -0.20699853864135206
3.989822670059038 -0.2184253455166599
4.052654523130833 -0.22881622559441103
4.115486376202629 -0.2381417577715489
4.178318229274425 -0.2463794119942621
4.241150082346222 -0.25351322325988135
4.303981935418017 -0.2595334147537335
4.366813788489813 -0.26443598521727046
4.429645641561608 -0.26822227469240434
4.4924774946334045 -0.27089852146528226
4.5553093477052 -0.27247542145246745
4.618141200776996 -0.2729676995384419
4.680973053848792 -0.2723937005786036
4.743804906920587 -0.2707750060051958
4.806636759992383 -0.2681360802778592
4.869468613064179 -0.26450394985319337
4.932300466135976 -0.25990791594174134
4.995132319207771 -0.25437930109630014
5.057964172279567 -0.2479512286417048
5.120796025351362 -0.24065843311397855
5.183627878423159 -0.2325370992201064
5.246459731494955 -0.22362472634815764
5.3092915845667505 -0.21396001533737646
5.372123437638546 -0.20358277404366698
5.434955290710342 -0.1925338381912087
5.497787143782137 -0.18085500406909372
5.560618996853934 -0.16858896979644708
5.62345084992573 -0.1557792821244948
5.686282702997525 -0.14247028605400447
5.749114556069321 -0.12870707490662558
5.811946409141116 -0.11453543888451775
5.874778262212914 -0.10000181057048634
5.937610115284709 -0.08515320624733107
6.000441968356505 -0.07003716233741362
6.0632738214283 -0.05470166666944352
6.126105674500097 -0.039195084657618215
6.188937527571893 -0.023566080818054978
6.2517693806436885 -0.007863536339409921