0.031415926535897934 0.009059015975746482
0.0942477796076938 0.027136045976956732
0.15707963267948966 0.0450903168138423
0.21991148575128552 0.06284080897033203
0.2827433388230814 0.08030772458623807
0.34557519189487723 0.09741295976313633
0.4084070449666731 0.11408056077430684
0.47123889803846897 0.13023715994878346
0.5340707511102649 0.14581238727037946
0.5969026041820606 0.16073925405687425
0.6597344572538566 0.1749545054581787
0.7225663103256523 0.18839893893014634
0.7853981633974483 0.2010176862967733
0.8482300164692442 0.21276045750097244
0.91106186954104 0.22358174465522934
0.9738937226128359 0.2334409855298572
1.0367255756846319 0.24230268614932046
1.0995574287564276 0.25013650269685567
1.1623892818282235 0.2569172834449288
1.2252211349000193 0.26262507192454904
1.2880529879718152 0.2672450730111231
1.350884841043611 0.2707675840300127
1.413716694115407 0.2731878933637901
1.4765485471872026 0.2745061493689794
1.5393804002589986 0.27472720267780865
1.6022122533307945 0.2738604251665155
1.6650441064025903 0.2719195090139861
1.7278759594743862 0.26892224935240155
1.7907078125461822 0.2648903140261052
1.853539665617978 0.2598490039284906
1.9163715186897736 0.2538270072830654
1.9792033717615696 0.24685615107878442
2.0420352248333655 0.23897115266701496
2.104867077905162 0.23020937428454472
2.1676989309769574 0.2206105829907456
2.230530784048753 0.2102167182044848
2.2933626371205493 0.1990716687047916
2.356194490192345 0.18722106062556004
2.4190263432641403 0.17471205763533487
2.4818581963359367 0.16159317415461694
2.5446900494077322 0.14791410213066952
2.607521902479528 0.13372555156844007
2.670353755551324 0.11907910471014878
2.7331856086231197 0.10402708346889868
2.796017461694916 0.08862242945623953
2.8588493147667116 0.07291859570226736
2.9216811678385075 0.05696944895132223
2.9845130209103035 0.04082918122796836
3.047344873982099 0.024552229207592025
3.1101767270538954 0.008193199794252325
3.173008580125691 -0.008193199794252325
3.2358404331974873 -0.024552229207592025
3.2986722862692828 -0.04082918122796836
3.3615041393410787 -0.05696944895132223
3.4243359924128747 -0.07291859570226736
3.48716784548467 -0.08862242945623953
3.549999698556466 -0.10402708346889855
3.612831551628262 -0.11907910471014878
3.675663404700058 -0.13372555156844007
3.7384952577718535 -0.14791410213066933
3.8013271108436495 -0.16159317415461694
3.8641589639154454 -0.17471205763533487
3.9269908169872414 -0.18722106062556004
3.989822670059038 -0.19907166870479182
4.052654523130833 -0.2102167182044848
4.115486376202629 -0.2206105829907456
4.178318229274425 -0.230209374284545
4.241150082346222 -0.2389711526670149
4.303981935418017 -0.2468561510787845
4.366813788489813 -0.2538270072830654
4.429645641561608 -0.2598490039284905
4.4924774946334045 -0.26489031402610524
4.5553093477052 -0.26892224935240155
4.618141200776996 -0.2719195090139861
4.680973053848792 -0.27386042516651554
4.743804906920587 -0.2747272026778086
4.806636759992383 -0.2745061493689794
4.869468613064179 -0.2731878933637901
4.932300466135976 -0.2707675840300126
4.995132319207771 -0.2672450730111231
5.057964172279567 -0.2626250719245492
5.120796025351362 -0.2569172834449289
5.183627878423159 -0.25013650269685567
5.246459731494955 -0.24230268614932038
5.3092915845667505 -0.2334409855298572
5.372123437638546 -0.22358174465522934
5.434955290710342 -0.2127604575009725
5.497787143782137 -0.20101768629677352
5.560618996853934 -0.18839893893014628
5.62345084992573 -0.1749545054581787
5.686282702997525 -0.16073925405687425
5.749114556069321 -0.14581238727037957
5.811946409141116 -0.1302371599487838
5.874778262212914 -0.11408056077430664
5.937610115284709 -0.09741295976313633
6.000441968356505 -0.08030772458623807
6.0632738214283 -0.06284080897033224
6.126105674500097 -0.0450903168138423
6.188937527571893 -0.027136045976956628
6.2517693806436885 -0.009059015975746482