0.031415926535897934 0.002323717686413902
0.0942477796076938 0.006962153548586902
0.15707963267948966 0.011573624256179721
0.21991148575128552 0.016140264180168912
0.2827433388230814 0.020644373993081184
0.34557519189487723 0.02506848637378329
0.4084070449666731 0.029395430903694713
0.47123889803846897 0.033608397933476294
0.5340707511102649 0.03769100120630341
0.5969026041820606 0.041627339031937806
0.6597344572538566 0.04540205381466992
0.7225663103256523 0.04900038974752371
0.7853981633974483 0.05240824849457153
0.8482300164692442 0.05561224269249518
0.91106186954104 0.058599747111344816
0.9738937226128359 0.061358947322538396
1.0367255756846319 0.06387888572926807
1.0995574287564276 0.06614950482047786
1.1623892818282235 0.06816168751433493
1.2252211349000193 0.06990729446057874
1.2880529879718152 0.07137919817335431
1.350884841043611 0.07257131386719617
1.413716694115407 0.07347862686893117
1.4765485471872026 0.07409721647765359
1.5393804002589986 0.07442427614392427
1.6022122533307945 0.07445812983832309
1.6650441064025903 0.07419824447888392
1.7278759594743862 0.07364523828720539
1.7907078125461822 0.07280088494465004
1.853539665617978 0.07166811342348589
1.9163715186897736 0.07025100337356326
1.9792033717615696 0.06855477595357354
2.0420352248333655 0.06658578000748279
2.104867077905162 0.06435147350167685
2.1676989309769574 0.0618604001569157
2.230530784048753 0.05912216123148107
2.2933626371205493 0.05614738243792999
2.356194490192345 0.05294767600550099
2.4190263432641403 0.049535597933253794
2.4818581963359367 0.04592460051504216
2.5446900494077322 0.042128980255989164
2.607521902479528 0.03816382134061063
2.670353755551324 0.03404493485445258
2.7331856086231197 0.02978879400327097
2.796017461694916 0.025412465615552514
2.8588493147667116 0.020933538254692477
2.9216811678385075 0.016370047305488737
2.9845130209103035 0.011740397434957316
3.047344873982099 0.007063282858948726
3.1101767270538954 0.0023576058729459447
3.173008580125691 -0.0023576058729459447
3.2358404331974873 -0.007063282858948726
3.2986722862692828 -0.011740397434957316
3.3615041393410787 -0.016370047305488737
3.4243359924128747 -0.020933538254692477
3.48716784548467 -0.025412465615552514
3.549999698556466 -0.02978879400327097
3.612831551628262 -0.03404493485445258
3.675663404700058 -0.03816382134061063
3.7384952577718535 -0.04212898025598923
3.8013271108436495 -0.04592460051504216
3.8641589639154454 -0.049535597933253794
3.9269908169872414 -0.05294767600550099
3.989822670059038 -0.05614738243792997
4.052654523130833 -0.05912216123148107
4.115486376202629 -0.0618604001569157
4.178318229274425 -0.0643514735016769
4.241150082346222 -0.06658578000748286
4.303981935418017 -0.06855477595357348
4.366813788489813 -0.07025100337356326
4.429645641561608 -0.07166811342348589
4.4924774946334045 -0.07280088494465015
4.5553093477052 -0.07364523828720539
4.618141200776996 -0.07419824447888383
4.680973053848792 -0.07445812983832317
4.743804906920587 -0.07442427614392427
4.806636759992383 -0.0740972164776536
4.869468613064179 -0.07347862686893117
4.932300466135976 -0.0725713138671962
4.995132319207771 -0.0713791981733543
5.057964172279567 -0.06990729446057876
5.120796025351362 -0.06816168751433507
5.183627878423159 -0.06614950482047786
5.246459731494955 -0.06387888572926799
5.3092915845667505 -0.061358947322538396
5.372123437638546 -0.058599747111344816
5.434955290710342 -0.05561224269249523
5.497787143782137 -0.052408248494571735
5.560618996853934 -0.04900038974752366
5.62345084992573 -0.04540205381466992
5.686282702997525 -0.041627339031937806
5.749114556069321 -0.03769100120630345
5.811946409141116 -0.03360839793347641
5.874778262212914 -0.029395430903694803
5.937610115284709 -0.02506848637378329
6.000441968356505 -0.020644373993081184
6.0632738214283 -0.016140264180168912
6.126105674500097 -0.011573624256179721
6.188937527571893 -0.006962153548586853
6.2517693806436885 -0.002323717686413902