0.031415926535897934 0.007413897386698091
0.0942477796076938 0.022219155308162923
0.15707963267948966 0.036956831683077916
0.21991148575128552 0.05158196849522995
0.2827433388230814 0.06604975105523991
0.34557519189487723 0.08031556303791663
0.4084070449666731 0.0943350394510267
0.47123889803846897 0.10806411725922684
0.5340707511102649 0.12145908361197523
0.5969026041820606 0.13447662188738174
0.6597344572538566 0.14707385605834425
0.7225663103256523 0.1592083942051563
0.7853981633974483 0.1708383723313713
0.8482300164692442 0.18192249997752463
0.91106186954104 0.1924201094600203
0.9738937226128359 0.20229121087889393
1.0367255756846319 0.21149655532634143
1.0995574287564276 0.21999770897495058
1.1623892818282235 0.22775714091683527
1.2252211349000193 0.2347383277477009
1.2880529879718152 0.24090587792789522
1.350884841043611 0.24622567888965524
1.413716694115407 0.25066506967969343
1.4765485471872026 0.2541930416127312
1.5393804002589986 0.25678046894930145
1.6022122533307945 0.2584003709866208
1.6650441064025903 0.25902820615425004
1.7278759594743862 0.25864219773099656
1.7907078125461822 0.25722368964681847
1.853539665617978 0.2547575295125907
1.9163715186897736 0.25123247455107234
1.9792033717615696 0.2466416145160848
2.0420352248333655 0.24098280402941236
2.104867077905162 0.2342590950964611
2.1676989309769574 0.22647915895710888
2.230530784048753 0.2176576849755085
2.2933626371205493 0.2078157430704901
2.356194490192345 0.19698109534128747
2.4190263432641403 0.18518844215608715
2.4818581963359367 0.17247958814011166
2.5446900494077322 0.15890351430559746
2.607521902479528 0.14451634406210687
2.670353755551324 0.1293811930510919
2.7331856086231197 0.11356789563977245
2.796017461694916 0.09715260441483896
2.8588493147667116 0.08021726301554692
2.9216811678385075 0.06284895697139699
2.9845130209103035 0.045139151655803005
3.047344873982099 0.02718283080123651
3.1101767270538954 0.009077552999799142
3.173008580125691 -0.009077552999799142
3.2358404331974873 -0.02718283080123651
3.2986722862692828 -0.045139151655803005
3.3615041393410787 -0.06284895697139699
3.4243359924128747 -0.08021726301554692
3.48716784548467 -0.09715260441483896
3.549999698556466 -0.11356789563977238
3.612831551628262 -0.1293811930510919
3.675663404700058 -0.14451634406210687
3.7384952577718535 -0.15890351430559735
3.8013271108436495 -0.17247958814011166
3.8641589639154454 -0.18518844215608696
3.9269908169872414 -0.19698109534128747
3.989822670059038 -0.20781574307049025
4.052654523130833 -0.2176576849755085
4.115486376202629 -0.22647915895710888
4.178318229274425 -0.23425909509646115
4.241150082346222 -0.2409828040294124
4.303981935418017 -0.24664161451608496
4.366813788489813 -0.25123247455107234
4.429645641561608 -0.2547575295125906
4.4924774946334045 -0.2572236896468184
4.5553093477052 -0.25864219773099656
4.618141200776996 -0.25902820615425
4.680973053848792 -0.25840037098662066
4.743804906920587 -0.25678046894930145
4.806636759992383 -0.25419304161273104
4.869468613064179 -0.25066506967969343
4.932300466135976 -0.24622567888965516
4.995132319207771 -0.24090587792789497
5.057964172279567 -0.23473832774770098
5.120796025351362 -0.22775714091683533
5.183627878423159 -0.21999770897495058
5.246459731494955 -0.21149655532634148
5.3092915845667505 -0.20229121087889393
5.372123437638546 -0.1924201094600203
5.434955290710342 -0.1819224999775247
5.497787143782137 -0.17083837233137136
5.560618996853934 -0.15920839420515628
5.62345084992573 -0.14707385605834425
5.686282702997525 -0.13447662188738174
5.749114556069321 -0.12145908361197537
5.811946409141116 -0.10806411725922706
5.874778262212914 -0.09433503945102666
5.937610115284709 -0.08031556303791663
6.000441968356505 -0.06604975105523991
6.0632738214283 -0.05158196849522995
6.126105674500097 -0.036956831683077916
6.188937527571893 -0.02221915530816272
6.2517693806436885 -0.007413897386698091