0.031415926535897934 0.007420824546559171
0.0942477796076938 0.02224067956918506
0.15707963267948966 0.03699517564346623
0.21991148575128552 0.05164081721619155
0.2827433388230814 0.06613422275700379
0.34557519189487723 0.08043216728702679
0.4084070449666731 0.09449162208305038
0.47123889803846897 0.10826979110966277
0.5340707511102649 0.12172414399012789
0.5969026041820606 0.1348124456306097
0.6597344572538566 0.1474927829547178
0.7225663103256523 0.15972358957850719
0.7853981633974483 0.17146366965135862
0.8482300164692442 0.182672222496059
0.91106186954104 0.19330887009149367
0.9738937226128359 0.20333368984231986
1.0367255756846319 0.21270725545937713
1.0995574287564276 0.22139068911879392
1.1623892818282235 0.22934572836171208
1.2252211349000193 0.23653481142366978
1.2880529879718152 0.2429211848246792
1.350884841043611 0.2484690370878943
1.413716694115407 0.25314366236496394
1.4765485471872026 0.2569116575069861
1.5393804002589986 0.25974115570823664
1.6022122533307945 0.2616020992429325
1.6650441064025903 0.2624665529926764
1.7278759594743862 0.2623090594074328
1.7907078125461822 0.26110703424592013
1.853539665617978 0.25884120090149176
1.9163715186897736 0.25549605934876923
1.9792033717615696 0.25106038377202444
2.0420352248333655 0.24552774080489953
2.104867077905162 0.23889701808995983
2.1676989309769574 0.23117295064575893
2.230530784048753 0.22236663042072377
2.2933626371205493 0.21249598254921376
2.356194490192345 0.20158619035237751
2.4190263432641403 0.18967005019877894
2.4818581963359367 0.1767882371075282
2.5446900494077322 0.1629894625736104
2.607521902479528 0.14833050762396802
2.670353755551324 0.13287611663040508
2.7331856086231197 0.11669874090875239
2.796017461694916 0.09987812555041937
2.8588493147667116 0.08250073811495046
2.9216811678385075 0.06465904353953314
2.9845130209103035 0.04645063560854903
3.047344873982099 0.027977241240942304
3.1101767270538954 0.009343619340077224
3.173008580125691 -0.009343619340077224
3.2358404331974873 -0.027977241240942304
3.2986722862692828 -0.04645063560854903
3.3615041393410787 -0.06465904353953314
3.4243359924128747 -0.08250073811495046
3.48716784548467 -0.09987812555041937
3.549999698556466 -0.1166987409087522
3.612831551628262 -0.13287611663040508
3.675663404700058 -0.14833050762396802
3.7384952577718535 -0.1629894625736104
3.8013271108436495 -0.1767882371075282
3.8641589639154454 -0.18967005019877883
3.9269908169872414 -0.20158619035237751
3.989822670059038 -0.212495982549214
4.052654523130833 -0.22236663042072377
4.115486376202629 -0.23117295064575893
4.178318229274425 -0.23889701808996
4.241150082346222 -0.24552774080489964
4.303981935418017 -0.2510603837720245
4.366813788489813 -0.25549605934876923
4.429645641561608 -0.25884120090149176
4.4924774946334045 -0.2611070342459202
4.5553093477052 -0.2623090594074328
4.618141200776996 -0.2624665529926765
4.680973053848792 -0.2616020992429325
4.743804906920587 -0.25974115570823664
4.806636759992383 -0.2569116575069862
4.869468613064179 -0.25314366236496394
4.932300466135976 -0.2484690370878942
4.995132319207771 -0.2429211848246792
5.057964172279567 -0.23653481142366978
5.120796025351362 -0.22934572836171208
5.183627878423159 -0.22139068911879392
5.246459731494955 -0.21270725545937702
5.3092915845667505 -0.20333368984231986
5.372123437638546 -0.19330887009149367
5.434955290710342 -0.182672222496059
5.497787143782137 -0.17146366965135884
5.560618996853934 -0.1597235895785071
5.62345084992573 -0.1474927829547178
5.686282702997525 -0.1348124456306097
5.749114556069321 -0.12172414399012789
5.811946409141116 -0.10826979110966309
5.874778262212914 -0.09449162208305036
5.937610115284709 -0.08043216728702679
6.000441968356505 -0.06613422275700379
6.0632738214283 -0.051640817216191626
6.126105674500097 -0.03699517564346623
6.188937527571893 -0.022240679569184938
6.2517693806436885 -0.007420824546559171