0.031415926535897934 0.006749905127445169
0.0942477796076938 0.020230473646925005
0.15707963267948966 0.03365332516890343
0.21991148575128552 0.046980008899285074
0.2827433388230814 0.06017211431858439
0.34557519189487723 0.0731912863067821
0.4084070449666731 0.08599923946490909
0.47123889803846897 0.09855777165963377
0.5340707511102649 0.11082877700234198
0.5969026041820606 0.122774258693213
0.6597344572538566 0.13435634240925334
0.7225663103256523 0.1455372911879469
0.7853981633974483 0.15627952304906892
0.8482300164692442 0.16654563289935015
0.91106186954104 0.17629842057007572
0.9738937226128359 0.1855009271372857
1.0367255756846319 0.194116481957625
1.0995574287564276 0.20210876310829817
1.1623892818282235 0.20944187413366028
1.2252211349000193 0.21608044015871922
1.2880529879718152 0.22198972651453686
1.350884841043611 0.22713578301385776
1.413716694115407 0.23148561689759659
1.4765485471872026 0.23500739722344743
1.5393804002589986 0.23767069306606997
1.6022122533307945 0.23944674732413393
1.6650441064025903 0.24030878716538961
1.7278759594743862 0.24023237117337262
1.7907078125461822 0.2391957720812159
1.853539665617978 0.2371803925909594
1.9163715186897736 0.23417121019387993
1.9792033717615696 0.23015724515607294
2.0420352248333655 0.2251320439577741
2.104867077905162 0.2190941685371367
2.1676989309769574 0.2120476797710534
2.230530784048753 0.2040026018273775
2.2933626371205493 0.19497535246096526
2.356194490192345 0.1849891231281219
2.4190263432641403 0.17407419209250768
2.4818581963359367 0.16226815361767943
2.5446900494077322 0.14961604699840547
2.607521902479528 0.13617037065748905
2.670353755551324 0.12199096886904418
2.7331856086231197 0.10714478185306084
2.796017461694916 0.09170545394981008
2.8588493147667116 0.07575279919257671
2.9216811678385075 0.059372128658083036
2.9845130209103035 0.04265344923721943
3.047344873982099 0.025690548647257887
3.1101767270538954 0.008579986295511889
3.173008580125691 -0.008579986295511889
3.2358404331974873 -0.025690548647257887
3.2986722862692828 -0.04265344923721943
3.3615041393410787 -0.059372128658083036
3.4243359924128747 -0.07575279919257671
3.48716784548467 -0.09170545394981008
3.549999698556466 -0.1071447818530606
3.612831551628262 -0.12199096886904418
3.675663404700058 -0.13617037065748905
3.7384952577718535 -0.14961604699840547
3.8013271108436495 -0.16226815361767943
3.8641589639154454 -0.17407419209250768
3.9269908169872414 -0.1849891231281219
3.989822670059038 -0.19497535246096537
4.052654523130833 -0.2040026018273775
4.115486376202629 -0.2120476797710534
4.178318229274425 -0.21909416853713665
4.241150082346222 -0.22513204395777414
4.303981935418017 -0.23015724515607303
4.366813788489813 -0.23417121019387993
4.429645641561608 -0.23718039259095927
4.4924774946334045 -0.23919577208121584
4.5553093477052 -0.24023237117337262
4.618141200776996 -0.24030878716538964
4.680973053848792 -0.23944674732413393
4.743804906920587 -0.23767069306607005
4.806636759992383 -0.23500739722344757
4.869468613064179 -0.23148561689759659
4.932300466135976 -0.2271357830138577
4.995132319207771 -0.22198972651453677
5.057964172279567 -0.21608044015871922
5.120796025351362 -0.20944187413366036
5.183627878423159 -0.20210876310829817
5.246459731494955 -0.19411648195762474
5.3092915845667505 -0.1855009271372857
5.372123437638546 -0.17629842057007572
5.434955290710342 -0.16654563289935015
5.497787143782137 -0.15627952304906909
5.560618996853934 -0.1455372911879467
5.62345084992573 -0.13435634240925334
5.686282702997525 -0.122774258693213
5.749114556069321 -0.11082877700234207
5.811946409141116 -0.0985577716596339
5.874778262212914 -0.08599923946490894
5.937610115284709 -0.0731912863067821
6.000441968356505 -0.06017211431858439
6.0632738214283 -0.046980008899285136
6.126105674500097 -0.03365332516890343
6.188937527571893 -0.020230473646924933
6.2517693806436885 -0.006749905127445169