0.031415926535897934 0.004859907711649527
0.0942477796076938 0.01456654642439868
0.15707963267948966 0.024233647988392178
0.21991148575128552 0.03383483100950344
0.2827433388230814 0.04334367949687104
0.34557519189487723 0.05273372975800655
0.4084070449666731 0.061978458126062
0.47123889803846897 0.07105126989600173
0.5340707511102649 0.07992548994796517
0.5969026041820606 0.0885743556570552
0.6597344572538566 0.09697101282712417
0.7225663103256523 0.1050885155392381
0.7853981633974483 0.11289983097017357
0.8482300164692442 0.12037785040858037
0.91106186954104 0.12749540787151706
0.9738937226128359 0.13422530789615808
1.0367255756846319 0.14054036424367217
1.0995574287564276 0.14641345139643072
1.1623892818282235 0.15181757084637126
1.2252211349000193 0.1567259342505731
1.2880529879718152 0.16111206555768942
1.350884841043611 0.16494992417217097
1.413716694115407 0.16821405110762588
1.4765485471872026 0.1708797398708604
1.5393804002589986 0.17292323349878272
1.6022122533307945 0.17432194872685633
1.6650441064025903 0.17505472768749775
1.7278759594743862 0.1751021168102845
1.7907078125461822 0.17444667171859768
1.853539665617978 0.17307328589153478
1.9163715186897736 0.1709695396964719
1.9792033717615696 0.16812606511791775
2.0420352248333655 0.16453692014587273
2.104867077905162 0.16019996538875342
2.1676989309769574 0.15511723410281392
2.230530784048753 0.14929528555571292
2.2933626371205493 0.1427455305514296
2.356194490192345 0.13548451712958343
2.4190263432641403 0.1275341640092016
2.4818581963359367 0.11892192936544203
2.5446900494077322 0.1096809030855543
2.607521902479528 0.09984981180398894
2.670353755551324 0.08947292779262292
2.7331856086231197 0.07859987516947493
2.796017461694916 0.06728532983391845
2.8588493147667116 0.05558861293868813
2.9216811678385075 0.043573181425750784
2.9845130209103035 0.03130602300382762
3.047344873982099 0.01885696672281844
3.1101767270538954 0.006297923785403379
3.173008580125691 -0.006297923785403379
3.2358404331974873 -0.01885696672281844
3.2986722862692828 -0.03130602300382762
3.3615041393410787 -0.043573181425750784
3.4243359924128747 -0.05558861293868813
3.48716784548467 -0.06728532983391845
3.549999698556466 -0.07859987516947496
3.612831551628262 -0.08947292779262292
3.675663404700058 -0.09984981180398894
3.7384952577718535 -0.10968090308555421
3.8013271108436495 -0.11892192936544203
3.8641589639154454 -0.1275341640092016
3.9269908169872414 -0.13548451712958343
3.989822670059038 -0.14274553055142972
4.052654523130833 -0.14929528555571292
4.115486376202629 -0.15511723410281392
4.178318229274425 -0.16019996538875347
4.241150082346222 -0.1645369201458728
4.303981935418017 -0.16812606511791786
4.366813788489813 -0.1709695396964719
4.429645641561608 -0.17307328589153478
4.4924774946334045 -0.17444667171859776
4.5553093477052 -0.1751021168102845
4.618141200776996 -0.1750547276874977
4.680973053848792 -0.17432194872685633
4.743804906920587 -0.17292323349878272
4.806636759992383 -0.17087973987086047
4.869468613064179 -0.16821405110762588
4.932300466135976 -0.16494992417217097
4.995132319207771 -0.1611120655576895
5.057964172279567 -0.1567259342505731
5.120796025351362 -0.15181757084637115
5.183627878423159 -0.14641345139643072
5.246459731494955 -0.14054036424367192
5.3092915845667505 -0.13422530789615808
5.372123437638546 -0.12749540787151706
5.434955290710342 -0.12037785040858043
5.497787143782137 -0.11289983097017366
5.560618996853934 -0.10508851553923805
5.62345084992573 -0.09697101282712417
5.686282702997525 -0.0885743556570552
5.749114556069321 -0.07992548994796526
5.811946409141116 -0.07105126989600187
5.874778262212914 -0.06197845812606198
5.937610115284709 -0.05273372975800655
6.000441968356505 -0.04334367949687104
6.0632738214283 -0.033834831009503546
6.126105674500097 -0.024233647988392178
6.188937527571893 -0.014566546424398481
6.2517693806436885 -0.004859907711649527