0.031415926535897934 0.003959736866473745
0.0942477796076938 0.011867505049165547
0.15707963267948966 0.019740160384217234
0.21991148575128552 0.02755430712661067
0.2827433388230814 0.0352865692685851
0.34557519189487723 0.042913599472725994
0.4084070449666731 0.050412089098360285
0.47123889803846897 0.057758779710725724
0.5340707511102649 0.06493047651729077
0.5969026041820606 0.07190406423943682
0.6597344572538566 0.07865652599845521
0.7225663103256523 0.08516496587001299
0.7853981633974483 0.09140663583802268
0.8482300164692442 0.09735896795387804
0.91106186954104 0.10299961257645157
0.9738937226128359 0.10830648362780293
1.0367255756846319 0.11325781184439777
1.0995574287564276 0.11783220702854122
1.1623892818282235 0.12200873030399692
1.2252211349000193 0.125766977347383
1.2880529879718152 0.1290871734966993
1.350884841043611 0.13195028152402463
1.413716694115407 0.13433812269503043
1.4765485471872026 0.13623351151808924
1.5393804002589986 0.1376204043059372
1.6022122533307945 0.13848406133009694
1.6650441064025903 0.13881122194154918
1.7278759594743862 0.13859029156204508
1.7907078125461822 0.13781153892373943
1.853539665617978 0.13646730135908072
1.9163715186897736 0.13455219533097595
1.9792033717615696 0.13206332876272223
2.0420352248333655 0.12900051110044636
2.104867077905162 0.12536645644484826
2.1676989309769574 0.12116697455512142
2.230530784048753 0.11641114409034463
2.2933626371205493 0.11111146214846172
2.356194490192345 0.10528396402600346
2.4190263432641403 0.09894830718613364
2.4818581963359367 0.09212781371634902
2.5446900494077322 0.08484946609996548
2.607521902479528 0.07714385192626183
2.670353755551324 0.06904505421841207
2.7331856086231197 0.060590485346634505
2.796017461694916 0.051820663981021475
2.8588493147667116 0.04277893617348285
2.9216811678385075 0.03351114337649878
2.9845130209103035 0.024065241932554902
3.047344873982099 0.014490880220233825
3.1101767270538954 0.004838941137656518
3.173008580125691 -0.004838941137656518
3.2358404331974873 -0.014490880220233825
3.2986722862692828 -0.024065241932554902
3.3615041393410787 -0.03351114337649878
3.4243359924128747 -0.04277893617348285
3.48716784548467 -0.051820663981021475
3.549999698556466 -0.06059048534663444
3.612831551628262 -0.06904505421841207
3.675663404700058 -0.07714385192626183
3.7384952577718535 -0.08484946609996541
3.8013271108436495 -0.09212781371634902
3.8641589639154454 -0.09894830718613352
3.9269908169872414 -0.10528396402600346
3.989822670059038 -0.11111146214846178
4.052654523130833 -0.11641114409034463
4.115486376202629 -0.12116697455512142
4.178318229274425 -0.12536645644484826
4.241150082346222 -0.12900051110044636
4.303981935418017 -0.13206332876272234
4.366813788489813 -0.13455219533097595
4.429645641561608 -0.13646730135908072
4.4924774946334045 -0.1378115389237394
4.5553093477052 -0.13859029156204508
4.618141200776996 -0.13881122194154916
4.680973053848792 -0.13848406133009694
4.743804906920587 -0.13762040430593714
4.806636759992383 -0.13623351151808916
4.869468613064179 -0.13433812269503043
4.932300466135976 -0.1319502815240246
4.995132319207771 -0.12908717349669924
5.057964172279567 -0.125766977347383
5.120796025351362 -0.12200873030399692
5.183627878423159 -0.11783220702854122
5.246459731494955 -0.1132578118443977
5.3092915845667505 -0.10830648362780293
5.372123437638546 -0.10299961257645157
5.434955290710342 -0.09735896795387812
5.497787143782137 -0.09140663583802283
5.560618996853934 -0.08516496587001288
5.62345084992573 -0.07865652599845521
5.686282702997525 -0.07190406423943682
5.749114556069321 -0.06493047651729088
5.811946409141116 -0.05775877971072583
5.874778262212914 -0.05041208909836019
5.937610115284709 -0.042913599472725994
6.000441968356505 -0.0352865692685851
6.0632738214283 -0.02755430712661067
6.126105674500097 -0.019740160384217234
6.188937527571893 -0.011867505049165544
6.2517693806436885 -0.003959736866473745