0.031415926535897934 0.005499324944052191
0.0942477796076938 0.016478620389961018
0.15707963267948966 0.02739990567957915
0.21991148575128552 0.038224684348054844
0.2827433388230814 0.04891472448693417
0.34557519189487723 0.05943216280827436
0.4084070449666731 0.06973960705765041
0.47123889803846897 0.0798002364529911
0.5340707511102649 0.08957789992970969
0.5969026041820606 0.09903721209055552
0.6597344572538566 0.1081436468862814
0.7225663103256523 0.11686362918536511
0.7853981633974483 0.1251646245220346
0.8482300164692442 0.1330152274359146
0.91106186954104 0.14038524892788037
0.9738937226128359 0.14724580364940373
1.0367255756846319 0.15356939751128676
1.0995574287564276 0.15933001643709235
1.1623892818282235 0.16450321699221002
1.2252211349000193 0.16906621958744109
1.2880529879718152 0.17299800488318795
1.350884841043611 0.17627941390465568
1.413716694115407 0.17889325221896663
1.4765485471872026 0.18082439832198316
1.5393804002589986 0.18205991613765554
1.6022122533307945 0.18258917124908797
1.6650441064025903 0.18240395016319774
1.7278759594743862 0.18149858156654936
1.7907078125461822 0.17987005816728563
1.853539665617978 0.1775181573474556
1.9163715186897736 0.17444555848371565
1.9792033717615696 0.17065795444611645
2.0420352248333655 0.16616415446965413
2.104867077905162 0.16097617532739375
2.1676989309769574 0.15510931753360754
2.230530784048753 0.14858222318639192
2.2933626371205493 0.14141691203636733
2.356194490192345 0.13363879245392624
2.4190263432641403 0.1252766441716458
2.4818581963359367 0.11636257000654288
2.5446900494077322 0.10693191421961391
2.607521902479528 0.09702314574288871
2.670353755551324 0.08667770518649945
2.7331856086231197 0.07593981531336706
2.796017461694916 0.06485625551469403
2.8588493147667116 0.05347610170798672
2.9216811678385075 0.04185043397918798
2.9845130209103035 0.030032015167382176
3.047344873982099 0.018074944409113235
3.1101767270538954 0.006034290385228964
3.173008580125691 -0.006034290385228964
3.2358404331974873 -0.018074944409113235
3.2986722862692828 -0.030032015167382176
3.3615041393410787 -0.04185043397918798
3.4243359924128747 -0.05347610170798672
3.48716784548467 -0.06485625551469403
3.549999698556466 -0.07593981531336698
3.612831551628262 -0.08667770518649945
3.675663404700058 -0.09702314574288871
3.7384952577718535 -0.10693191421961391
3.8013271108436495 -0.11636257000654288
3.8641589639154454 -0.12527664417164555
3.9269908169872414 -0.13363879245392624
3.989822670059038 -0.14141691203636744
4.052654523130833 -0.14858222318639192
4.115486376202629 -0.15510931753360754
4.178318229274425 -0.16097617532739383
4.241150082346222 -0.16616415446965419
4.303981935418017 -0.17065795444611653
4.366813788489813 -0.17444555848371565
4.429645641561608 -0.17751815734745552
4.4924774946334045 -0.17987005816728552
4.5553093477052 -0.18149858156654936
4.618141200776996 -0.18240395016319777
4.680973053848792 -0.18258917124908802
4.743804906920587 -0.18205991613765554
4.806636759992383 -0.18082439832198322
4.869468613064179 -0.17889325221896663
4.932300466135976 -0.17627941390465574
4.995132319207771 -0.17299800488318795
5.057964172279567 -0.1690662195874411
5.120796025351362 -0.16450321699220993
5.183627878423159 -0.15933001643709235
5.246459731494955 -0.15356939751128676
5.3092915845667505 -0.14724580364940373
5.372123437638546 -0.14038524892788037
5.434955290710342 -0.13301522743591462
5.497787143782137 -0.12516462452203475
5.560618996853934 -0.11686362918536503
5.62345084992573 -0.1081436468862814
5.686282702997525 -0.09903721209055552
5.749114556069321 -0.08957789992970973
5.811946409141116 -0.07980023645299131
5.874778262212914 -0.06973960705765038
5.937610115284709 -0.05943216280827436
6.000441968356505 -0.04891472448693417
6.0632738214283 -0.038224684348054844
6.126105674500097 -0.02739990567957915
6.188937527571893 -0.01647862038996093
6.2517693806436885 -0.005499324944052191