0.031415926535897934 0.006952045861490093
0.0942477796076938 0.020830619697354034
0.15707963267948966 0.034632727072641305
0.21991148575128552 0.04830768035245684
0.2827433388230814 0.06180522461080379
0.34557519189487723 0.07507570620019624
0.4084070449666731 0.08807023700168809
0.47123889803846897 0.1007408533903641
0.5340707511102649 0.11304066913883999
0.5969026041820606 0.1249240216951566
0.6597344572538566 0.1363466115033878
0.7225663103256523 0.14726563427632522
0.7853981633974483 0.15763990637035144
0.8482300164692442 0.16742998364360354
0.91106186954104 0.17659827439045087
0.9738937226128359 0.18510914712939505
1.0367255756846319 0.19292903416967058
1.0995574287564276 0.20002653198700668
1.1623892818282235 0.2063724994952517
1.2252211349000193 0.21194015530321347
1.2880529879718152 0.21670517499197833
1.350884841043611 0.22064578933544038
1.413716694115407 0.22374288421586022
1.4765485471872026 0.2259801027586826
1.5393804002589986 0.2273439499301278
1.6022122533307945 0.2278238995126227
1.6650441064025903 0.22741250300425772
1.7278759594743862 0.2261054995883324
1.7907078125461822 0.22390192589877483
1.853539665617978 0.22080422387966459
1.9163715186897736 0.21681834461672608
1.9792033717615696 0.21195384562139089
2.0420352248333655 0.20622397869069614
2.104867077905162 0.19964576516632004
2.1676989309769574 0.1922400551907408
2.230530784048753 0.18403156742437918
2.2933626371205493 0.17504890565949316
2.356194490192345 0.1653245488569111
2.4190263432641403 0.15489481134932503
2.4818581963359367 0.14379977030442376
2.5446900494077322 0.13208315802216275
2.607521902479528 0.11979221724677305
2.670353755551324 0.10697751839356291
2.7331856086231197 0.09369273840489793
2.796017461694916 0.07999440183504565
2.8588493147667116 0.06594158569084649
2.9216811678385075 0.051595590491560615
2.9845130209103035 0.03701958092137421
3.047344873982099 0.022278200295801236
3.1101767270538954 0.0074371638135576025
3.173008580125691 -0.0074371638135576025
3.2358404331974873 -0.022278200295801236
3.2986722862692828 -0.03701958092137421
3.3615041393410787 -0.051595590491560615
3.4243359924128747 -0.06594158569084649
3.48716784548467 -0.07999440183504565
3.549999698556466 -0.09369273840489789
3.612831551628262 -0.10697751839356291
3.675663404700058 -0.11979221724677305
3.7384952577718535 -0.1320831580221627
3.8013271108436495 -0.14379977030442376
3.8641589639154454 -0.15489481134932503
3.9269908169872414 -0.1653245488569111
3.989822670059038 -0.17504890565949321
4.052654523130833 -0.18403156742437918
4.115486376202629 -0.1922400551907408
4.178318229274425 -0.19964576516632002
4.241150082346222 -0.20622397869069625
4.303981935418017 -0.2119538456213908
4.366813788489813 -0.21681834461672608
4.429645641561608 -0.22080422387966459
4.4924774946334045 -0.2239019258987749
4.5553093477052 -0.2261054995883324
4.618141200776996 -0.22741250300425775
4.680973053848792 -0.2278238995126227
4.743804906920587 -0.22734394993012783
4.806636759992383 -0.22598010275868277
4.869468613064179 -0.22374288421586022
4.932300466135976 -0.22064578933544035
4.995132319207771 -0.21670517499197822
5.057964172279567 -0.21194015530321345
5.120796025351362 -0.20637249949525166
5.183627878423159 -0.20002653198700668
5.246459731494955 -0.19292903416967036
5.3092915845667505 -0.18510914712939505
5.372123437638546 -0.17659827439045087
5.434955290710342 -0.1674299836436035
5.497787143782137 -0.15763990637035158
5.560618996853934 -0.14726563427632508
5.62345084992573 -0.1363466115033878
5.686282702997525 -0.1249240216951566
5.749114556069321 -0.11304066913884017
5.811946409141116 -0.1007408533903643
5.874778262212914 -0.08807023700168796
5.937610115284709 -0.07507570620019624
6.000441968356505 -0.06180522461080379
6.0632738214283 -0.04830768035245694
6.126105674500097 -0.034632727072641305
6.188937527571893 -0.02083061969735402
6.2517693806436885 -0.006952045861490093