0.031415926535897934 0.009527137716974039
0.0942477796076938 0.028538644989866798
0.15707963267948966 0.047422104802944676
0.21991148575128552 0.06609300626800427
0.2827433388230814 0.08446811036257498
0.34557519189487723 0.10246594031871432
0.4084070449666731 0.12000725403750698
0.47123889803846897 0.13701549393034787
0.5340707511102649 0.15341720997199593
0.5969026041820606 0.16914245219974436
0.6597344572538566 0.1841251293970674
0.7225663103256523 0.19830333124681568
0.7853981633974483 0.2116196118158244
0.8482300164692442 0.22402123282675435
0.91106186954104 0.23546036577120721
0.9738937226128359 0.2458942525082383
1.0367255756846319 0.2552853245626358
1.0995574287564276 0.2636012818771467
1.1623892818282235 0.2708151322728494
1.2252211349000193 0.2769051933242486
1.2880529879718152 0.2818550587541146
1.350884841043611 0.28565353179296826
1.413716694115407 0.2882945282264623
1.4765485471872026 0.28977695206931664
1.5393804002589986 0.2901045469571279
1.6022122533307945 0.28928572643873196
1.6650441064025903 0.28733338638464856
1.7278759594743862 0.284264702705198
1.7907078125461822 0.2801009174997823
1.853539665617978 0.2748671166417872
1.9163715186897736 0.26859200164727504
1.9792033717615696 0.2613076584860383
2.0420352248333655 0.2530493257766746
2.104867077905162 0.2438551645690756
2.1676989309769574 0.23376603166383145
2.230530784048753 0.22282525815395773
2.2933626371205493 0.21107843460510084
2.356194490192345 0.19857320402051232
2.4190263432641403 0.18535906347071246
2.4818581963359367 0.1714871750084224
2.5446900494077322 0.15701018624010157
2.607521902479528 0.14198206068881353
2.670353755551324 0.12645791786127142
2.7331856086231197 0.11049388272639782
2.796017461694916 0.09414694412488848
2.8588493147667116 0.07747482145998748
2.9216811678385075 0.060535838869656425
2.9845130209103035 0.04338880594997239
3.047344873982099 0.02609290398916291
3.1101767270538954 0.008707576581329922
3.173008580125691 -0.008707576581329922
3.2358404331974873 -0.02609290398916291
3.2986722862692828 -0.04338880594997239
3.3615041393410787 -0.060535838869656425
3.4243359924128747 -0.07747482145998748
3.48716784548467 -0.09414694412488848
3.549999698556466 -0.11049388272639774
3.612831551628262 -0.12645791786127142
3.675663404700058 -0.14198206068881353
3.7384952577718535 -0.1570101862401015
3.8013271108436495 -0.1714871750084224
3.8641589639154454 -0.18535906347071235
3.9269908169872414 -0.19857320402051232
3.989822670059038 -0.211078434605101
4.052654523130833 -0.22282525815395773
4.115486376202629 -0.23376603166383145
4.178318229274425 -0.24385516456907572
4.241150082346222 -0.2530493257766746
4.303981935418017 -0.26130765848603843
4.366813788489813 -0.26859200164727504
4.429645641561608 -0.2748671166417872
4.4924774946334045 -0.2801009174997822
4.5553093477052 -0.284264702705198
4.618141200776996 -0.28733338638464867
4.680973053848792 -0.28928572643873196
4.743804906920587 -0.2901045469571279
4.806636759992383 -0.28977695206931664
4.869468613064179 -0.2882945282264623
4.932300466135976 -0.2856535317929683
4.995132319207771 -0.28185505875411443
5.057964172279567 -0.27690519332424873
5.120796025351362 -0.2708151322728494
5.183627878423159 -0.2636012818771467
5.246459731494955 -0.25528532456263564
5.3092915845667505 -0.2458942525082383
5.372123437638546 -0.23546036577120721
5.434955290710342 -0.22402123282675432
5.497787143782137 -0.21161961181582456
5.560618996853934 -0.19830333124681557
5.62345084992573 -0.1841251293970674
5.686282702997525 -0.16914245219974436
5.749114556069321 -0.15341720997199612
5.811946409141116 -0.13701549393034787
5.874778262212914 -0.12000725403750688
5.937610115284709 -0.10246594031871432
6.000441968356505 -0.08446811036257498
6.0632738214283 -0.06609300626800435
6.126105674500097 -0.047422104802944676
6.188937527571893 -0.028538644989866635
6.2517693806436885 -0.009527137716974039