0.031415926535897934 0.00926138860332358
0.0942477796076938 0.027743045624244643
0.15707963267948966 0.04610158082636436
0.21991148575128552 0.06425570648389786
0.2827433388230814 0.08212531706031508
0.34557519189487723 0.09963194613317888
0.4084070449666731 0.11669920767057547
0.47123889803846897 0.13325321761280132
0.5340707511102649 0.14922299201867303
0.5969026041820606 0.16454081839568094
0.6597344572538566 0.1791425972395726
0.7225663103256523 0.19296815125328873
0.7853981633974483 0.20596150018828374
0.8482300164692442 0.2180710997435926
0.91106186954104 0.22925004345976344
0.9738937226128359 0.23945622704635286
1.0367255756846319 0.24865247507370966
1.0995574287564276 0.25680663043347185
1.1623892818282235 0.2638916074195227
1.2252211349000193 0.2698854096949225
1.2880529879718152 0.27477111478445115
1.350884841043611 0.2785368270618704
1.413716694115407 0.28117560148204257
1.4765485471872026 0.28268534053808575
1.5393804002589986 0.2830686671013867
1.6022122533307945 0.2823327759273779
1.6650441064025903 0.2804892666833686
1.7278759594743862 0.277553961378283
1.7907078125461822 0.2735467090506427
1.853539665617978 0.2684911805040222
1.9163715186897736 0.2624146557725705
1.9792033717615696 0.25534780685756164
2.0420352248333655 0.2473244781041414
2.104867077905162 0.2383814663904749
2.1676989309769574 0.22855830308441846
2.230530784048753 0.21789703949059402
2.2933626371205493 0.20644203726815913
2.356194490192345 0.19423976505114876
2.4190263432641403 0.18133860225327866
2.4818581963359367 0.16778865079138783
2.5446900494077322 0.15364155521973105
2.607521902479528 0.13895033153418374
2.670353755551324 0.1237692046837419
2.7331856086231197 0.10815345461874643
2.796017461694916 0.09215927051294127
2.8588493147667116 0.0758436126213213
2.9216811678385075 0.05926408107898464
2.9845130209103035 0.04247879080886873
3.047344873982099 0.025546251589032
3.1101767270538954 0.008525252233635715
3.173008580125691 -0.008525252233635715
3.2358404331974873 -0.025546251589032
3.2986722862692828 -0.04247879080886873
3.3615041393410787 -0.05926408107898464
3.4243359924128747 -0.0758436126213213
3.48716784548467 -0.09215927051294127
3.549999698556466 -0.10815345461874631
3.612831551628262 -0.1237692046837419
3.675663404700058 -0.13895033153418374
3.7384952577718535 -0.15364155521973102
3.8013271108436495 -0.16778865079138783
3.8641589639154454 -0.18133860225327866
3.9269908169872414 -0.19423976505114876
3.989822670059038 -0.20644203726815927
4.052654523130833 -0.21789703949059402
4.115486376202629 -0.22855830308441846
4.178318229274425 -0.2383814663904751
4.241150082346222 -0.2473244781041414
4.303981935418017 -0.2553478068575617
4.366813788489813 -0.2624146557725705
4.429645641561608 -0.2684911805040221
4.4924774946334045 -0.2735467090506428
4.5553093477052 -0.277553961378283
4.618141200776996 -0.28048926668336865
4.680973053848792 -0.2823327759273779
4.743804906920587 -0.2830686671013867
4.806636759992383 -0.2826853405380858
4.869468613064179 -0.28117560148204257
4.932300466135976 -0.2785368270618704
4.995132319207771 -0.27477111478445126
5.057964172279567 -0.26988540969492253
5.120796025351362 -0.2638916074195227
5.183627878423159 -0.25680663043347185
5.246459731494955 -0.24865247507370963
5.3092915845667505 -0.23945622704635286
5.372123437638546 -0.22925004345976344
5.434955290710342 -0.21807109974359273
5.497787143782137 -0.20596150018828388
5.560618996853934 -0.19296815125328873
5.62345084992573 -0.1791425972395726
5.686282702997525 -0.16454081839568094
5.749114556069321 -0.14922299201867312
5.811946409141116 -0.13325321761280148
5.874778262212914 -0.11669920767057532
5.937610115284709 -0.09963194613317888
6.000441968356505 -0.08212531706031508
6.0632738214283 -0.06425570648389804
6.126105674500097 -0.04610158082636436
6.188937527571893 -0.027743045624244546
6.2517693806436885 -0.00926138860332358