0.031415926535897934 0.006280769010189238
0.0942477796076938 0.01882099166690011
0.15707963267948966 0.03129731519302633
0.21991148575128552 0.0436672965908116
0.2827433388230814 0.05588872711611837
0.34557519189487723 0.06791972526198496
0.4084070449666731 0.0797188291224235
0.47123889803846897 0.09124508809533265
0.5340707511102649 0.10245815397804423
0.5969026041820606 0.11331837161678977
0.6597344572538566 0.12378686938777948
0.7225663103256523 0.13382564990763499
0.7853981633974483 0.14339768148908422
0.8482300164692442 0.15246699096830715
0.91106186954104 0.16099875862707017
0.9738937226128359 0.16895941600965061
1.0367255756846319 0.1763167474854781
1.0995574287564276 0.1830399964274843
1.1623892818282235 0.18909997685786661
1.2252211349000193 0.19446919135227206
1.2880529879718152 0.19912195588605316
1.350884841043611 0.20303453214882353
1.413716694115407 0.20618526764385053
1.4765485471872026 0.20855474362602658
1.5393804002589986 0.21012593061709914
1.6022122533307945 0.21088435087228347
1.6650441064025903 0.2108182467632487
1.7278759594743862 0.20991875359614573
1.7907078125461822 0.20818007490976542
1.853539665617978 0.20559965781072487
1.9163715186897736 0.2021783654151013
1.9792033717615696 0.1979206429970364
2.0420352248333655 0.1928346740145365
2.104867077905162 0.1869325218127683
2.1676989309769574 0.18023025251822458
2.230530784048753 0.1727480344558686
2.2933626371205493 0.16451020936725208
2.356194490192345 0.15554533079960892
2.4190263432641403 0.14588616528921908
2.4818581963359367 0.13556965238670984
2.5446900494077322 0.12463682017065922
2.607521902479528 0.11313265366437229
2.670353755551324 0.10110591449603963
2.7331856086231197 0.08860891120285255
2.796017461694916 0.07569722074465231
2.8588493147667116 0.06242936302418001
2.9216811678385075 0.04886643146446706
2.9845130209103035 0.03507168392056567
3.047344873982099 0.021110099351975217
3.1101767270538954 0.0070479067040892535
3.173008580125691 -0.0070479067040892535
3.2358404331974873 -0.021110099351975217
3.2986722862692828 -0.03507168392056567
3.3615041393410787 -0.04886643146446706
3.4243359924128747 -0.06242936302418001
3.48716784548467 -0.07569722074465231
3.549999698556466 -0.08860891120285248
3.612831551628262 -0.10110591449603963
3.675663404700058 -0.11313265366437229
3.7384952577718535 -0.12463682017065922
3.8013271108436495 -0.13556965238670984
3.8641589639154454 -0.14588616528921894
3.9269908169872414 -0.15554533079960892
3.989822670059038 -0.1645102093672522
4.052654523130833 -0.1727480344558686
4.115486376202629 -0.18023025251822458
4.178318229274425 -0.18693252181276837
4.241150082346222 -0.19283467401453652
4.303981935418017 -0.19792064299703643
4.366813788489813 -0.2021783654151013
4.429645641561608 -0.20559965781072478
4.4924774946334045 -0.20818007490976556
4.5553093477052 -0.20991875359614573
4.618141200776996 -0.21081824676324876
4.680973053848792 -0.21088435087228347
4.743804906920587 -0.21012593061709914
4.806636759992383 -0.20855474362602647
4.869468613064179 -0.20618526764385053
4.932300466135976 -0.2030345321488234
4.995132319207771 -0.1991219558860532
5.057964172279567 -0.1944691913522721
5.120796025351362 -0.18909997685786661
5.183627878423159 -0.1830399964274843
5.246459731494955 -0.17631674748547788
5.3092915845667505 -0.16895941600965061
5.372123437638546 -0.16099875862707017
5.434955290710342 -0.15246699096830715
5.497787143782137 -0.14339768148908422
5.560618996853934 -0.13382564990763496
5.62345084992573 -0.12378686938777948
5.686282702997525 -0.11331837161678977
5.749114556069321 -0.10245815397804439
5.811946409141116 -0.09124508809533274
5.874778262212914 -0.0797188291224235
5.937610115284709 -0.06791972526198496
6.000441968356505 -0.05588872711611837
6.0632738214283 -0.04366729659081176
6.126105674500097 -0.03129731519302633
6.188937527571893 -0.01882099166689995
6.2517693806436885 -0.006280769010189238