0.031415926535897934 0.006059489828937081
0.0942477796076938 0.018149737965218588
0.15707963267948966 0.03015398160024732
0.21991148575128552 0.042015516023073
0.2827433388230814 0.05367857725125567
0.34557519189487723 0.06508870498269369
0.4084070449666731 0.07619309237929428
0.47123889803846897 0.08694091916727778
0.5340707511102649 0.09728366472766851
0.5969026041820606 0.10717539808400763
0.6597344572538566 0.11657304197299208
0.7225663103256523 0.1254366085070392
0.7853981633974483 0.1337294043040101
0.8482300164692442 0.14141820336526134
0.91106186954104 0.14847338642397678
0.9738937226128359 0.15486904595483508
1.0367255756846319 0.16058305652528654
1.0995574287564276 0.1655971106685091
1.1623892818282235 0.16989672095775046
1.2252211349000193 0.17347118944986162
1.2880529879718152 0.1763135461307659
1.350884841043611 0.17842045842601376
1.413716694115407 0.1797921142249231
1.4765485471872026 0.18043208119778792
1.5393804002589986 0.18034714545466174
1.6022122533307945 0.17954713279566614
1.6650441064025903 0.17804471593326246
1.7278759594743862 0.17585521112532712
1.7907078125461822 0.17299636764539197
1.853539665617978 0.16948815343632134
1.9163715186897736 0.16535254015120765
1.9792033717615696 0.1606132905871178
2.0420352248333655 0.15529575127148984
2.104867077905162 0.1494266526762127
2.1676989309769574 0.1430339192199089
2.230530784048753 0.13614649088386402
2.2933626371205493 0.1287941579202831
2.356194490192345 0.12100740978138275
2.4190263432641403 0.1128172990516644
2.4818581963359367 0.10425532083001623
2.5446900494077322 0.09535330768838923
2.607521902479528 0.08614334003390689
2.670353755551324 0.0766576714245572
2.7331856086231197 0.06692866813713859
2.796017461694916 0.056988762061112475
2.8588493147667116 0.04687041579386388
2.9216811678385075 0.03660609864136614
2.9845130209103035 0.026228272082753964
3.047344873982099 0.01576938313683988
3.1101767270538954 0.005261863972092241
3.173008580125691 -0.005261863972092241
3.2358404331974873 -0.01576938313683988
3.2986722862692828 -0.026228272082753964
3.3615041393410787 -0.03660609864136614
3.4243359924128747 -0.04687041579386388
3.48716784548467 -0.056988762061112475
3.549999698556466 -0.06692866813713859
3.612831551628262 -0.0766576714245572
3.675663404700058 -0.08614334003390689
3.7384952577718535 -0.09535330768838923
3.8013271108436495 -0.10425532083001623
3.8641589639154454 -0.11281729905166432
3.9269908169872414 -0.12100740978138275
3.989822670059038 -0.1287941579202833
4.052654523130833 -0.13614649088386402
4.115486376202629 -0.1430339192199089
4.178318229274425 -0.14942665267621283
4.241150082346222 -0.15529575127148992
4.303981935418017 -0.16061329058711774
4.366813788489813 -0.16535254015120765
4.429645641561608 -0.16948815343632143
4.4924774946334045 -0.1729963676453921
4.5553093477052 -0.17585521112532712
4.618141200776996 -0.17804471593326238
4.680973053848792 -0.17954713279566614
4.743804906920587 -0.18034714545466174
4.806636759992383 -0.18043208119778797
4.869468613064179 -0.1797921142249231
4.932300466135976 -0.1784204584260138
4.995132319207771 -0.1763135461307659
5.057964172279567 -0.1734711894498616
5.120796025351362 -0.16989672095775046
5.183627878423159 -0.1655971106685091
5.246459731494955 -0.1605830565252864
5.3092915845667505 -0.15486904595483508
5.372123437638546 -0.14847338642397678
5.434955290710342 -0.14141820336526134
5.497787143782137 -0.13372940430401026
5.560618996853934 -0.1254366085070392
5.62345084992573 -0.11657304197299208
5.686282702997525 -0.10717539808400763
5.749114556069321 -0.0972836647276686
5.811946409141116 -0.08694091916727799
5.874778262212914 -0.076193092379294
5.937610115284709 -0.06508870498269369
6.000441968356505 -0.05367857725125567
6.0632738214283 -0.04201551602307306
6.126105674500097 -0.03015398160024732
6.188937527571893 -0.01814973796521852
6.2517693806436885 -0.006059489828937081