0.031415926535897934 0.010027726088752452
0.0942477796076938 0.030025320353691078
0.15707963267948966 0.04984989253770423
0.21991148575128552 0.0693879254381187
0.2827433388230814 0.08852862021279466
0.34557519189487723 0.10716492825549677
0.4084070449666731 0.12519452846721305
0.47123889803846897 0.14252073559471834
0.5340707511102649 0.1590533263186923
0.5969026041820606 0.17470927105701975
0.6597344572538566 0.18941336101401085
0.7225663103256523 0.20309872185033026
0.7853981633974483 0.21570720745282446
0.8482300164692442 0.2271896696116947
0.91106186954104 0.23750610191008342
0.9738937226128359 0.24662565872721817
1.0367255756846319 0.2545265528670856
1.0995574287564276 0.261195837858639
1.1623892818282235 0.26662908333747676
1.2252211349000193 0.2708299540240161
1.2880529879718152 0.27380970458154275
1.350884841043611 0.27558660400724083
1.413716694115407 0.27618530413862785
1.4765485471872026 0.275636167327235
1.5393804002589986 0.2739745683442475
1.6022122533307945 0.2712401851641227
1.6650441064025903 0.2674762924657031
1.7278759594743862 0.2627290705547858
1.7907078125461822 0.25704694101657494
1.853539665617978 0.2504799388254162
1.9163715186897736 0.24307912894793668
1.9792033717615696 0.23489607374593532
2.0420352248333655 0.2259823557818645
2.104867077905162 0.2163891590078304
2.1676989309769574 0.20616690982295754
2.230530784048753 0.1953649781461931
2.2933626371205493 0.18403143749309642
2.356194490192345 0.1722128820759286
2.4190263432641403 0.15995429816700524
2.4818581963359367 0.14729898636834307
2.5446900494077322 0.1342885310024363
2.607521902479528 0.1209628125612384
2.670353755551324 0.10736005900188847
2.7331856086231197 0.09351693163559023
2.796017461694916 0.07946864139724072
2.8588493147667116 0.06524909138542177
2.9216811678385075 0.050891041704146676
2.9845130209103035 0.036426292800131016
3.047344873982099 0.02188588365546285
3.1101767270538954 0.007300301351013088
3.173008580125691 -0.007300301351013088
3.2358404331974873 -0.02188588365546285
3.2986722862692828 -0.036426292800131016
3.3615041393410787 -0.050891041704146676
3.4243359924128747 -0.06524909138542177
3.48716784548467 -0.07946864139724072
3.549999698556466 -0.09351693163559016
3.612831551628262 -0.10736005900188847
3.675663404700058 -0.1209628125612384
3.7384952577718535 -0.1342885310024362
3.8013271108436495 -0.14729898636834307
3.8641589639154454 -0.159954298167005
3.9269908169872414 -0.1722128820759286
3.989822670059038 -0.1840314374930966
4.052654523130833 -0.1953649781461931
4.115486376202629 -0.20616690982295754
4.178318229274425 -0.21638915900783062
4.241150082346222 -0.22598235578186474
4.303981935418017 -0.23489607374593538
4.366813788489813 -0.24307912894793668
4.429645641561608 -0.2504799388254163
4.4924774946334045 -0.2570469410165749
4.5553093477052 -0.2627290705547858
4.618141200776996 -0.26747629246570315
4.680973053848792 -0.2712401851641227
4.743804906920587 -0.2739745683442473
4.806636759992383 -0.27563616732723517
4.869468613064179 -0.27618530413862785
4.932300466135976 -0.27558660400724067
4.995132319207771 -0.27380970458154286
5.057964172279567 -0.2708299540240161
5.120796025351362 -0.26662908333747665
5.183627878423159 -0.261195837858639
5.246459731494955 -0.2545265528670857
5.3092915845667505 -0.24662565872721817
5.372123437638546 -0.23750610191008342
5.434955290710342 -0.22718966961169473
5.497787143782137 -0.21570720745282462
5.560618996853934 -0.20309872185033012
5.62345084992573 -0.18941336101401085
5.686282702997525 -0.17470927105701975
5.749114556069321 -0.15905332631869237
5.811946409141116 -0.1425207355947185
5.874778262212914 -0.12519452846721288
5.937610115284709 -0.10716492825549677
6.000441968356505 -0.08852862021279466
6.0632738214283 -0.06938792543811892
6.126105674500097 -0.04984989253770423
6.188937527571893 -0.030025320353690942
6.2517693806436885 -0.010027726088752452