0.031415926535897934 0.008530987413268283
0.0942477796076938 0.025563297094733314
0.15707963267948966 0.04250670097908864
0.21991148575128552 0.05930222635544962
0.2827433388230814 0.07589134387938591
0.34557519189487723 0.09221613833962544
0.4084070449666731 0.10821947318653291
0.47123889803846897 0.12384514751418643
0.5340707511102649 0.13903804451979457
0.5969026041820606 0.15374427084467873
0.6597344572538566 0.16791128661655896
0.7225663103256523 0.18148802644861234
0.7853981633974483 0.19442501209124982
0.8482300164692442 0.20667445786198338
0.91106186954104 0.21819037038149441
0.9738937226128359 0.22892864450492909
1.0367255756846319 0.23884715764220654
1.0995574287564276 0.24790586489640437
1.1623892818282235 0.2560668976030411
1.2252211349000193 0.26329466791456796
1.2880529879718152 0.26955598203449355
1.350884841043611 0.2748201645567741
1.413716694115407 0.27905919610287155
1.4765485471872026 0.2822478660677946
1.5393804002589986 0.28436394178659713
1.6022122533307945 0.2853883548163375
1.6650441064025903 0.28530540430092116
1.7278759594743862 0.2841029765572531
1.7907078125461822 0.28177277910499987
1.853539665617978 0.27831058637859163
1.9163715186897736 0.27371649333414955
1.9792033717615696 0.26799517212700324
2.0420352248333655 0.2611561260244748
2.104867077905162 0.2532139337761628
2.1676989309769574 0.2441884768369826
2.230530784048753 0.2341051411765694
2.2933626371205493 0.22299498496286593
2.356194490192345 0.2108948632263517
2.4190263432641403 0.197847500737738
2.4818581963359367 0.1839015048005782
2.5446900494077322 0.16911131049318406
2.607521902479528 0.15353705209768453
2.670353755551324 0.1372443560155431
2.7331856086231197 0.12030405235511372
2.796017461694916 0.10279180453349862
2.8588493147667116 0.08478765858723407
2.9216811678385075 0.06637551634161419
2.9845130209103035 0.0476425390408321
3.047344873982099 0.0286784903768709
3.1101767270538954 0.009575029959974673
3.173008580125691 -0.009575029959974673
3.2358404331974873 -0.0286784903768709
3.2986722862692828 -0.0476425390408321
3.3615041393410787 -0.06637551634161419
3.4243359924128747 -0.08478765858723407
3.48716784548467 -0.10279180453349862
3.549999698556466 -0.12030405235511359
3.612831551628262 -0.1372443560155431
3.675663404700058 -0.15353705209768453
3.7384952577718535 -0.16911131049318387
3.8013271108436495 -0.1839015048005782
3.8641589639154454 -0.19784750073773777
3.9269908169872414 -0.2108948632263517
3.989822670059038 -0.22299498496286618
4.052654523130833 -0.2341051411765694
4.115486376202629 -0.2441884768369826
4.178318229274425 -0.2532139337761631
4.241150082346222 -0.2611561260244749
4.303981935418017 -0.26799517212700313
4.366813788489813 -0.27371649333414955
4.429645641561608 -0.27831058637859146
4.4924774946334045 -0.28177277910499976
4.5553093477052 -0.2841029765572531
4.618141200776996 -0.2853054043009212
4.680973053848792 -0.28538835481633745
4.743804906920587 -0.2843639417865972
4.806636759992383 -0.2822478660677946
4.869468613064179 -0.27905919610287155
4.932300466135976 -0.274820164556774
4.995132319207771 -0.2695559820344937
5.057964172279567 -0.2632946679145679
5.120796025351362 -0.25606689760304135
5.183627878423159 -0.24790586489640437
5.246459731494955 -0.23884715764220646
5.3092915845667505 -0.22892864450492909
5.372123437638546 -0.21819037038149441
5.434955290710342 -0.20667445786198352
5.497787143782137 -0.1944250120912499
5.560618996853934 -0.18148802644861228
5.62345084992573 -0.16791128661655896
5.686282702997525 -0.15374427084467873
5.749114556069321 -0.1390380445197947
5.811946409141116 -0.12384514751418672
5.874778262212914 -0.1082194731865328
5.937610115284709 -0.09221613833962544
6.000441968356505 -0.07589134387938591
6.0632738214283 -0.05930222635544989
6.126105674500097 -0.04250670097908864
6.188937527571893 -0.025563297094733133
6.2517693806436885 -0.008530987413268283