0.031415926535897934 0.007078701714860247
0.0942477796076938 0.02115707261818277
0.15707963267948966 0.03500035556272336
0.21991148575128552 0.04845842972314351
0.2827433388230814 0.06139075804977652
0.34557519189487723 0.07366959915696099
0.4084070449666731 0.08518265163420079
0.47123889803846897 0.09583503955066869
0.5340707511102649 0.10555059109054188
0.5969026041820606 0.11427240557104887
0.6597344572538566 0.12196274392818883
0.7225663103256523 0.1286023111864395
0.7853981633974483 0.13418902449514444
0.8482300164692442 0.13873637610266165
0.91106186954104 0.14227150723320744
0.9738937226128359 0.14483310714158298
1.0367255756846319 0.14646924314550372
1.0995574287564276 0.14723521399408016
1.1623892818282235 0.14719150241774426
1.2252211349000193 0.14640188488374561
1.2880529879718152 0.14493173894519729
1.350884841043611 0.14284657226424452
1.413716694115407 0.14021078318499333
1.4765485471872026 0.137086651056431
1.5393804002589986 0.13353354549267435
1.6022122533307945 0.12960733731348908
1.6650441064025903 0.12535998978124901
1.7278759594743862 0.12083930659786381
1.7907078125461822 0.11608881256424505
1.853539665617978 0.11114774345491245
1.9163715186897736 0.10605112317041575
1.9792033717615696 0.10082990829576126
2.0420352248333655 0.09551118256329753
2.104867077905162 0.09011838619746255
2.1676989309769574 0.08467156756134173
2.230530784048753 0.07918764683053635
2.2933626371205493 0.07368068352488476
2.356194490192345 0.0681621415988627
2.4190263432641403 0.0626411474149485
2.4818581963359367 0.05712473730467892
2.5446900494077322 0.051618092573981006
2.607521902479528 0.04612476075362347
2.670353755551324 0.04064686265658649
2.7331856086231197 0.03518528540709715
2.796017461694916 0.029739862075782393
2.8588493147667116 0.02430953891490196
2.9216811678385075 0.01889253145777792
2.9845130209103035 0.013486470945532198
3.047344873982099 0.008088542687592131
3.1101767270538954 0.002695618062946291
3.173008580125691 -0.002695618062946291
3.2358404331974873 -0.008088542687592131
3.2986722862692828 -0.013486470945532198
3.3615041393410787 -0.01889253145777792
3.4243359924128747 -0.02430953891490196
3.48716784548467 -0.029739862075782393
3.549999698556466 -0.03518528540709715
3.612831551628262 -0.04064686265658649
3.675663404700058 -0.04612476075362347
3.7384952577718535 -0.05161809257398094
3.8013271108436495 -0.05712473730467892
3.8641589639154454 -0.06264114741494843
3.9269908169872414 -0.0681621415988627
3.989822670059038 -0.0736806835248849
4.052654523130833 -0.07918764683053635
4.115486376202629 -0.08467156756134173
4.178318229274425 -0.0901183861974626
4.241150082346222 -0.09551118256329758
4.303981935418017 -0.10082990829576133
4.366813788489813 -0.10605112317041575
4.429645641561608 -0.11114774345491245
4.4924774946334045 -0.11608881256424518
4.5553093477052 -0.12083930659786381
4.618141200776996 -0.12535998978124901
4.680973053848792 -0.1296073373134892
4.743804906920587 -0.13353354549267446
4.806636759992383 -0.13708665105643095
4.869468613064179 -0.14021078318499333
4.932300466135976 -0.14284657226424444
4.995132319207771 -0.14493173894519729
5.057964172279567 -0.14640188488374578
5.120796025351362 -0.1471915024177444
5.183627878423159 -0.14723521399408016
5.246459731494955 -0.1464692431455037
5.3092915845667505 -0.14483310714158298
5.372123437638546 -0.14227150723320744
5.434955290710342 -0.13873637610266165
5.497787143782137 -0.13418902449514444
5.560618996853934 -0.1286023111864395
5.62345084992573 -0.12196274392818883
5.686282702997525 -0.11427240557104887
5.749114556069321 -0.10555059109054209
5.811946409141116 -0.09583503955066898
5.874778262212914 -0.08518265163420068
5.937610115284709 -0.07366959915696099
6.000441968356505 -0.06139075804977652
6.0632738214283 -0.04845842972314361
6.126105674500097 -0.03500035556272336
6.188937527571893 -0.021157072618182678
6.2517693806436885 -0.007078701714860247