0.031415926535897934 0.0020204914257670736
0.0942477796076938 0.0060537567019854225
0.15707963267948966 0.010063896260203358
0.21991148575128552 0.014035582909318682
0.2827433388230814 0.01795362413706961
0.34557519189487723 0.021803015477973905
0.4084070449666731 0.025568993380893176
0.47123889803846897 0.029237087437645033
0.5340707511102649 0.032793171837001894
0.5969026041820606 0.03622351591159991
0.6597344572538566 0.0395148336485053
0.7225663103256523 0.04265433203724775
0.7853981633974483 0.04562975813179322
0.8482300164692442 0.04842944470498092
0.91106186954104 0.05104235437518378
0.9738937226128359 0.05345812208520403
1.0367255756846319 0.05566709581255889
1.0995574287564276 0.05766037538824258
1.1623892818282235 0.05942984929778145
1.2252211349000193 0.06096822933392708
1.2880529879718152 0.06226908296480898
1.350884841043611 0.06332686327493288
1.413716694115407 0.06413693632935102
1.4765485471872026 0.06469560580393419
1.5393804002589986 0.06500013471735624
1.6022122533307945 0.065048764093571
1.6650441064025903 0.06484072837771883
1.7278759594743862 0.06437626742406537
1.7907078125461822 0.06365663487226074
1.853539665617978 0.06268410272846199
1.9163715186897736 0.061461961971194544
1.9792033717615696 0.059994519008699475
2.0420352248333655 0.05828708782535138
2.104867077905162 0.05634597766985233
2.1676989309769574 0.05417847615756574
2.230530784048753 0.05179282768365236
2.2933626371205493 0.04919820707260928
2.356194490192345 0.04640468842325403
2.4190263432641403 0.04342320914582507
2.4818581963359367 0.04026552922927838
2.5446900494077322 0.036944185821439005
2.607521902479528 0.033472443251720066
2.670353755551324 0.029864238674804335
2.7331856086231197 0.026134123563069475
2.796017461694916 0.022297201324604835
2.8588493147667116 0.018369061371379114
2.9216811678385075 0.014365710007375283
2.9845130209103035 0.010303498548296123
3.047344873982099 0.00619904912171641
3.1101767270538954 0.002069178628447448
3.173008580125691 -0.002069178628447448
3.2358404331974873 -0.00619904912171641
3.2986722862692828 -0.010303498548296123
3.3615041393410787 -0.014365710007375283
3.4243359924128747 -0.018369061371379114
3.48716784548467 -0.022297201324604835
3.549999698556466 -0.02613412356306939
3.612831551628262 -0.029864238674804335
3.675663404700058 -0.033472443251720066
3.7384952577718535 -0.036944185821439005
3.8013271108436495 -0.04026552922927838
3.8641589639154454 -0.04342320914582507
3.9269908169872414 -0.04640468842325403
3.989822670059038 -0.04919820707260939
4.052654523130833 -0.05179282768365236
4.115486376202629 -0.05417847615756574
4.178318229274425 -0.05634597766985228
4.241150082346222 -0.05828708782535135
4.303981935418017 -0.059994519008699405
4.366813788489813 -0.061461961971194544
4.429645641561608 -0.062684102728462
4.4924774946334045 -0.06365663487226084
4.5553093477052 -0.06437626742406537
4.618141200776996 -0.06484072837771877
4.680973053848792 -0.06504876409357097
4.743804906920587 -0.06500013471735624
4.806636759992383 -0.06469560580393406
4.869468613064179 -0.06413693632935102
4.932300466135976 -0.06332686327493292
4.995132319207771 -0.06226908296480895
5.057964172279567 -0.06096822933392705
5.120796025351362 -0.05942984929778147
5.183627878423159 -0.05766037538824258
5.246459731494955 -0.0556670958125588
5.3092915845667505 -0.05345812208520403
5.372123437638546 -0.05104235437518378
5.434955290710342 -0.048429444704981
5.497787143782137 -0.045629758131793235
5.560618996853934 -0.04265433203724771
5.62345084992573 -0.0395148336485053
5.686282702997525 -0.03622351591159991
5.749114556069321 -0.03279317183700187
5.811946409141116 -0.02923708743764514
5.874778262212914 -0.025568993380893145
5.937610115284709 -0.021803015477973905
6.000441968356505 -0.01795362413706961
6.0632738214283 -0.014035582909318693
6.126105674500097 -0.010063896260203358
6.188937527571893 -0.0060537567019854225
6.2517693806436885 -0.0020204914257670736