0.031415926535897934 0.008259653257866052
0.0942477796076938 0.02474615025818764
0.15707963267948966 0.04113436094175557
0.21991148575128552 0.05735923409724359
0.2827433388230814 0.07335642419379698
0.34557519189487723 0.08906256610436444
0.4084070449666731 0.10441554248619613
0.47123889803846897 0.1193547420064305
0.5340707511102649 0.13382130680072857
0.5969026041820606 0.14775836778218596
0.6597344572538566 0.1611112666681894
0.7225663103256523 0.17382776385576265
0.7853981633974483 0.18585823154229425
0.8482300164692442 0.19715583174948945
0.91106186954104 0.2076766791554271
0.9738937226128359 0.21737998886500912
1.0367255756846319 0.22622820944604827
1.0995574287564276 0.2341871417211777
1.1623892818282235 0.241226043930431
1.2252211349000193 0.2473177239629428
1.2880529879718152 0.25243861939748974
1.350884841043611 0.25656886609074947
1.413716694115407 0.25969235601089363
1.4765485471872026 0.26179678493549846
1.5393804002589986 0.2628736905210923
1.6022122533307945 0.26291848111232846
1.6650441064025903 0.26193045549813415
1.7278759594743862 0.2599128136472599
1.7907078125461822 0.2568726582740148
1.853539665617978 0.25282098690444355
1.9163715186897736 0.24777267394169536
1.9792033717615696 0.2417464420745674
2.0420352248333655 0.23476482224246384
2.104867077905162 0.2268541012699564
2.1676989309769574 0.21804425622053764
2.230530784048753 0.20836887449665642
2.2933626371205493 0.19786505873516108
2.356194490192345 0.18657331561571017
2.4190263432641403 0.1745374278149461
2.4818581963359367 0.1618043084999073
2.5446900494077322 0.14842383795727657
2.607521902479528 0.1344486821959412
2.670353755551324 0.1199340936327438
2.7331856086231197 0.10493769426755199
2.796017461694916 0.08951924206508345
2.8588493147667116 0.07374038157757945
2.9216811678385075 0.057664380154202236
2.9845130209103035 0.04135585137957548
3.047344873982099 0.024880467655089902
3.1101767270538954 0.008304664073038223
3.173008580125691 -0.008304664073038223
3.2358404331974873 -0.024880467655089902
3.2986722862692828 -0.04135585137957548
3.3615041393410787 -0.057664380154202236
3.4243359924128747 -0.07374038157757945
3.48716784548467 -0.08951924206508345
3.549999698556466 -0.10493769426755199
3.612831551628262 -0.1199340936327438
3.675663404700058 -0.1344486821959412
3.7384952577718535 -0.14842383795727643
3.8013271108436495 -0.1618043084999073
3.8641589639154454 -0.174537427814946
3.9269908169872414 -0.18657331561571017
3.989822670059038 -0.1978650587351612
4.052654523130833 -0.20836887449665642
4.115486376202629 -0.21804425622053764
4.178318229274425 -0.2268541012699565
4.241150082346222 -0.2347648222424641
4.303981935418017 -0.2417464420745675
4.366813788489813 -0.24777267394169536
4.429645641561608 -0.25282098690444355
4.4924774946334045 -0.2568726582740148
4.5553093477052 -0.2599128136472599
4.618141200776996 -0.2619304554981341
4.680973053848792 -0.26291848111232846
4.743804906920587 -0.2628736905210924
4.806636759992383 -0.2617967849354986
4.869468613064179 -0.25969235601089363
4.932300466135976 -0.2565688660907494
4.995132319207771 -0.2524386193974896
5.057964172279567 -0.24731772396294294
5.120796025351362 -0.241226043930431
5.183627878423159 -0.2341871417211777
5.246459731494955 -0.22622820944604816
5.3092915845667505 -0.21737998886500912
5.372123437638546 -0.2076766791554271
5.434955290710342 -0.19715583174948947
5.497787143782137 -0.18585823154229444
5.560618996853934 -0.17382776385576265
5.62345084992573 -0.1611112666681894
5.686282702997525 -0.14775836778218596
5.749114556069321 -0.13382130680072865
5.811946409141116 -0.11935474200643068
5.874778262212914 -0.10441554248619603
5.937610115284709 -0.08906256610436444
6.000441968356505 -0.07335642419379698
6.0632738214283 -0.05735923409724368
6.126105674500097 -0.04113436094175557
6.188937527571893 -0.02474615025818748
6.2517693806436885 -0.008259653257866052