0.031415926535897934 0.005200520663981227
0.0942477796076938 0.015586815152769573
0.15707963267948966 0.02592887124898198
0.21991148575128552 0.03619720378454009
0.2827433388230814 0.04636233828242687
0.34557519189487723 0.05639481538415877
0.4084070449666731 0.06626519554368446
0.47123889803846897 0.07594406422630785
0.5340707511102649 0.08540203796894659
0.5969026041820606 0.09460977179724642
0.6597344572538566 0.10353796865292446
0.7225663103256523 0.11215739165769713
0.7853981633974483 0.12043888022415362
0.8482300164692442 0.12835337121406357
0.91106186954104 0.13587192653518762
0.9738937226128359 0.14296576875211608
1.0367255756846319 0.1496063264574006
1.0995574287564276 0.1557652912976412
1.1623892818282235 0.16141468866543307
1.2252211349000193 0.16652696414122867
1.2880529879718152 0.17107508778714794
1.350884841043611 0.17503267834452502
1.413716694115407 0.17837414925473175
1.4765485471872026 0.1810748781944734
1.5393804002589986 0.18311140147853805
1.6022122533307945 0.18446163422222825
1.6650441064025903 0.18510511656195375
1.7278759594743862 0.185023285498725
1.7907078125461822 0.18419977105356908
1.853539665617978 0.1826207144108517
1.9163715186897736 0.1802751045881573
1.9792033717615696 0.1771551289328021
2.0420352248333655 0.17325653143964143
2.104867077905162 0.16857897155928658
2.1676989309769574 0.1631263748792313
2.230530784048753 0.1569072658833038
2.2933626371205493 0.14993507200730896
2.356194490192345 0.14222838749657807
2.4190263432641403 0.13381118522117527
2.4818581963359367 0.12471296469808049
2.5446900494077322 0.11496882517531326
2.607521902479528 0.10461945379855588
2.670353755551324 0.09371102062587708
2.7331856086231197 0.08229497456515973
2.796017461694916 0.07042773712682719
2.8588493147667116 0.05817029411527604
2.9216811678385075 0.045587688890832055
2.9845130209103035 0.03274842445170294
3.047344873982099 0.019723785120882364
3.1101767270538954 0.006587091874988812
3.173008580125691 -0.006587091874988812
3.2358404331974873 -0.019723785120882364
3.2986722862692828 -0.03274842445170294
3.3615041393410787 -0.045587688890832055
3.4243359924128747 -0.05817029411527604
3.48716784548467 -0.07042773712682719
3.549999698556466 -0.08229497456515973
3.612831551628262 -0.09371102062587708
3.675663404700058 -0.10461945379855588
3.7384952577718535 -0.11496882517531318
3.8013271108436495 -0.12471296469808049
3.8641589639154454 -0.13381118522117524
3.9269908169872414 -0.14222838749657807
3.989822670059038 -0.14993507200730904
4.052654523130833 -0.1569072658833038
4.115486376202629 -0.1631263748792313
4.178318229274425 -0.1685789715592867
4.241150082346222 -0.1732565314396415
4.303981935418017 -0.17715512893280214
4.366813788489813 -0.1802751045881573
4.429645641561608 -0.18262071441085168
4.4924774946334045 -0.1841997710535691
4.5553093477052 -0.185023285498725
4.618141200776996 -0.18510511656195375
4.680973053848792 -0.18446163422222825
4.743804906920587 -0.18311140147853805
4.806636759992383 -0.1810748781944735
4.869468613064179 -0.17837414925473175
4.932300466135976 -0.17503267834452504
4.995132319207771 -0.17107508778714797
5.057964172279567 -0.16652696414122867
5.120796025351362 -0.16141468866543307
5.183627878423159 -0.1557652912976412
5.246459731494955 -0.14960632645740055
5.3092915845667505 -0.14296576875211608
5.372123437638546 -0.13587192653518762
5.434955290710342 -0.12835337121406362
5.497787143782137 -0.12043888022415372
5.560618996853934 -0.112157391657697
5.62345084992573 -0.10353796865292446
5.686282702997525 -0.09460977179724642
5.749114556069321 -0.08540203796894669
5.811946409141116 -0.07594406422630798
5.874778262212914 -0.0662651955436844
5.937610115284709 -0.05639481538415877
6.000441968356505 -0.04636233828242687
6.0632738214283 -0.03619720378454009
6.126105674500097 -0.02592887124898198
6.188937527571893 -0.015586815152769573
6.2517693806436885 -0.005200520663981227