0.031415926535897934 0.00615689109100815
0.0942477796076938 0.018443704342200672
0.15707963267948966 0.030649758238724314
0.21991148575128552 0.04272170349919677
0.2827433388230814 0.054606922187176436
0.34557519189487723 0.06625381211225856
0.4084070449666731 0.07761206318415723
0.47123889803846897 0.08863292354950053
0.5340707511102649 0.09926945343841223
0.5969026041820606 0.10947676476745855
0.6597344572538566 0.11921224468712144
0.7225663103256523 0.12843576142530047
0.7853981633974483 0.1371098509626734
0.8482300164692442 0.14519988327987196
0.91106186954104 0.15267420713855223
0.9738937226128359 0.1595042725962111
1.0367255756846319 0.1656647307050693
1.0995574287564276 0.1711335101049597
1.1623892818282235 0.17589187048491794
1.2252211349000193 0.1799244331535815
1.2880529879718152 0.18321918921985877
1.350884841043611 0.18576748613770255
1.413716694115407 0.1875639936073735
1.4765485471872026 0.1886066500455654
1.5393804002589986 0.1888965910338867
1.6022122533307945 0.18843806132554874
1.6650441064025903 0.18723831213050524
1.7278759594743862 0.18530748550721818
1.7907078125461822 0.182658487763019
1.853539665617978 0.17930685380388223
1.9163715186897736 0.17527060437835099
1.9792033717615696 0.17057009813027543
2.0420352248333655 0.16522788031256833
2.104867077905162 0.15926852992174487
2.1676989309769574 0.15271850689355848
2.230530784048753 0.14560600085699427
2.2933626371205493 0.1379607827810754
2.356194490192345 0.12981406067037166
2.4190263432641403 0.12119834027492782
2.4818581963359367 0.11214729158269182
2.5446900494077322 0.1026956216614129
2.607521902479528 0.09287895421625991
2.670353755551324 0.08273371603263574
2.7331856086231197 0.07229703028410578
2.796017461694916 0.06160661650594402
2.8588493147667116 0.05070069686810564
2.9216811678385075 0.0396179082296785
2.9845130209103035 0.02839721932192645
3.047344873982099 0.017077852290463175
3.1101767270538954 0.00569920773013836
3.173008580125691 -0.00569920773013836
3.2358404331974873 -0.017077852290463175
3.2986722862692828 -0.02839721932192645
3.3615041393410787 -0.0396179082296785
3.4243359924128747 -0.05070069686810564
3.48716784548467 -0.06160661650594402
3.549999698556466 -0.07229703028410572
3.612831551628262 -0.08273371603263574
3.675663404700058 -0.09287895421625991
3.7384952577718535 -0.1026956216614129
3.8013271108436495 -0.11214729158269182
3.8641589639154454 -0.12119834027492778
3.9269908169872414 -0.12981406067037166
3.989822670059038 -0.13796078278107557
4.052654523130833 -0.14560600085699427
4.115486376202629 -0.15271850689355848
4.178318229274425 -0.15926852992174492
4.241150082346222 -0.1652278803125685
4.303981935418017 -0.1705700981302755
4.366813788489813 -0.17527060437835099
4.429645641561608 -0.17930685380388223
4.4924774946334045 -0.18265848776301902
4.5553093477052 -0.18530748550721818
4.618141200776996 -0.18723831213050524
4.680973053848792 -0.18843806132554874
4.743804906920587 -0.1888965910338867
4.806636759992383 -0.1886066500455654
4.869468613064179 -0.1875639936073735
4.932300466135976 -0.18576748613770247
4.995132319207771 -0.18321918921985877
5.057964172279567 -0.1799244331535815
5.120796025351362 -0.1758918704849179
5.183627878423159 -0.1711335101049597
5.246459731494955 -0.16566473070506924
5.3092915845667505 -0.1595042725962111
5.372123437638546 -0.15267420713855223
5.434955290710342 -0.14519988327987204
5.497787143782137 -0.13710985096267345
5.560618996853934 -0.12843576142530047
5.62345084992573 -0.11921224468712144
5.686282702997525 -0.10947676476745855
5.749114556069321 -0.09926945343841234
5.811946409141116 -0.08863292354950063
5.874778262212914 -0.07761206318415723
5.937610115284709 -0.06625381211225856
6.000441968356505 -0.054606922187176436
6.0632738214283 -0.04272170349919677
6.126105674500097 -0.030649758238724314
6.188937527571893 -0.018443704342200457
6.2517693806436885 -0.00615689109100815