0.031415926535897934 0.0054427559026640525
0.0942477796076938 0.01630343853380037
0.15707963267948966 0.027089789369194588
0.21991148575128552 0.037752771255587285
0.2827433388230814 0.048244117144376215
0.34557519189487723 0.05851662632382465
0.4084070449666731 0.06852444910160814
0.47123889803846897 0.07822335700149903
0.5340707511102649 0.08757099579754345
0.5969026041820606 0.09652711901222659
0.6597344572538566 0.10505379984417018
0.7225663103256523 0.1131156198574659
0.7853981633974483 0.1206798331499609
0.8482300164692442 0.1277165051126725
0.91106186954104 0.13419862528810045
0.9738937226128359 0.14010219422299905
1.0367255756846319 0.1454062845832448
1.0995574287564276 0.15009307714766
1.1623892818282235 0.15414787261789042
1.2252211349000193 0.15755908046760753
1.2880529879718152 0.16031818630250352
1.350884841043611 0.16241969941006254
1.413716694115407 0.16386108234334015
1.4765485471872026 0.1646426645055555
1.5393804002589986 0.16476754178279057
1.6022122533307945 0.1642414643120103
1.6650441064025903 0.16307271447333116
1.7278759594743862 0.16127197716190433
1.7907078125461822 0.1588522043294941
1.853539665617978 0.1558284756926364
1.9163715186897736 0.15221785738726054
1.9792033717615696 0.14803926021302063
2.0420352248333655 0.1433132989584422
2.104867077905162 0.13806215413438364
2.1676989309769574 0.13230943727201364
2.230530784048753 0.12608006076606454
2.2933626371205493 0.1194001130677037
2.356194490192345 0.1122967398568167
2.4190263432641403 0.10479803165325077
2.4818581963359367 0.09693291816271857
2.5446900494077322 0.0887310694972917
2.607521902479528 0.08022280426408594
2.670353755551324 0.07143900437990523
2.7331856086231197 0.062411036344983135
2.796017461694916 0.05317067859609684
2.8588493147667116 0.04375005445847909
2.9216811678385075 0.03418157012729426
2.9845130209103035 0.02449785703296304
3.047344873982099 0.01473171788025673
3.1101767270538954 0.004916075598700886
3.173008580125691 -0.004916075598700886
3.2358404331974873 -0.01473171788025673
3.2986722862692828 -0.02449785703296304
3.3615041393410787 -0.03418157012729426
3.4243359924128747 -0.04375005445847909
3.48716784548467 -0.05317067859609684
3.549999698556466 -0.062411036344983135
3.612831551628262 -0.07143900437990523
3.675663404700058 -0.08022280426408594
3.7384952577718535 -0.08873106949729159
3.8013271108436495 -0.09693291816271857
3.8641589639154454 -0.1047980316532507
3.9269908169872414 -0.1122967398568167
3.989822670059038 -0.11940011306770387
4.052654523130833 -0.12608006076606454
4.115486376202629 -0.13230943727201364
4.178318229274425 -0.1380621541343837
4.241150082346222 -0.14331329895844222
4.303981935418017 -0.1480392602130207
4.366813788489813 -0.15221785738726054
4.429645641561608 -0.15582847569263641
4.4924774946334045 -0.158852204329494
4.5553093477052 -0.16127197716190433
4.618141200776996 -0.16307271447333127
4.680973053848792 -0.16424146431201042
4.743804906920587 -0.16476754178279057
4.806636759992383 -0.16464266450555545
4.869468613064179 -0.16386108234334015
4.932300466135976 -0.16241969941006248
4.995132319207771 -0.16031818630250347
5.057964172279567 -0.15755908046760755
5.120796025351362 -0.15414787261789048
5.183627878423159 -0.15009307714766
5.246459731494955 -0.14540628458324473
5.3092915845667505 -0.14010219422299905
5.372123437638546 -0.13419862528810045
5.434955290710342 -0.12771650511267266
5.497787143782137 -0.12067983314996114
5.560618996853934 -0.11311561985746588
5.62345084992573 -0.10505379984417018
5.686282702997525 -0.09652711901222659
5.749114556069321 -0.08757099579754359
5.811946409141116 -0.07822335700149927
5.874778262212914 -0.06852444910160808
5.937610115284709 -0.05851662632382465
6.000441968356505 -0.048244117144376215
6.0632738214283 -0.03775277125558742
6.126105674500097 -0.027089789369194588
6.188937527571893 -0.016303438533800264
6.2517693806436885 -0.0054427559026640525