0.031415926535897934 0.003958005408070684
0.0942477796076938 0.01186086144808419
0.15707963267948966 0.019724277281180713
0.21991148575128552 0.027522039864975145
0.2827433388230814 0.03522805689009264
0.34557519189487723 0.042816405272828276
0.4084070449666731 0.05026137989336267
0.47123889803846897 0.05753754271342976
0.5340707511102649 0.06461977245146396
0.5969026041820606 0.07148331504318393
0.6597344572538566 0.07810383516900289
0.7225663103256523 0.08445746918397325
0.7853981633974483 0.09052087983825342
0.8482300164692442 0.09627131322321383
0.91106186954104 0.10168665841694546
0.9738937226128359 0.10674551032968947
1.0367255756846319 0.11142723626110466
1.0995574287564276 0.11571204667391302
1.1623892818282235 0.1195810706590396
1.2252211349000193 0.12301643651286613
1.2880529879718152 0.1260013577649799
1.350884841043611 0.1285202248826977
1.413716694115407 0.13055870273519707
1.4765485471872026 0.13210383372467496
1.5393804002589986 0.13314414628498167
1.6022122533307945 0.13366976821125442
1.6650441064025903 0.13367254402022197
1.7278759594743862 0.13314615525462337
1.7907078125461822 0.13208624234283434
1.853539665617978 0.1304905263143297
1.9163715186897736 0.12835892836277932
1.9792033717615696 0.12569368495279648
2.0420352248333655 0.12249945589649777
2.104867077905162 0.11878342259603686
2.1676989309769574 0.1145553734727482
2.230530784048753 0.10982777349703192
2.2933626371205493 0.104615814709488
2.356194490192345 0.09893744469524061
2.4190263432641403 0.09281337014963668
2.4818581963359367 0.08626703296075622
2.5446900494077322 0.07932455663444128
2.607521902479528 0.07201466139775775
2.670353755551324 0.06436854692839915
2.7331856086231197 0.0564197423562335
2.796017461694916 0.048203923949140456
2.8588493147667116 0.03975870170360941
2.9216811678385075 0.031123376882279546
2.9845130209103035 0.022338673343956266
3.047344873982099 0.013446446263657536
3.1101767270538954 0.004489372508643271
3.173008580125691 -0.004489372508643271
3.2358404331974873 -0.013446446263657536
3.2986722862692828 -0.022338673343956266
3.3615041393410787 -0.031123376882279546
3.4243359924128747 -0.03975870170360941
3.48716784548467 -0.048203923949140456
3.549999698556466 -0.05641974235623341
3.612831551628262 -0.06436854692839915
3.675663404700058 -0.07201466139775775
3.7384952577718535 -0.07932455663444128
3.8013271108436495 -0.08626703296075622
3.8641589639154454 -0.09281337014963671
3.9269908169872414 -0.09893744469524061
3.989822670059038 -0.10461581470948805
4.052654523130833 -0.10982777349703192
4.115486376202629 -0.1145553734727482
4.178318229274425 -0.11878342259603691
4.241150082346222 -0.12249945589649776
4.303981935418017 -0.1256936849527965
4.366813788489813 -0.12835892836277932
4.429645641561608 -0.1304905263143298
4.4924774946334045 -0.13208624234283448
4.5553093477052 -0.13314615525462337
4.618141200776996 -0.1336725440202221
4.680973053848792 -0.13366976821125437
4.743804906920587 -0.13314414628498164
4.806636759992383 -0.13210383372467502
4.869468613064179 -0.13055870273519707
4.932300466135976 -0.12852022488269782
4.995132319207771 -0.1260013577649799
5.057964172279567 -0.12301643651286613
5.120796025351362 -0.11958107065903949
5.183627878423159 -0.11571204667391302
5.246459731494955 -0.11142723626110461
5.3092915845667505 -0.10674551032968947
5.372123437638546 -0.10168665841694546
5.434955290710342 -0.09627131322321394
5.497787143782137 -0.09052087983825347
5.560618996853934 -0.08445746918397315
5.62345084992573 -0.07810383516900289
5.686282702997525 -0.07148331504318393
5.749114556069321 -0.0646197724514641
5.811946409141116 -0.05753754271342995
5.874778262212914 -0.050261379893362566
5.937610115284709 -0.042816405272828276
6.000441968356505 -0.03522805689009264
6.0632738214283 -0.027522039864975225
6.126105674500097 -0.019724277281180713
6.188937527571893 -0.011860861448084044
6.2517693806436885 -0.003958005408070684