0.031415926535897934 0.005055452164908245
0.0942477796076938 0.015147906736520155
0.15707963267948966 0.025185066752116746
0.21991148575128552 0.035130251461021555
0.2827433388230814 0.044947053166206584
0.34557519189487723 0.05459944570714303
0.4084070449666731 0.06405189223617995
0.47123889803846897 0.07326945213062584
0.5340707511102649 0.08221788691246182
0.5969026041820606 0.09086376508052382
0.6597344572538566 0.09917456579410093
0.7225663103256523 0.10711878138014776
0.7853981633974483 0.11466601866643636
0.8482300164692442 0.12178709916773726
0.91106186954104 0.1284541581692624
0.9738937226128359 0.1346407427590058
1.0367255756846319 0.14032190885635956
1.0995574287564276 0.14547431726680848
1.1623892818282235 0.15007632876032423
1.2252211349000193 0.15410809812343523
1.2880529879718152 0.1575516670714746
1.350884841043611 0.16039105582840069
1.413716694115407 0.16261235308764965
1.4765485471872026 0.1642038039601705
1.5393804002589986 0.1651558953972101
1.6022122533307945 0.16546143844837416
1.6650441064025903 0.16511564658339303
1.7278759594743862 0.1641162091729503
1.7907078125461822 0.16246335909446927
1.853539665617978 0.16015993330793554
1.9163715186897736 0.15721142514003553
1.9792033717615696 0.15362602692762467
2.0420352248333655 0.14941466160931358
2.104867077905162 0.14459100182203258
2.1676989309769574 0.13917147506261296
2.230530784048753 0.13317525351678197
2.2933626371205493 0.1266242272426674
2.356194490192345 0.11954295952486504
2.4190263432641403 0.11195862338892078
2.4818581963359367 0.10390091848368166
2.5446900494077322 0.09540196779771103
2.607521902479528 0.08649619397137329
2.670353755551324 0.07722017529220228
2.7331856086231197 0.06761248181001292
2.796017461694916 0.05771349237082181
2.8588493147667116 0.04756519373481554
2.9216811678385075 0.03721096330239165
2.9845130209103035 0.02669533731248958
3.047344873982099 0.016063766687907214
3.1101767270538954 0.0053623629726605275
3.173008580125691 -0.0053623629726605275
3.2358404331974873 -0.016063766687907214
3.2986722862692828 -0.02669533731248958
3.3615041393410787 -0.03721096330239165
3.4243359924128747 -0.04756519373481554
3.48716784548467 -0.05771349237082181
3.549999698556466 -0.06761248181001282
3.612831551628262 -0.07722017529220228
3.675663404700058 -0.08649619397137329
3.7384952577718535 -0.09540196779771097
3.8013271108436495 -0.10390091848368166
3.8641589639154454 -0.1119586233889207
3.9269908169872414 -0.11954295952486504
3.989822670059038 -0.12662422724266742
4.052654523130833 -0.13317525351678197
4.115486376202629 -0.13917147506261296
4.178318229274425 -0.1445910018220326
4.241150082346222 -0.14941466160931358
4.303981935418017 -0.15362602692762473
4.366813788489813 -0.15721142514003553
4.429645641561608 -0.1601599333079355
4.4924774946334045 -0.16246335909446927
4.5553093477052 -0.1641162091729503
4.618141200776996 -0.16511564658339298
4.680973053848792 -0.16546143844837416
4.743804906920587 -0.16515589539721
4.806636759992383 -0.1642038039601706
4.869468613064179 -0.16261235308764965
4.932300466135976 -0.1603910558284006
4.995132319207771 -0.1575516670714745
5.057964172279567 -0.15410809812343523
5.120796025351362 -0.15007632876032428
5.183627878423159 -0.14547431726680848
5.246459731494955 -0.14032190885635956
5.3092915845667505 -0.1346407427590058
5.372123437638546 -0.1284541581692624
5.434955290710342 -0.12178709916773735
5.497787143782137 -0.11466601866643643
5.560618996853934 -0.10711878138014763
5.62345084992573 -0.09917456579410093
5.686282702997525 -0.09086376508052382
5.749114556069321 -0.08221788691246182
5.811946409141116 -0.0732694521306259
5.874778262212914 -0.06405189223617976
5.937610115284709 -0.05459944570714303
6.000441968356505 -0.044947053166206584
6.0632738214283 -0.03513025146102157
6.126105674500097 -0.025185066752116746
6.188937527571893 -0.015147906736520155
6.2517693806436885 -0.005055452164908245