0.031415926535897934 0.00784861165629151
0.0942477796076938 0.023520962982202583
0.15707963267948966 0.0391187443009834
0.21991148575128552 0.05459239492284956
0.2827433388230814 0.06989258131449257
0.34557519189487723 0.08497028444384608
0.4084070449666731 0.09977688386994671
0.47123889803846897 0.11426423801490065
0.5340707511102649 0.12838476031541815
0.5969026041820606 0.14209149125376513
0.6597344572538566 0.1553381666034573
0.7225663103256523 0.16807928258358595
0.7853981633974483 0.18027015898648563
0.8482300164692442 0.1918670017149375
0.91106186954104 0.20282696652505336
0.9738937226128359 0.2131082261067653
1.0367255756846319 0.22267004293236575
1.0995574287564276 0.23147285055136108
1.1623892818282235 0.23947834619329067
1.2252211349000193 0.24664959764509678
1.2880529879718152 0.2529511673820092
1.350884841043611 0.25834925683661414
1.413716694115407 0.26281187347615387
1.4765485471872026 0.26630902301023057
1.5393804002589986 0.26881292855867595
1.6022122533307945 0.2702982779633447
1.6650441064025903 0.2707424996225718
1.7278759594743862 0.2701260662622111
1.7907078125461822 0.2684328249381553
1.853539665617978 0.26565035030534634
1.9163715186897736 0.261770316810273
1.9792033717615696 0.25678888400127625
2.0420352248333655 0.2507070876487778
2.104867077905162 0.2435312278830481
2.1676989309769574 0.235273244159151
2.230530784048753 0.2259510656261363
2.2933626371205493 0.2155889244965484
2.356194490192345 0.20421761937217978
2.4190263432641403 0.19187471526968752
2.4818581963359367 0.17860466738328062
2.5446900494077322 0.1644588564829434
2.607521902479528 0.14949552531352828
2.670353755551324 0.13377960743958867
2.7331856086231197 0.11738244264347182
2.796017461694916 0.10038137616034032
2.8588493147667116 0.08285924261324606
2.9216811678385075 0.06490373934637346
2.9845130209103035 0.04660669776662239
3.047344873982099 0.028063265093923952
3.1101767270538954 0.00937101238311072
3.173008580125691 -0.00937101238311072
3.2358404331974873 -0.028063265093923952
3.2986722862692828 -0.04660669776662239
3.3615041393410787 -0.06490373934637346
3.4243359924128747 -0.08285924261324606
3.48716784548467 -0.10038137616034032
3.549999698556466 -0.11738244264347182
3.612831551628262 -0.13377960743958867
3.675663404700058 -0.14949552531352828
3.7384952577718535 -0.16445885648294323
3.8013271108436495 -0.17860466738328062
3.8641589639154454 -0.19187471526968747
3.9269908169872414 -0.20421761937217978
3.989822670059038 -0.21558892449654862
4.052654523130833 -0.2259510656261363
4.115486376202629 -0.235273244159151
4.178318229274425 -0.2435312278830483
4.241150082346222 -0.25070708764877797
4.303981935418017 -0.2567888840012762
4.366813788489813 -0.261770316810273
4.429645641561608 -0.26565035030534634
4.4924774946334045 -0.26843282493815523
4.5553093477052 -0.2701260662622111
4.618141200776996 -0.2707424996225718
4.680973053848792 -0.2702982779633447
4.743804906920587 -0.268812928558676
4.806636759992383 -0.26630902301023057
4.869468613064179 -0.26281187347615387
4.932300466135976 -0.25834925683661425
4.995132319207771 -0.2529511673820091
5.057964172279567 -0.24664959764509692
5.120796025351362 -0.23947834619329073
5.183627878423159 -0.23147285055136108
5.246459731494955 -0.22267004293236564
5.3092915845667505 -0.2131082261067653
5.372123437638546 -0.20282696652505336
5.434955290710342 -0.19186700171493762
5.497787143782137 -0.18027015898648574
5.560618996853934 -0.16807928258358593
5.62345084992573 -0.1553381666034573
5.686282702997525 -0.14209149125376513
5.749114556069321 -0.12838476031541823
5.811946409141116 -0.114264238014901
5.874778262212914 -0.09977688386994663
5.937610115284709 -0.08497028444384608
6.000441968356505 -0.06989258131449257
6.0632738214283 -0.054592394922849646
6.126105674500097 -0.0391187443009834
6.188937527571893 -0.023520962982202492
6.2517693806436885 -0.00784861165629151