0.031415926535897934 0.009701155687361296
0.0942477796076938 0.02905521584006067
0.15707963267948966 0.048264878198850135
0.21991148575128552 0.06723505962435175
0.2827433388230814 0.08587243547473801
0.34557519189487723 0.10408611403405076
0.4084070449666731 0.12178828244582025
0.47123889803846897 0.13889481669092973
0.5340707511102649 0.15532584865831486
0.5969026041820606 0.17100628397728146
0.6597344572538566 0.18586626500681985
0.7225663103256523 0.19984157420341064
0.7853981633974483 0.21287397400444383
0.8482300164692442 0.22491148035599418
0.91106186954104 0.23590856806423663
0.9738937226128359 0.245826307238867
1.0367255756846319 0.2546324312012523
1.0995574287564276 0.2623013373244072
1.1623892818282235 0.26881402332989235
1.2252211349000193 0.27415796256202585
1.2880529879718152 0.27832692266736025
1.350884841043611 0.28132073290452875
1.413716694115407 0.283145005977202
1.4765485471872026 0.2838108208062305
1.5393804002589986 0.28333437302632997
1.6022122533307945 0.2817366002034899
1.6650441064025903 0.27904278882263955
1.7278759594743862 0.2752821699971393
1.7907078125461822 0.2704875106131755
1.853539665617978 0.26469470625786296
1.9163715186897736 0.257942381807548
1.9792033717615696 0.2502715049923907
2.0420352248333655 0.24172501762569937
2.104867077905162 0.23234748851288473
2.1676989309769574 0.22218479135567465
2.230530784048753 0.21128381026137677
2.2933626371205493 0.19969217477143997
2.356194490192345 0.18745802565280822
2.4190263432641403 0.17462981206141256
2.4818581963359367 0.16125612009857382
2.5446900494077322 0.1473855322443729
2.607521902479528 0.1330665166708623
2.670353755551324 0.11834734501372596
2.7331856086231197 0.10327603681304781
2.796017461694916 0.08790032852000508
2.8588493147667116 0.07226766470315166
2.9216811678385075 0.05642520887123125
2.9845130209103035 0.04041987115448163
3.047344873982099 0.02429834994833212
3.1101767270538954 0.00810718451767029
3.173008580125691 -0.00810718451767029
3.2358404331974873 -0.02429834994833212
3.2986722862692828 -0.04041987115448163
3.3615041393410787 -0.05642520887123125
3.4243359924128747 -0.07226766470315166
3.48716784548467 -0.08790032852000508
3.549999698556466 -0.10327603681304764
3.612831551628262 -0.11834734501372596
3.675663404700058 -0.1330665166708623
3.7384952577718535 -0.14738553224437287
3.8013271108436495 -0.16125612009857382
3.8641589639154454 -0.17462981206141256
3.9269908169872414 -0.18745802565280822
3.989822670059038 -0.19969217477144008
4.052654523130833 -0.21128381026137677
4.115486376202629 -0.22218479135567465
4.178318229274425 -0.23234748851288495
4.241150082346222 -0.24172501762569942
4.303981935418017 -0.2502715049923908
4.366813788489813 -0.257942381807548
4.429645641561608 -0.264694706257863
4.4924774946334045 -0.2704875106131756
4.5553093477052 -0.2752821699971393
4.618141200776996 -0.2790427888226396
4.680973053848792 -0.2817366002034899
4.743804906920587 -0.2833343730263301
4.806636759992383 -0.2838108208062305
4.869468613064179 -0.283145005977202
4.932300466135976 -0.2813207329045288
4.995132319207771 -0.27832692266736025
5.057964172279567 -0.27415796256202585
5.120796025351362 -0.26881402332989235
5.183627878423159 -0.2623013373244072
5.246459731494955 -0.2546324312012521
5.3092915845667505 -0.245826307238867
5.372123437638546 -0.23590856806423663
5.434955290710342 -0.22491148035599415
5.497787143782137 -0.21287397400444394
5.560618996853934 -0.1998415742034104
5.62345084992573 -0.18586626500681985
5.686282702997525 -0.17100628397728146
5.749114556069321 -0.15532584865831497
5.811946409141116 -0.13889481669092993
5.874778262212914 -0.12178828244582009
5.937610115284709 -0.10408611403405076
6.000441968356505 -0.08587243547473801
6.0632738214283 -0.06723505962435188
6.126105674500097 -0.048264878198850135
6.188937527571893 -0.02905521584006047
6.2517693806436885 -0.009701155687361296