0.031415926535897934 0.0027908694343827217
0.0942477796076938 0.008357624080891147
0.15707963267948966 0.013879559031669788
0.21991148575128552 0.019327235602801973
0.2827433388230814 0.02467186939888562
0.34557519189487723 0.029885577448325613
0.4084070449666731 0.03494161117863096
0.47123889803846897 0.03981457177132452
0.5340707511102649 0.044480604849646825
0.5969026041820606 0.04891757193064218
0.6597344572538566 0.05310519660175607
0.7225663103256523 0.05702518394476999
0.7853981633974483 0.060661312310024654
0.8482300164692442 0.0639994971246405
0.91106186954104 0.06702782698352115
0.9738937226128359 0.06973657280615213
1.0367255756846319 0.07211817133203642
1.0995574287564276 0.07416718466155821
1.1623892818282235 0.0758802379181455
1.2252211349000193 0.07725593740538476
1.2880529879718152 0.07829477185563825
1.350884841043611 0.07899899951378182
1.413716694115407 0.07937252387258507
1.4765485471872026 0.0794207608789467
1.5393804002589986 0.07915050036859622
1.6022122533307945 0.0785697643684675
1.6650441064025903 0.0776876647393438
1.7278759594743862 0.07651426242586738
1.7907078125461822 0.07506043034612643
1.853539665617978 0.07333772169818795
1.9163715186897736 0.07135824519504223
1.9792033717615696 0.06913454847061659
2.0420352248333655 0.06667951063497396
2.104867077905162 0.06400624470261325
2.1676989309769574 0.06112801037880559
2.230530784048753 0.05805813746883058
2.2933626371205493 0.05480995997635126
2.356194490192345 0.05139676078143966
2.4190263432641403 0.047831726636456476
2.4818581963359367 0.04412791308874479
2.5446900494077322 0.040298218831928766
2.607521902479528 0.03635536890095224
2.670353755551324 0.032311906057908756
2.7331856086231197 0.028180189663990326
2.796017461694916 0.023972401295177356
2.8588493147667116 0.01970055633321432
2.9216811678385075 0.015376520746642138
2.9845130209103035 0.011012032266986979
3.047344873982099 0.006618725160648161
3.1101767270538954 0.0022081577957928935
3.173008580125691 -0.0022081577957928935
3.2358404331974873 -0.006618725160648161
3.2986722862692828 -0.011012032266986979
3.3615041393410787 -0.015376520746642138
3.4243359924128747 -0.01970055633321432
3.48716784548467 -0.023972401295177356
3.549999698556466 -0.028180189663990326
3.612831551628262 -0.032311906057908756
3.675663404700058 -0.03635536890095224
3.7384952577718535 -0.04029821883192869
3.8013271108436495 -0.04412791308874479
3.8641589639154454 -0.047831726636456476
3.9269908169872414 -0.05139676078143966
3.989822670059038 -0.05480995997635126
4.052654523130833 -0.05805813746883058
4.115486376202629 -0.06112801037880559
4.178318229274425 -0.06400624470261332
4.241150082346222 -0.06667951063497404
4.303981935418017 -0.06913454847061659
4.366813788489813 -0.07135824519504223
4.429645641561608 -0.07333772169818795
4.4924774946334045 -0.07506043034612658
4.5553093477052 -0.07651426242586738
4.618141200776996 -0.0776876647393438
4.680973053848792 -0.0785697643684675
4.743804906920587 -0.07915050036859629
4.806636759992383 -0.07942076087894662
4.869468613064179 -0.07937252387258507
4.932300466135976 -0.07899899951378186
4.995132319207771 -0.07829477185563825
5.057964172279567 -0.07725593740538485
5.120796025351362 -0.0758802379181455
5.183627878423159 -0.07416718466155821
5.246459731494955 -0.07211817133203641
5.3092915845667505 -0.06973657280615213
5.372123437638546 -0.06702782698352115
5.434955290710342 -0.0639994971246405
5.497787143782137 -0.060661312310024654
5.560618996853934 -0.05702518394476999
5.62345084992573 -0.05310519660175607
5.686282702997525 -0.04891757193064218
5.749114556069321 -0.044480604849646825
5.811946409141116 -0.03981457177132452
5.874778262212914 -0.03494161117863096
5.937610115284709 -0.029885577448325613
6.000441968356505 -0.02467186939888562
6.0632738214283 -0.019327235602801973
6.126105674500097 -0.013879559031669788
6.188937527571893 -0.008357624080891003
6.2517693806436885 -0.0027908694343827217