0.031415926535897934 0.008419402950637906
0.0942477796076938 0.0252266450305504
0.15707963267948966 0.04193931710622544
0.21991148575128552 0.05849477618672608
0.2827433388230814 0.07483098068268661
0.34557519189487723 0.09088672287831077
0.4084070449666731 0.10660185364471769
0.47123889803846897 0.12191749763469649
0.5340707511102649 0.13677625751675063
0.5969026041820606 0.1511224061685651
0.6597344572538566 0.16490206614281389
0.7225663103256523 0.17806337612661585
0.7853981633974483 0.1905566445245078
0.8482300164692442 0.20233449068828477
0.91106186954104 0.2133519746807542
0.9738937226128359 0.22356671678081022
1.0367255756846319 0.23293900820215804
1.0995574287564276 0.24143191469719769
1.1623892818282235 0.24901137484273633
1.2252211349000193 0.25564629484922735
1.2880529879718152 0.2613086416963176
1.350884841043611 0.265973536273146
1.413716694115407 0.26961934799292625
1.4765485471872026 0.2722277920611403
1.5393804002589986 0.27378403021075304
1.6022122533307945 0.2742767752841882
1.6650441064025903 0.2736983995506993
1.7278759594743862 0.2720450461118259
1.7907078125461822 0.2693167421816892
1.853539665617978 0.26551751244998506
1.9163715186897736 0.2606554901625531
1.9792033717615696 0.25474302300799784
2.0420352248333655 0.24779677040076548
2.104867077905162 0.23983778832387379
2.1676989309769574 0.23089159756053826
2.230530784048753 0.22098823092471132
2.2933626371205493 0.2101622550155566
2.356194490192345 0.1984527620864873
2.4190263432641403 0.18590332784776162
2.4818581963359367 0.17256193141942006
2.5446900494077322 0.15848083421887127
2.607521902479528 0.1437164152976438
2.670353755551324 0.12832896152001547
2.7331856086231197 0.11238241197972565
2.796017461694916 0.09594405714969532
2.8588493147667116 0.07908419441685283
2.9216811678385075 0.06187574282778595
2.9845130209103035 0.04439382101567582
3.047344873982099 0.026715293348183334
3.1101767270538954 0.008918290284441998
3.173008580125691 -0.008918290284441998
3.2358404331974873 -0.026715293348183334
3.2986722862692828 -0.04439382101567582
3.3615041393410787 -0.06187574282778595
3.4243359924128747 -0.07908419441685283
3.48716784548467 -0.09594405714969532
3.549999698556466 -0.11238241197972546
3.612831551628262 -0.12832896152001547
3.675663404700058 -0.1437164152976438
3.7384952577718535 -0.1584808342188712
3.8013271108436495 -0.17256193141942006
3.8641589639154454 -0.18590332784776162
3.9269908169872414 -0.1984527620864873
3.989822670059038 -0.21016225501555683
4.052654523130833 -0.22098823092471132
4.115486376202629 -0.23089159756053826
4.178318229274425 -0.23983778832387387
4.241150082346222 -0.24779677040076542
4.303981935418017 -0.2547430230079979
4.366813788489813 -0.2606554901625531
4.429645641561608 -0.265517512449985
4.4924774946334045 -0.2693167421816892
4.5553093477052 -0.2720450461118259
4.618141200776996 -0.27369839955069947
4.680973053848792 -0.2742767752841882
4.743804906920587 -0.2737840302107531
4.806636759992383 -0.27222779206114023
4.869468613064179 -0.26961934799292625
4.932300466135976 -0.26597353627314607
4.995132319207771 -0.2613086416963176
5.057964172279567 -0.25564629484922735
5.120796025351362 -0.2490113748427366
5.183627878423159 -0.24143191469719769
5.246459731494955 -0.23293900820215785
5.3092915845667505 -0.22356671678081022
5.372123437638546 -0.2133519746807542
5.434955290710342 -0.2023344906882848
5.497787143782137 -0.19055664452450785
5.560618996853934 -0.1780633761266158
5.62345084992573 -0.16490206614281389
5.686282702997525 -0.1511224061685651
5.749114556069321 -0.13677625751675077
5.811946409141116 -0.12191749763469677
5.874778262212914 -0.10660185364471754
5.937610115284709 -0.09088672287831077
6.000441968356505 -0.07483098068268661
6.0632738214283 -0.05849477618672616
6.126105674500097 -0.04193931710622544
6.188937527571893 -0.025226645030550224
6.2517693806436885 -0.008419402950637906