0.031415926535897934 0.003980299152149108
0.0942477796076938 0.011929744219711026
0.15707963267948966 0.01984572441186869
0.21991148575128552 0.02770591280996438
0.2827433388230814 0.03548795775377459
0.34557519189487723 0.0431694744898871
0.4084070449666731 0.05072803841816788
0.47123889803846897 0.05814118046745133
0.5340707511102649 0.06538638518513265
0.5969026041820606 0.07244109218811005
0.6597344572538566 0.07928270169274143
0.7225663103256523 0.08588858491700578
0.7853981633974483 0.0922361002262151
0.8482300164692442 0.09830261597125624
0.91106186954104 0.10406554104167162
0.9738937226128359 0.10950236422055173
1.0367255756846319 0.11459070347912932
1.0995574287564276 0.11930836638046981
1.1623892818282235 0.12363342276733785
1.2252211349000193 0.12754429088226732
1.2880529879718152 0.13101983800064546
1.350884841043611 0.13403949654255573
1.413716694115407 0.13658339645849818
1.4765485471872026 0.13863251445059918
1.5393804002589986 0.14016884028801693
1.6022122533307945 0.14117556009786056
1.6650441064025903 0.14163725605806593
1.7278759594743862 0.14154012138617406
1.7907078125461822 0.14087218891137365
1.853539665617978 0.1396235708445437
1.9163715186897736 0.13778670663566867
1.9792033717615696 0.13535661504908522
2.0420352248333655 0.13233114581999011
2.104867077905162 0.1287112255121737
2.1676989309769574 0.12450109151453688
2.230530784048753 0.11970850753479566
2.2933626371205493 0.11434495351824776
2.356194490192345 0.10842578268356398
2.4190263432641403 0.10197033837018465
2.4818581963359367 0.09500202367118567
2.5446900494077322 0.08754831741019539
2.607521902479528 0.07964073092669761
2.670353755551324 0.07131470135987672
2.7331856086231197 0.06260941864695448
2.796017461694916 0.05356758523708704
2.8588493147667116 0.04423510950519427
2.9216811678385075 0.03466073595190073
2.9845130209103035 0.024895617401513026
3.047344873982099 0.014992836455590507
3.1101767270538954 0.005006885318495283
3.173008580125691 -0.005006885318495283
3.2358404331974873 -0.014992836455590507
3.2986722862692828 -0.024895617401513026
3.3615041393410787 -0.03466073595190073
3.4243359924128747 -0.04423510950519427
3.48716784548467 -0.05356758523708704
3.549999698556466 -0.06260941864695438
3.612831551628262 -0.07131470135987672
3.675663404700058 -0.07964073092669761
3.7384952577718535 -0.08754831741019532
3.8013271108436495 -0.09500202367118567
3.8641589639154454 -0.10197033837018465
3.9269908169872414 -0.10842578268356398
3.989822670059038 -0.11434495351824793
4.052654523130833 -0.11970850753479566
4.115486376202629 -0.12450109151453688
4.178318229274425 -0.12871122551217382
4.241150082346222 -0.13233114581999017
4.303981935418017 -0.1353566150490853
4.366813788489813 -0.13778670663566867
4.429645641561608 -0.1396235708445437
4.4924774946334045 -0.14087218891137376
4.5553093477052 -0.14154012138617406
4.618141200776996 -0.141637256058066
4.680973053848792 -0.14117556009786056
4.743804906920587 -0.14016884028801693
4.806636759992383 -0.13863251445059926
4.869468613064179 -0.13658339645849818
4.932300466135976 -0.13403949654255573
4.995132319207771 -0.13101983800064546
5.057964172279567 -0.12754429088226732
5.120796025351362 -0.1236334227673379
5.183627878423159 -0.11930836638046981
5.246459731494955 -0.11459070347912921
5.3092915845667505 -0.10950236422055173
5.372123437638546 -0.10406554104167162
5.434955290710342 -0.09830261597125624
5.497787143782137 -0.09223610022621527
5.560618996853934 -0.08588858491700578
5.62345084992573 -0.07928270169274143
5.686282702997525 -0.07244109218811005
5.749114556069321 -0.06538638518513286
5.811946409141116 -0.05814118046745144
5.874778262212914 -0.05072803841816788
5.937610115284709 -0.0431694744898871
6.000441968356505 -0.03548795775377459
6.0632738214283 -0.02770591280996438
6.126105674500097 -0.01984572441186869
6.188937527571893 -0.011929744219711026
6.2517693806436885 -0.003980299152149108