0.031415926535897934 0.0049743173640136185
0.0942477796076938 0.014902660248787407
0.15707963267948966 0.024770218136616024
0.21991148575128552 0.034536768949164416
0.2827433388230814 0.04416254066140927
0.34557519189487723 0.05360838768756971
0.4084070449666731 0.06283596367077433
0.47123889803846897 0.07180788970430238
0.5340707511102649 0.08048791705276845
0.5969026041820606 0.08884108349009907
0.6597344572538566 0.09683386242694351
0.7225663103256523 0.10443430406259553
0.7853981633974483 0.11161216786474608
0.8482300164692442 0.11833904575363513
0.91106186954104 0.1245884754444536
0.9738937226128359 0.13033604348226213
1.0367255756846319 0.13555947758621031
1.0995574287564276 0.14023872800348844
1.1623892818282235 0.14435603765721203
1.2252211349000193 0.14789600095534525
1.2880529879718152 0.15084561120885687
1.350884841043611 0.15319429668568216
1.413716694115407 0.1549339454018651
1.4765485471872026 0.15605891882171444
1.5393804002589986 0.1565660547042407
1.6022122533307945 0.15645465939292813
1.6650441064025903 0.15572648989955665
1.7278759594743862 0.15438572617992333
1.7907078125461822 0.15243893403964312
1.853539665617978 0.149895019141572
1.9163715186897736 0.14676517261273034
1.9792033717615696 0.14306280876797914
2.0420352248333655 0.13880349548028342
2.104867077905162 0.13400487773344544
2.1676989309769574 0.1286865948930781
2.230530784048753 0.12287019222576763
2.2933626371205493 0.11657902718536058
2.356194490192345 0.1098381709697035
2.4190263432641403 0.1026743058316047
2.4818581963359367 0.09511561860495858
2.5446900494077322 0.08719169088159338
2.607521902479528 0.07893338624718792
2.670353755551324 0.07037273495629882
2.7331856086231197 0.06154281639785822
2.796017461694916 0.052477639674133374
2.8588493147667116 0.04321202258878713
2.9216811678385075 0.033781469313915326
2.9845130209103035 0.024222046982392095
3.047344873982099 0.014570261431003925
3.1101767270538954 0.004862932302162996
3.173008580125691 -0.004862932302162996
3.2358404331974873 -0.014570261431003925
3.2986722862692828 -0.024222046982392095
3.3615041393410787 -0.033781469313915326
3.4243359924128747 -0.04321202258878713
3.48716784548467 -0.052477639674133374
3.549999698556466 -0.06154281639785807
3.612831551628262 -0.07037273495629882
3.675663404700058 -0.07893338624718792
3.7384952577718535 -0.08719169088159331
3.8013271108436495 -0.09511561860495858
3.8641589639154454 -0.10267430583160465
3.9269908169872414 -0.1098381709697035
3.989822670059038 -0.11657902718536065
4.052654523130833 -0.12287019222576763
4.115486376202629 -0.1286865948930781
4.178318229274425 -0.13400487773344544
4.241150082346222 -0.13880349548028353
4.303981935418017 -0.14306280876797922
4.366813788489813 -0.14676517261273034
4.429645641561608 -0.14989501914157205
4.4924774946334045 -0.1524389340396431
4.5553093477052 -0.15438572617992333
4.618141200776996 -0.15572648989955679
4.680973053848792 -0.15645465939292813
4.743804906920587 -0.15656605470424065
4.806636759992383 -0.15605891882171444
4.869468613064179 -0.1549339454018651
4.932300466135976 -0.1531942966856823
4.995132319207771 -0.15084561120885687
5.057964172279567 -0.14789600095534525
5.120796025351362 -0.14435603765721203
5.183627878423159 -0.14023872800348844
5.246459731494955 -0.13555947758621031
5.3092915845667505 -0.13033604348226213
5.372123437638546 -0.1245884754444536
5.434955290710342 -0.11833904575363513
5.497787143782137 -0.11161216786474629
5.560618996853934 -0.10443430406259546
5.62345084992573 -0.09683386242694351
5.686282702997525 -0.08884108349009907
5.749114556069321 -0.08048791705276856
5.811946409141116 -0.0718078897043025
5.874778262212914 -0.06283596367077425
5.937610115284709 -0.05360838768756971
6.000441968356505 -0.04416254066140927
6.0632738214283 -0.034536768949164416
6.126105674500097 -0.024770218136616024
6.188937527571893 -0.014902660248787315
6.2517693806436885 -0.0049743173640136185