0.031415926535897934 0.006510528833629834
0.0942477796076938 0.0195124283599107
0.15707963267948966 0.032456870974520935
0.21991148575128552 0.04530561016912204
0.2827433388230814 0.05802048565811421
0.34557519189487723 0.0705634560994082
0.4084070449666731 0.08289663024220788
0.47123889803846897 0.09498229632657913
0.5340707511102649 0.10678294975685887
0.5969026041820606 0.11826131930290044
0.6597344572538566 0.12938039234450438
0.7225663103256523 0.14010343995898802
0.7853981633974483 0.15039404295279496
0.8482300164692442 0.16021612024760654
0.91106186954104 0.16953396134099388
0.9738937226128359 0.17831226486180288
1.0367255756846319 0.186516185520719
1.0995574287564276 0.1941113920053074
1.1623892818282235 0.20106413857354546
1.2252211349000193 0.20734135324653696
1.2880529879718152 0.21291074557451228
1.350884841043611 0.21774093693402521
1.413716694115407 0.2218016161911723
1.4765485471872026 0.22506372331787863
1.5393804002589986 0.2274996631581874
1.6022122533307945 0.22908355099251643
1.6650441064025903 0.2297914908258641
1.7278759594743862 0.22960188642076365
1.7907078125461822 0.22849578400313686
1.853539665617978 0.2264572442928588
1.9163715186897736 0.22347374006495507
1.9792033717615696 0.2195365738587274
2.0420352248333655 0.21464130876216012
2.104867077905162 0.20878820346524815
2.1676989309769574 0.20198264107248062
2.230530784048753 0.19423553958155979
2.2933626371205493 0.18556373057585243
2.356194490192345 0.17599029165450356
2.4190263432641403 0.16554481755187506
2.4818581963359367 0.15426361488688894
2.5446900494077322 0.1421898061276772
2.607521902479528 0.1293733297266356
2.670353755551324 0.11587082550811297
2.7331856086231197 0.10174539726248484
2.796017461694916 0.08706624805083718
2.8588493147667116 0.07190818783336535
2.9216811678385075 0.05635101752818629
2.9845130209103035 0.04047879826650798
3.047344873982099 0.02437901918336003
3.1101767270538954 0.008141681304132833
3.173008580125691 -0.008141681304132833
3.2358404331974873 -0.02437901918336003
3.2986722862692828 -0.04047879826650798
3.3615041393410787 -0.05635101752818629
3.4243359924128747 -0.07190818783336535
3.48716784548467 -0.08706624805083718
3.549999698556466 -0.10174539726248473
3.612831551628262 -0.11587082550811297
3.675663404700058 -0.1293733297266356
3.7384952577718535 -0.14218980612767707
3.8013271108436495 -0.15426361488688894
3.8641589639154454 -0.16554481755187506
3.9269908169872414 -0.17599029165450356
3.989822670059038 -0.18556373057585265
4.052654523130833 -0.19423553958155979
4.115486376202629 -0.20198264107248062
4.178318229274425 -0.20878820346524818
4.241150082346222 -0.21464130876216003
4.303981935418017 -0.21953657385872735
4.366813788489813 -0.22347374006495507
4.429645641561608 -0.22645724429285866
4.4924774946334045 -0.22849578400313683
4.5553093477052 -0.22960188642076365
4.618141200776996 -0.22979149082586414
4.680973053848792 -0.2290835509925163
4.743804906920587 -0.22749966315818737
4.806636759992383 -0.22506372331787863
4.869468613064179 -0.2218016161911723
4.932300466135976 -0.21774093693402516
4.995132319207771 -0.2129107455745123
5.057964172279567 -0.20734135324653705
5.120796025351362 -0.20106413857354538
5.183627878423159 -0.1941113920053074
5.246459731494955 -0.18651618552071902
5.3092915845667505 -0.17831226486180288
5.372123437638546 -0.16953396134099388
5.434955290710342 -0.16021612024760662
5.497787143782137 -0.150394042952795
5.560618996853934 -0.14010343995898786
5.62345084992573 -0.12938039234450438
5.686282702997525 -0.11826131930290044
5.749114556069321 -0.10678294975685894
5.811946409141116 -0.09498229632657941
5.874778262212914 -0.0828966302422078
5.937610115284709 -0.0705634560994082
6.000441968356505 -0.05802048565811421
6.0632738214283 -0.04530561016912213
6.126105674500097 -0.032456870974520935
6.188937527571893 -0.0195124283599107
6.2517693806436885 -0.006510528833629834