0.031415926535897934 0.00996155584430343
0.0942477796076938 0.029780665483888916
0.15707963267948966 0.049290151670622936
0.21991148575128552 0.06829144388237976
0.2827433388230814 0.08659740500751746
0.34557519189487723 0.1040362571028749
0.4084070449666731 0.12045490660423668
0.47123889803846897 0.13572156033874552
0.5340707511102649 0.14972756383614072
0.5969026041820606 0.162388435533523
0.6597344572538566 0.17364411143997216
0.7225663103256523 0.18345845187649848
0.7853981633974483 0.19181809276195153
0.8482300164692442 0.19873074700434415
0.91106186954104 0.20422307609306423
0.9738937226128359 0.2083382579640794
1.0367255756846319 0.2111333753107584
1.0995574287564276 0.2126767399566582
1.1623892818282235 0.21304525525820212
1.2252211349000193 0.2123219014759548
1.2880529879718152 0.2105934103205087
1.350884841043611 0.20794817594189066
1.413716694115407 0.20447443171326263
1.4765485471872026 0.20025870615936336
1.5393804002589986 0.19538455786623352
1.6022122533307945 0.1899315784477899
1.6650441064025903 0.18397464465135305
1.7278759594743862 0.17758339528203354
1.7907078125461822 0.1708219055104097
1.853539665617978 0.16374852992332947
1.9163715186897736 0.15641588598411924
1.9792033717615696 0.14887095099794725
2.0420352248333655 0.14115524787866868
2.104867077905162 0.1333050976835445
2.1676989309769574 0.1253519197762293
2.230530784048753 0.1173225634067086
2.2933626371205493 0.10923965732122551
2.356194490192345 0.10112196664218877
2.4190263432641403 0.09298474863106146
2.4818581963359367 0.08484010103880878
2.5446900494077322 0.07669729855296248
2.607521902479528 0.06856311437750245
2.670353755551324 0.06044212525148018
2.7331856086231197 0.05233699925044308
2.796017461694916 0.04424876654989748
2.8588493147667116 0.03617707399119357
2.9216811678385075 0.028120424805079293
2.9845130209103035 0.02007640524210653
3.047344873982099 0.012041900154491485
3.1101767270538954 0.004013299789954663
3.173008580125691 -0.004013299789954663
3.2358404331974873 -0.012041900154491485
3.2986722862692828 -0.02007640524210653
3.3615041393410787 -0.028120424805079293
3.4243359924128747 -0.03617707399119357
3.48716784548467 -0.04424876654989748
3.549999698556466 -0.05233699925044301
3.612831551628262 -0.06044212525148018
3.675663404700058 -0.06856311437750245
3.7384952577718535 -0.07669729855296227
3.8013271108436495 -0.08484010103880878
3.8641589639154454 -0.09298474863106151
3.9269908169872414 -0.10112196664218877
3.989822670059038 -0.1092396573212256
4.052654523130833 -0.1173225634067086
4.115486376202629 -0.1253519197762293
4.178318229274425 -0.13330509768354462
4.241150082346222 -0.14115524787866893
4.303981935418017 -0.14887095099794742
4.366813788489813 -0.15641588598411924
4.429645641561608 -0.16374852992332936
4.4924774946334045 -0.17082190551040968
4.5553093477052 -0.17758339528203354
4.618141200776996 -0.18397464465135296
4.680973053848792 -0.1899315784477899
4.743804906920587 -0.19538455786623357
4.806636759992383 -0.20025870615936328
4.869468613064179 -0.20447443171326263
4.932300466135976 -0.20794817594189074
4.995132319207771 -0.21059341032050863
5.057964172279567 -0.21232190147595487
5.120796025351362 -0.21304525525820223
5.183627878423159 -0.2126767399566582
5.246459731494955 -0.21113337531075838
5.3092915845667505 -0.2083382579640794
5.372123437638546 -0.20422307609306423
5.434955290710342 -0.19873074700434418
5.497787143782137 -0.19181809276195155
5.560618996853934 -0.18345845187649826
5.62345084992573 -0.17364411143997216
5.686282702997525 -0.162388435533523
5.749114556069321 -0.14972756383614091
5.811946409141116 -0.13572156033874572
5.874778262212914 -0.1204549066042365
5.937610115284709 -0.1040362571028749
6.000441968356505 -0.08659740500751746
6.0632738214283 -0.06829144388237995
6.126105674500097 -0.049290151670622936
6.188937527571893 -0.029780665483888618
6.2517693806436885 -0.00996155584430343