0.031415926535897934 0.008942227321940525
0.0942477796076938 0.026792229797741797
0.15707963267948966 0.044539018626662354
0.21991148575128552 0.062114259543033026
0.2827433388230814 0.07945032581495608
0.34557519189487723 0.09648057197707428
0.4084070449666731 0.11313959862304573
0.47123889803846897 0.12936350617460854
0.5340707511102649 0.14509013587187766
0.5969026041820606 0.1602592966030457
0.6597344572538566 0.17481297659661355
0.7225663103256523 0.18869553942035902
0.7853981633974483 0.2018539041526978
0.8482300164692442 0.21423770999842087
0.91106186954104 0.2257994659972508
0.9738937226128359 0.23649468680680769
1.0367255756846319 0.24628201581962847
1.0995574287564276 0.25512333708713403
1.1623892818282235 0.2629838776643767
1.2252211349000193 0.269832302052966
1.2880529879718152 0.27564080040318184
1.350884841043611 0.28038517203981556
1.413716694115407 0.2840449057020777
1.4765485471872026 0.2866032576406593
1.5393804002589986 0.2880473284016629
1.6022122533307945 0.2883681387566423
1.6650441064025903 0.2875607048214007
1.7278759594743862 0.2856241119562037
1.7907078125461822 0.2825615865709898
1.853539665617978 0.27838056448659904
1.9163715186897736 0.2730927540436374
1.9792033717615696 0.2667141917216576
2.0420352248333655 0.2592652876504177
2.104867077905162 0.2507708580793711
2.1676989309769574 0.24126014163771267
2.230530784048753 0.23076679608019882
2.2933626371205493 0.21932887218638866
2.356194490192345 0.20698876157271606
2.4190263432641403 0.19379311539416
2.4818581963359367 0.1797927312571536
2.5446900494077322 0.16504240613485543
2.607521902479528 0.1496007536619581
2.670353755551324 0.13352998487542886
2.7331856086231197 0.11689565224134185
2.796017461694916 0.0997663576429549
2.8588493147667116 0.08221342587392515
2.9216811678385075 0.06431054605265273
2.9845130209103035 0.04613338421698087
3.047344873982099 0.02775917114041845
3.1101767270538954 0.009266270100575026
3.173008580125691 -0.009266270100575026
3.2358404331974873 -0.02775917114041845
3.2986722862692828 -0.04613338421698087
3.3615041393410787 -0.06431054605265273
3.4243359924128747 -0.08221342587392515
3.48716784548467 -0.0997663576429549
3.549999698556466 -0.11689565224134185
3.612831551628262 -0.13352998487542886
3.675663404700058 -0.1496007536619581
3.7384952577718535 -0.16504240613485519
3.8013271108436495 -0.1797927312571536
3.8641589639154454 -0.19379311539415978
3.9269908169872414 -0.20698876157271606
3.989822670059038 -0.21932887218638897
4.052654523130833 -0.23076679608019882
4.115486376202629 -0.24126014163771267
4.178318229274425 -0.25077085807937133
4.241150082346222 -0.2592652876504177
4.303981935418017 -0.2667141917216576
4.366813788489813 -0.2730927540436374
4.429645641561608 -0.27838056448659915
4.4924774946334045 -0.2825615865709898
4.5553093477052 -0.2856241119562037
4.618141200776996 -0.28756070482140084
4.680973053848792 -0.2883681387566425
4.743804906920587 -0.28804732840166275
4.806636759992383 -0.28660325764065925
4.869468613064179 -0.2840449057020777
4.932300466135976 -0.28038517203981544
4.995132319207771 -0.27564080040318184
5.057964172279567 -0.2698323020529661
5.120796025351362 -0.2629838776643769
5.183627878423159 -0.25512333708713403
5.246459731494955 -0.2462820158196282
5.3092915845667505 -0.23649468680680769
5.372123437638546 -0.2257994659972508
5.434955290710342 -0.21423770999842093
5.497787143782137 -0.2018539041526982
5.560618996853934 -0.18869553942035897
5.62345084992573 -0.17481297659661355
5.686282702997525 -0.1602592966030457
5.749114556069321 -0.1450901358718778
5.811946409141116 -0.12936350617460873
5.874778262212914 -0.11313959862304573
5.937610115284709 -0.09648057197707428
6.000441968356505 -0.07945032581495608
6.0632738214283 -0.06211425954303319
6.126105674500097 -0.044539018626662354
6.188937527571893 -0.026792229797741617
6.2517693806436885 -0.008942227321940525