0.031415926535897934 0.0023559136942296506
0.0942477796076938 0.007059664664124005
0.15707963267948966 0.011739201943772058
0.21991148575128552 0.016378435062675296
0.2827433388230814 0.020961351901201283
0.34557519189487723 0.02547205076159271
0.4084070449666731 0.029894773164638355
0.47123889803846897 0.034213937571770645
0.5340707511102649 0.03841417422595812
0.5969026041820606 0.04248036129615234
0.6597344572538566 0.04639766249880121
0.7225663103256523 0.05015156635556249
0.7853981633974483 0.05372792722831969
0.8482300164692442 0.05711300825038928
0.91106186954104 0.060293526245875036
0.9738937226128359 0.06325669869699026
1.0367255756846319 0.06599029278137865
1.0995574287564276 0.06848267645768871
1.1623892818282235 0.07072287152766092
1.2252211349000193 0.07270060854671363
1.2880529879718152 0.07440638339257612
1.350884841043611 0.0758315152332889
1.413716694115407 0.07696820556245357
1.4765485471872026 0.07780959789189926
1.5393804002589986 0.07834983761111487
1.6022122533307945 0.07858413144043627
1.6650441064025903 0.07850880582290658
1.7278759594743862 0.07812136352014537
1.7907078125461822 0.07742053760291007
1.853539665617978 0.07640634196004291
1.9163715186897736 0.07508011739304557
1.9792033717615696 0.07344457232062533
2.0420352248333655 0.07150381709119262
2.104867077905162 0.06926339089434681
2.1676989309769574 0.0667302802774802
2.230530784048753 0.06391292831298837
2.2933626371205493 0.0608212335268746
2.356194490192345 0.057466537791768246
2.4190263432641403 0.05386160250673051
2.4818581963359367 0.05002057253192398
2.5446900494077322 0.045958927516554206
2.607521902479528 0.041693420450643295
2.670353755551324 0.03724200348137863
2.7331856086231197 0.03262374125821006
2.796017461694916 0.027858712301956655
2.8588493147667116 0.022967899125624996
2.9216811678385075 0.017973068061734383
2.9845130209103035 0.012896639965758397
3.047344873982099 0.007761553160996335
3.1101767270538954 0.002591120160378494
3.173008580125691 -0.002591120160378494
3.2358404331974873 -0.007761553160996335
3.2986722862692828 -0.012896639965758397
3.3615041393410787 -0.017973068061734383
3.4243359924128747 -0.022967899125624996
3.48716784548467 -0.027858712301956655
3.549999698556466 -0.03262374125821006
3.612831551628262 -0.03724200348137863
3.675663404700058 -0.041693420450643295
3.7384952577718535 -0.045958927516554206
3.8013271108436495 -0.05002057253192398
3.8641589639154454 -0.05386160250673041
3.9269908169872414 -0.057466537791768246
3.989822670059038 -0.06082123352687471
4.052654523130833 -0.06391292831298837
4.115486376202629 -0.0667302802774802
4.178318229274425 -0.06926339089434679
4.241150082346222 -0.07150381709119272
4.303981935418017 -0.0734445723206253
4.366813788489813 -0.07508011739304557
4.429645641561608 -0.07640634196004281
4.4924774946334045 -0.07742053760291007
4.5553093477052 -0.07812136352014537
4.618141200776996 -0.07850880582290658
4.680973053848792 -0.07858413144043634
4.743804906920587 -0.07834983761111487
4.806636759992383 -0.07780959789189928
4.869468613064179 -0.07696820556245357
4.932300466135976 -0.07583151523328899
4.995132319207771 -0.07440638339257612
5.057964172279567 -0.07270060854671363
5.120796025351362 -0.07072287152766102
5.183627878423159 -0.06848267645768871
5.246459731494955 -0.06599029278137865
5.3092915845667505 -0.06325669869699026
5.372123437638546 -0.060293526245875036
5.434955290710342 -0.05711300825038928
5.497787143782137 -0.053727927228319775
5.560618996853934 -0.05015156635556249
5.62345084992573 -0.04639766249880121
5.686282702997525 -0.04248036129615234
5.749114556069321 -0.038414174225958046
5.811946409141116 -0.034213937571770645
5.874778262212914 -0.029894773164638355
5.937610115284709 -0.02547205076159271
6.000441968356505 -0.020961351901201283
6.0632738214283 -0.016378435062675296
6.126105674500097 -0.011739201943772058
6.188937527571893 -0.007059664664123928
6.2517693806436885 -0.0023559136942296506