0.031415926535897934 0.008425128192091279
0.0942477796076938 0.02524278298023056
0.15707963267948966 0.04196276984916268
0.21991148575128552 0.05852043177969477
0.2827433388230814 0.07485178962261213
0.34557519189487723 0.09089380434591758
0.4084070449666731 0.10658463070263305
0.47123889803846897 0.12186386031266884
0.5340707511102649 0.1366727524616316
0.5969026041820606 0.1509544512720054
0.6597344572538566 0.16465418828444636
0.7225663103256523 0.1777194698844919
0.7853981633974483 0.19010024940805323
0.8482300164692442 0.20174908414300888
0.91106186954104 0.21262127780026702
0.9738937226128359 0.22267500934316808
1.0367255756846319 0.23187144932812195
1.0995574287564276 0.2401748651128145
1.1623892818282235 0.24755271642431914
1.2252211349000193 0.2539757428433468
1.2880529879718152 0.25941804475041524
1.350884841043611 0.2638571591949905
1.413716694115407 0.267274131991961
1.4765485471872026 0.269653587125778
1.5393804002589986 0.27098379425777286
1.6022122533307945 0.2712567347951445
1.6650441064025903 0.27046816660118883
1.7278759594743862 0.2686176870173865
1.7907078125461822 0.26570879344222736
1.853539665617978 0.261748940283518
1.9163715186897736 0.2567495906855727
1.9792033717615696 0.2507262610458939
2.0420352248333655 0.24369855599351106
2.104867077905162 0.23569019121860235
2.1676989309769574 0.2267290013349913
2.230530784048753 0.21684692983680445
2.2933626371205493 0.20607999818915887
2.356194490192345 0.19446825117866343
2.4190263432641403 0.18205567584797253
2.4818581963359367 0.16889009165092336
2.5446900494077322 0.15502300988796713
2.607521902479528 0.14050946100811906
2.670353755551324 0.12540778898126087
2.7331856086231197 0.10977941263655525
2.796017461694916 0.09368855460803992
2.8588493147667116 0.07720193930273064
2.9216811678385075 0.060388462082751455
2.9845130209103035 0.04331883260268103
3.047344873982099 0.026065195937790175
3.1101767270538954 0.00870073575078147
3.173008580125691 -0.00870073575078147
3.2358404331974873 -0.026065195937790175
3.2986722862692828 -0.04331883260268103
3.3615041393410787 -0.060388462082751455
3.4243359924128747 -0.07720193930273064
3.48716784548467 -0.09368855460803992
3.549999698556466 -0.10977941263655513
3.612831551628262 -0.12540778898126087
3.675663404700058 -0.14050946100811906
3.7384952577718535 -0.15502300988796705
3.8013271108436495 -0.16889009165092336
3.8641589639154454 -0.18205567584797247
3.9269908169872414 -0.19446825117866343
3.989822670059038 -0.20607999818915906
4.052654523130833 -0.21684692983680445
4.115486376202629 -0.2267290013349913
4.178318229274425 -0.2356901912186025
4.241150082346222 -0.24369855599351115
4.303981935418017 -0.25072626104589407
4.366813788489813 -0.2567495906855727
4.429645641561608 -0.2617489402835178
4.4924774946334045 -0.2657087934422275
4.5553093477052 -0.2686176870173865
4.618141200776996 -0.27046816660118883
4.680973053848792 -0.27125673479514445
4.743804906920587 -0.27098379425777286
4.806636759992383 -0.2696535871257779
4.869468613064179 -0.267274131991961
4.932300466135976 -0.26385715919499053
4.995132319207771 -0.25941804475041547
5.057964172279567 -0.25397574284334673
5.120796025351362 -0.24755271642431936
5.183627878423159 -0.2401748651128145
5.246459731494955 -0.2318714493281218
5.3092915845667505 -0.22267500934316808
5.372123437638546 -0.21262127780026702
5.434955290710342 -0.20174908414300904
5.497787143782137 -0.1901002494080534
5.560618996853934 -0.1777194698844918
5.62345084992573 -0.16465418828444636
5.686282702997525 -0.1509544512720054
5.749114556069321 -0.13667275246163177
5.811946409141116 -0.12186386031266905
5.874778262212914 -0.10658463070263283
5.937610115284709 -0.09089380434591758
6.000441968356505 -0.07485178962261213
6.0632738214283 -0.05852043177969486
6.126105674500097 -0.04196276984916268
6.188937527571893 -0.025242782980230388
6.2517693806436885 -0.008425128192091279