0.031415926535897934 0.005791163864092535
0.0942477796076938 0.01734872979381409
0.15707963267948966 0.028832140767808104
0.21991148575128552 0.04019239381601899
0.2827433388230814 0.05138113252607085
0.34557519189487723 0.06235089784571146
0.4084070449666731 0.07305537121530334
0.47123889803846897 0.0834496080498778
0.5340707511102649 0.09349025974109189
0.5969026041820606 0.10313578252589248
0.6597344572538566 0.11234663176651694
0.7225663103256523 0.12108544040096637
0.7853981633974483 0.1293171805493202
0.8482300164692442 0.1370093074942028
0.91106186954104 0.14413188548837483
0.9738937226128359 0.15065769507404217
1.0367255756846319 0.15656232182259758
1.0995574287564276 0.16182422661615123
1.1623892818282235 0.1664247977898615
1.2252211349000193 0.17034838563388266
1.2880529879718152 0.17358231991341525
1.350884841043611 0.17611691120327128
1.413716694115407 0.1779454369485468
1.4765485471872026 0.17906411325504368
1.5393804002589986 0.17947205348217568
1.6022122533307945 0.17917121475789868
1.6650441064025903 0.17816633356082626
1.7278759594743862 0.17646485152060384
1.7907078125461822 0.17407683257554588
1.853539665617978 0.17101487259846548
1.9163715186897736 0.16729400255960594
1.9792033717615696 0.16293158624179305
2.0420352248333655 0.15794721345949014
2.104867077905162 0.15236258966247454
2.1676989309769574 0.14620142272836675
2.230530784048753 0.13948930766809273
2.2933626371205493 0.13225360988629328
2.356194490192345 0.12452334755621733
2.4190263432641403 0.1163290735871499
2.4818581963359367 0.10770275758307142
2.5446900494077322 0.09867766811503166
2.607521902479528 0.08928825555745552
2.670353755551324 0.07957003567093521
2.7331856086231197 0.06955947405151218
2.796017461694916 0.05929387150937871
2.8588493147667116 0.048811250388621746
2.9216811678385075 0.03815024179423149
2.9845130209103035 0.027349973653250183
3.047344873982099 0.016449959503651034
3.1101767270538954 0.005489987877350238
3.173008580125691 -0.005489987877350238
3.2358404331974873 -0.016449959503651034
3.2986722862692828 -0.027349973653250183
3.3615041393410787 -0.03815024179423149
3.4243359924128747 -0.048811250388621746
3.48716784548467 -0.05929387150937871
3.549999698556466 -0.06955947405151208
3.612831551628262 -0.07957003567093521
3.675663404700058 -0.08928825555745552
3.7384952577718535 -0.09867766811503156
3.8013271108436495 -0.10770275758307142
3.8641589639154454 -0.11632907358714993
3.9269908169872414 -0.12452334755621733
3.989822670059038 -0.13225360988629337
4.052654523130833 -0.13948930766809273
4.115486376202629 -0.14620142272836675
4.178318229274425 -0.15236258966247473
4.241150082346222 -0.15794721345949034
4.303981935418017 -0.16293158624179305
4.366813788489813 -0.16729400255960594
4.429645641561608 -0.17101487259846548
4.4924774946334045 -0.17407683257554588
4.5553093477052 -0.17646485152060384
4.618141200776996 -0.17816633356082645
4.680973053848792 -0.1791712147578987
4.743804906920587 -0.17947205348217582
4.806636759992383 -0.17906411325504368
4.869468613064179 -0.1779454369485468
4.932300466135976 -0.17611691120327133
4.995132319207771 -0.17358231991341525
5.057964172279567 -0.17034838563388283
5.120796025351362 -0.16642479778986158
5.183627878423159 -0.16182422661615123
5.246459731494955 -0.1565623218225975
5.3092915845667505 -0.15065769507404217
5.372123437638546 -0.14413188548837483
5.434955290710342 -0.13700930749420276
5.497787143782137 -0.12931718054932045
5.560618996853934 -0.12108544040096632
5.62345084992573 -0.11234663176651694
5.686282702997525 -0.10313578252589248
5.749114556069321 -0.09349025974109199
5.811946409141116 -0.0834496080498779
5.874778262212914 -0.07305537121530328
5.937610115284709 -0.06235089784571146
6.000441968356505 -0.05138113252607085
6.0632738214283 -0.040192393816019155
6.126105674500097 -0.028832140767808104
6.188937527571893 -0.017348729793814018
6.2517693806436885 -0.005791163864092535