0.031415926535897934 0.008303121975621138
0.0942477796076938 0.024873736438690057
0.15707963267948966 0.04133765034693658
0.21991148575128552 0.057624354795540435
0.2827433388230814 0.07366427261403519
0.34557519189487723 0.08938912021303791
0.4084070449666731 0.1047322587677086
0.47123889803846897 0.1196290319495558
0.5340707511102649 0.13401708760461783
0.5969026041820606 0.14783668099605243
0.6597344572538566 0.16103095747837673
0.7225663103256523 0.1735462127441389
0.7853981633974483 0.18533212907640417
0.8482300164692442 0.19634198634659136
0.91106186954104 0.20653284681125977
0.9738937226128359 0.21586571307783325
1.0367255756846319 0.22430565892246393
1.0995574287564276 0.2318219329481138
1.1623892818282235 0.23838803536263742
1.2252211349000193 0.24398176843080688
1.2880529879718152 0.24858526140706302
1.350884841043611 0.2521849709840253
1.413716694115407 0.25477165849292566
1.4765485471872026 0.2563403452641841
1.5393804002589986 0.25689024769806745
1.6022122533307945 0.256424693706151
1.6650441064025903 0.2549510222641051
1.7278759594743862 0.2524804678657474
1.7907078125461822 0.24902803168839655
1.853539665617978 0.24461234127187315
1.9163715186897736 0.23925550047996777
1.9792033717615696 0.2329829314560514
2.0420352248333655 0.22582321020625734
2.104867077905162 0.21780789734699968
2.1676989309769574 0.20897136544126643
2.230530784048753 0.19935062422302638
2.2933626371205493 0.18898514487401438
2.356194490192345 0.17791668437491392
2.4190263432641403 0.1661891108062285
2.4818581963359367 0.15384823032547168
2.5446900494077322 0.14094161639913025
2.607521902479528 0.12751844172237153
2.670353755551324 0.11362931311873826
2.7331856086231197 0.09932610957791628
2.796017461694916 0.0846618234637355
2.8588493147667116 0.06969040480831581
2.9216811678385075 0.05446660850293986
2.9845130209103035 0.039045844102930986
3.047344873982099 0.023484027883396624
3.1101767270538954 0.0078374367159549
3.173008580125691 -0.0078374367159549
3.2358404331974873 -0.023484027883396624
3.2986722862692828 -0.039045844102930986
3.3615041393410787 -0.05446660850293986
3.4243359924128747 -0.06969040480831581
3.48716784548467 -0.0846618234637355
3.549999698556466 -0.0993261095779162
3.612831551628262 -0.11362931311873826
3.675663404700058 -0.12751844172237153
3.7384952577718535 -0.14094161639913017
3.8013271108436495 -0.15384823032547168
3.8641589639154454 -0.16618911080622825
3.9269908169872414 -0.17791668437491392
3.989822670059038 -0.1889851448740145
4.052654523130833 -0.19935062422302638
4.115486376202629 -0.20897136544126643
4.178318229274425 -0.2178078973469997
4.241150082346222 -0.22582321020625734
4.303981935418017 -0.23298293145605142
4.366813788489813 -0.23925550047996777
4.429645641561608 -0.24461234127187315
4.4924774946334045 -0.24902803168839655
4.5553093477052 -0.2524804678657474
4.618141200776996 -0.25495102226410504
4.680973053848792 -0.25642469370615095
4.743804906920587 -0.25689024769806745
4.806636759992383 -0.2563403452641842
4.869468613064179 -0.25477165849292566
4.932300466135976 -0.25218497098402515
4.995132319207771 -0.24858526140706302
5.057964172279567 -0.24398176843080688
5.120796025351362 -0.23838803536263742
5.183627878423159 -0.2318219329481138
5.246459731494955 -0.22430565892246376
5.3092915845667505 -0.21586571307783325
5.372123437638546 -0.20653284681125977
5.434955290710342 -0.19634198634659142
5.497787143782137 -0.1853321290764044
5.560618996853934 -0.17354621274413867
5.62345084992573 -0.16103095747837673
5.686282702997525 -0.14783668099605243
5.749114556069321 -0.134017087604618
5.811946409141116 -0.11962903194955607
5.874778262212914 -0.10473225876770852
5.937610115284709 -0.08938912021303791
6.000441968356505 -0.07366427261403519
6.0632738214283 -0.05762435479554051
6.126105674500097 -0.04133765034693658
6.188937527571893 -0.024873736438689897
6.2517693806436885 -0.008303121975621138