0.031415926535897934 0.006512481622083468
0.0942477796076938 0.019519505178181077
0.15707963267948966 0.032472712563306395
0.21991148575128552 0.04533623575035164
0.2827433388230814 0.058074220081861305
0.34557519189487723 0.07065082817913872
0.4084070449666731 0.08303024260395005
0.47123889803846897 0.09517666718646453
0.5340707511102649 0.10705432712980927
0.5969026041820606 0.1186274682356746
0.6597344572538566 0.12986035586295835
0.7225663103256523 0.14071727452791613
0.7853981633974483 0.1511625293743724
0.8482300164692442 0.1611604510800024
0.91106186954104 0.17067540611229098
0.9738937226128359 0.17967181459704545
1.0367255756846319 0.1881141784034394
1.0995574287564276 0.19596712237090658
1.1623892818282235 0.2031954518913165
1.2252211349000193 0.20976423029900867
1.2880529879718152 0.21563887969338022
1.350884841043611 0.2207853089031416
1.413716694115407 0.22517007227511185
1.4765485471872026 0.22876056280829357
1.5393804002589986 0.23152524282930778
1.6022122533307945 0.2334339148909306
1.6650441064025903 0.23445803484533187
1.7278759594743862 0.2345710680746331
1.7907078125461822 0.23374888863621676
1.853539665617978 0.23197021959033018
1.9163715186897736 0.2292171110268268
1.9792033717615696 0.22547545031659424
2.0420352248333655 0.22073549692152789
2.104867077905162 0.21499243176838317
2.1676989309769574 0.20824690881560493
2.230530784048753 0.20050559413355748
2.2933626371205493 0.19178167571726765
2.356194490192345 0.18209532551646232
2.4190263432641403 0.17147409397200328
2.4818581963359367 0.15995321686311043
2.5446900494077322 0.14757581465456981
2.607521902479528 0.1343929659155428
2.670353755551324 0.12046363884161376
2.7331856086231197 0.10585446846463925
2.796017461694916 0.09063937171813463
2.8588493147667116 0.07489899799101463
2.9216811678385075 0.05872001891557634
2.9845130209103035 0.04219426758628177
3.047344873982099 0.025417743825925862
3.1101767270538954 0.008489508106182
3.173008580125691 -0.008489508106182
3.2358404331974873 -0.025417743825925862
3.2986722862692828 -0.04219426758628177
3.3615041393410787 -0.05872001891557634
3.4243359924128747 -0.07489899799101463
3.48716784548467 -0.09063937171813463
3.549999698556466 -0.10585446846463917
3.612831551628262 -0.12046363884161376
3.675663404700058 -0.1343929659155428
3.7384952577718535 -0.14757581465456965
3.8013271108436495 -0.15995321686311043
3.8641589639154454 -0.1714740939720032
3.9269908169872414 -0.18209532551646232
3.989822670059038 -0.19178167571726776
4.052654523130833 -0.20050559413355748
4.115486376202629 -0.20824690881560493
4.178318229274425 -0.21499243176838312
4.241150082346222 -0.22073549692152783
4.303981935418017 -0.22547545031659436
4.366813788489813 -0.2292171110268268
4.429645641561608 -0.23197021959033007
4.4924774946334045 -0.2337488886362167
4.5553093477052 -0.2345710680746331
4.618141200776996 -0.23445803484533193
4.680973053848792 -0.23343391489093054
4.743804906920587 -0.23152524282930761
4.806636759992383 -0.22876056280829343
4.869468613064179 -0.22517007227511185
4.932300466135976 -0.22078530890314169
4.995132319207771 -0.21563887969338036
5.057964172279567 -0.2097642302990087
5.120796025351362 -0.20319545189131652
5.183627878423159 -0.19596712237090658
5.246459731494955 -0.1881141784034393
5.3092915845667505 -0.17967181459704545
5.372123437638546 -0.17067540611229098
5.434955290710342 -0.1611604510800024
5.497787143782137 -0.15116252937437247
5.560618996853934 -0.14071727452791608
5.62345084992573 -0.12986035586295835
5.686282702997525 -0.1186274682356746
5.749114556069321 -0.10705432712980936
5.811946409141116 -0.09517666718646478
5.874778262212914 -0.0830302426039499
5.937610115284709 -0.07065082817913872
6.000441968356505 -0.058074220081861305
6.0632738214283 -0.04533623575035178
6.126105674500097 -0.032472712563306395
6.188937527571893 -0.01951950517818093
6.2517693806436885 -0.006512481622083468