0.031415926535897934 0.006087540447076621
0.0942477796076938 0.018245004087384064
0.15707963267948966 0.030349622552903806
0.21991148575128552 0.04236618769245161
0.2827433388230814 0.05425952435205418
0.34557519189487723 0.06599450372922473
0.4084070449666731 0.07753605701443306
0.47123889803846897 0.08884918958709381
0.5340707511102649 0.09989899616702849
0.5969026041820606 0.11065067747975982
0.6597344572538566 0.12106955917154356
0.7225663103256523 0.1311211139034018
0.7853981633974483 0.14077098775750668
0.8482300164692442 0.14998503229814164
0.91106186954104 0.1587293438363613
0.9738937226128359 0.1669703116446145
1.0367255756846319 0.17467467704622028
1.0995574287564276 0.18180960545482594
1.1623892818282235 0.18834277354986392
1.2252211349000193 0.1942424738334927
1.2880529879718152 0.19947773880948655
1.350884841043611 0.20401848694117256
1.413716694115407 0.20783569236944552
1.4765485471872026 0.21090158008880808
1.5393804002589986 0.21318984787568246
1.6022122533307945 0.2146759157269248
1.6650441064025903 0.21533720288834035
1.7278759594743862 0.21515343172794227
1.7907078125461822 0.21410695673729074
1.853539665617978 0.212183115834396
1.9163715186897736 0.20937059991026097
1.9792033717615696 0.20566183523562787
2.0420352248333655 0.20105337196402923
2.104867077905162 0.19554627058337606
2.1676989309769574 0.18914647684480246
2.230530784048753 0.1818651745090762
2.2933626371205493 0.17371910428082518
2.356194490192345 0.16473083663708227
2.4190263432641403 0.1549289859865118
2.4818581963359367 0.1443483537993777
2.5446900494077322 0.13302998909151242
2.607521902479528 0.12102115597161137
2.670353755551324 0.10837519988374059
2.7331856086231197 0.09515130667369542
2.796017461694916 0.0814141516165541
2.8588493147667116 0.06723343896012085
2.9216811678385075 0.0526833362231733
2.9845130209103035 0.03784181126470768
3.047344873982099 0.02278988381502234
3.1101767270538954 0.007610806527360042
3.173008580125691 -0.007610806527360042
3.2358404331974873 -0.02278988381502234
3.2986722862692828 -0.03784181126470768
3.3615041393410787 -0.0526833362231733
3.4243359924128747 -0.06723343896012085
3.48716784548467 -0.0814141516165541
3.549999698556466 -0.09515130667369542
3.612831551628262 -0.10837519988374059
3.675663404700058 -0.12102115597161137
3.7384952577718535 -0.13302998909151229
3.8013271108436495 -0.1443483537993777
3.8641589639154454 -0.1549289859865118
3.9269908169872414 -0.16473083663708227
3.989822670059038 -0.1737191042808253
4.052654523130833 -0.1818651745090762
4.115486376202629 -0.18914647684480246
4.178318229274425 -0.1955462705833761
4.241150082346222 -0.20105337196402925
4.303981935418017 -0.20566183523562773
4.366813788489813 -0.20937059991026097
4.429645641561608 -0.212183115834396
4.4924774946334045 -0.21410695673729074
4.5553093477052 -0.21515343172794227
4.618141200776996 -0.21533720288834035
4.680973053848792 -0.2146759157269248
4.743804906920587 -0.21318984787568246
4.806636759992383 -0.21090158008880797
4.869468613064179 -0.20783569236944552
4.932300466135976 -0.20401848694117256
4.995132319207771 -0.19947773880948655
5.057964172279567 -0.1942424738334927
5.120796025351362 -0.18834277354986398
5.183627878423159 -0.18180960545482594
5.246459731494955 -0.17467467704622025
5.3092915845667505 -0.1669703116446145
5.372123437638546 -0.1587293438363613
5.434955290710342 -0.14998503229814172
5.497787143782137 -0.14077098775750674
5.560618996853934 -0.13112111390340167
5.62345084992573 -0.12106955917154356
5.686282702997525 -0.11065067747975982
5.749114556069321 -0.09989899616702849
5.811946409141116 -0.08884918958709391
5.874778262212914 -0.07753605701443296
5.937610115284709 -0.06599450372922473
6.000441968356505 -0.05425952435205418
6.0632738214283 -0.04236618769245169
6.126105674500097 -0.030349622552903806
6.188937527571893 -0.01824500408738398
6.2517693806436885 -0.006087540447076621