0.031415926535897934 0.005680521379961286
0.0942477796076938 0.017026345472917433
0.15707963267948966 0.028326505204061776
0.21991148575128552 0.03955052983641072
0.2827433388230814 0.05066790704674492
0.34557519189487723 0.06164806666103619
0.4084070449666731 0.07246036488761196
0.47123889803846897 0.08307406937113428
0.5340707511102649 0.09345834552301933
0.5969026041820606 0.10358224474237296
0.6597344572538566 0.11341469532350344
0.7225663103256523 0.12292449704868605
0.7853981633974483 0.13208032068437686
0.8482300164692442 0.14085071383102146
0.91106186954104 0.14920411481537366
0.9738937226128359 0.1571088765531287
1.0367255756846319 0.16453330254049975
1.0995574287564276 0.17144569734640938
1.1623892818282235 0.17781443416070597
1.2252211349000193 0.18360804209481363
1.2880529879718152 0.1887953160140573
1.350884841043611 0.1933454516881737
1.413716694115407 0.19722820895907273
1.4765485471872026 0.20041410542222937
1.5393804002589986 0.2028746427789567
1.6022122533307945 0.2045825675203207
1.6650441064025903 0.20551216693037824
1.7278759594743862 0.20563960053093353
1.7907078125461822 0.20494326602187843
1.853539665617978 0.20340419749826757
1.9163715186897736 0.2010064922562305
1.9792033717615696 0.19773776085695113
2.0420352248333655 0.19358959333974252
2.104867077905162 0.18855803261857831
2.1676989309769574 0.18264404423755126
2.230530784048753 0.175853969895129
2.2933626371205493 0.16819995058735165
2.356194490192345 0.15970030399175514
2.4190263432641403 0.15037983994843665
2.4818581963359367 0.1402700977210614
2.5446900494077322 0.1294094892534077
2.607521902479528 0.11784333396441814
2.670353755551324 0.10562377279550392
2.7331856086231197 0.09280955223594904
2.796017461694916 0.07946567284390857
2.8588493147667116 0.06566290122569446
2.9216811678385075 0.05147714934595376
2.9845130209103035 0.036988730172191196
3.047344873982099 0.02228150372471287
3.1101767270538954 0.007441932303418938
3.173008580125691 -0.007441932303418938
3.2358404331974873 -0.02228150372471287
3.2986722862692828 -0.036988730172191196
3.3615041393410787 -0.05147714934595376
3.4243359924128747 -0.06566290122569446
3.48716784548467 -0.07946567284390857
3.549999698556466 -0.09280955223594896
3.612831551628262 -0.10562377279550392
3.675663404700058 -0.11784333396441814
3.7384952577718535 -0.1294094892534077
3.8013271108436495 -0.1402700977210614
3.8641589639154454 -0.15037983994843657
3.9269908169872414 -0.15970030399175514
3.989822670059038 -0.16819995058735174
4.052654523130833 -0.175853969895129
4.115486376202629 -0.18264404423755126
4.178318229274425 -0.1885580326185782
4.241150082346222 -0.1935895933397426
4.303981935418017 -0.19773776085695124
4.366813788489813 -0.2010064922562305
4.429645641561608 -0.20340419749826757
4.4924774946334045 -0.20494326602187848
4.5553093477052 -0.20563960053093353
4.618141200776996 -0.20551216693037838
4.680973053848792 -0.20458256752032083
4.743804906920587 -0.20287464277895675
4.806636759992383 -0.20041410542222945
4.869468613064179 -0.19722820895907273
4.932300466135976 -0.19334545168817377
4.995132319207771 -0.1887953160140573
5.057964172279567 -0.1836080420948136
5.120796025351362 -0.17781443416070614
5.183627878423159 -0.17144569734640938
5.246459731494955 -0.16453330254049964
5.3092915845667505 -0.1571088765531287
5.372123437638546 -0.14920411481537366
5.434955290710342 -0.1408507138310215
5.497787143782137 -0.13208032068437686
5.560618996853934 -0.12292449704868594
5.62345084992573 -0.11341469532350344
5.686282702997525 -0.10358224474237296
5.749114556069321 -0.09345834552301951
5.811946409141116 -0.08307406937113446
5.874778262212914 -0.07246036488761196
5.937610115284709 -0.06164806666103619
6.000441968356505 -0.05066790704674492
6.0632738214283 -0.0395505298364108
6.126105674500097 -0.028326505204061776
6.188937527571893 -0.017026345472917346
6.2517693806436885 -0.005680521379961286