0.031415926535897934 0.00456322255512076
0.0942477796076938 0.01367686737335333
0.15707963267948966 0.02275210690415247
0.21991148575128552 0.03176332311197823
0.2827433388230814 0.04068487688317437
0.34557519189487723 0.049491101000388366
0.4084070449666731 0.05815629459238003
0.47123889803846897 0.06665471957880557
0.5340707511102649 0.07496059970031219
0.5969026041820606 0.08304812280755167
0.6597344572538566 0.0908914471764641
0.7225663103256523 0.09846471271883088
0.7853981633974483 0.10574205806352752
0.8482300164692442 0.11269764459137174
0.91106186954104 0.11930568861051995
0.9738937226128359 0.1255405029548195
1.0367255756846319 0.13137654936835816
1.0995574287564276 0.13678850309885018
1.1623892818282235 0.14175133115276467
1.2252211349000193 0.14624038565779582
1.2880529879718152 0.1502315137242796
1.350884841043611 0.15370118508688238
1.413716694115407 0.1566266386315661
1.4765485471872026 0.1589860486609763
1.5393804002589986 0.16075871141526438
1.6022122533307945 0.1619252519377485
1.6650441064025903 0.16246785085081353
1.7278759594743862 0.16237048998544015
1.7907078125461822 0.1616192150904049
1.853539665617978 0.16020241304263325
1.9163715186897736 0.15811110010290316
1.9792033717615696 0.15533921683294966
2.0420352248333655 0.15188392434075942
2.104867077905162 0.14774589558828596
2.1676989309769574 0.14292959462552107
2.230530784048753 0.13744353585888036
2.2933626371205493 0.13130051487693356
2.356194490192345 0.12451780200114435
2.4190263432641403 0.11711728966011457
2.4818581963359367 0.1091255849532787
2.5446900494077322 0.10057403941339073
2.607521902479528 0.09149870901982321
2.670353755551324 0.08194023895947593
2.7331856086231197 0.07194366945763063
2.796017461694916 0.061558161159789945
2.8588493147667116 0.05083664096335705
2.9216811678385075 0.03983537177653677
2.9845130209103035 0.028613452302952064
3.047344873982099 0.01723225548302228
3.1101767270538954 0.005754816531822571
3.173008580125691 -0.005754816531822571
3.2358404331974873 -0.01723225548302228
3.2986722862692828 -0.028613452302952064
3.3615041393410787 -0.03983537177653677
3.4243359924128747 -0.05083664096335705
3.48716784548467 -0.061558161159789945
3.549999698556466 -0.07194366945763053
3.612831551628262 -0.08194023895947593
3.675663404700058 -0.09149870901982321
3.7384952577718535 -0.10057403941339073
3.8013271108436495 -0.1091255849532787
3.8641589639154454 -0.11711728966011457
3.9269908169872414 -0.12451780200114435
3.989822670059038 -0.13130051487693364
4.052654523130833 -0.13744353585888036
4.115486376202629 -0.14292959462552107
4.178318229274425 -0.14774589558828596
4.241150082346222 -0.15188392434075948
4.303981935418017 -0.15533921683294982
4.366813788489813 -0.15811110010290316
4.429645641561608 -0.1602024130426333
4.4924774946334045 -0.16161921509040486
4.5553093477052 -0.16237048998544015
4.618141200776996 -0.16246785085081353
4.680973053848792 -0.1619252519377485
4.743804906920587 -0.1607587114152645
4.806636759992383 -0.1589860486609763
4.869468613064179 -0.1566266386315661
4.932300466135976 -0.15370118508688238
4.995132319207771 -0.1502315137242797
5.057964172279567 -0.1462403856577959
5.120796025351362 -0.14175133115276486
5.183627878423159 -0.13678850309885018
5.246459731494955 -0.1313765493683581
5.3092915845667505 -0.1255405029548195
5.372123437638546 -0.11930568861051995
5.434955290710342 -0.11269764459137173
5.497787143782137 -0.1057420580635277
5.560618996853934 -0.09846471271883081
5.62345084992573 -0.0908914471764641
5.686282702997525 -0.08304812280755167
5.749114556069321 -0.07496059970031219
5.811946409141116 -0.06665471957880566
5.874778262212914 -0.05815629459238003
5.937610115284709 -0.049491101000388366
6.000441968356505 -0.04068487688317437
6.0632738214283 -0.03176332311197823
6.126105674500097 -0.02275210690415247
6.188937527571893 -0.013676867373353163
6.2517693806436885 -0.00456322255512076