0.031415926535897934 0.004139904526174561
0.0942477796076938 0.01240794988093858
0.15707963267948966 0.02064070239600171
0.21991148575128552 0.028814627844555393
0.2827433388230814 0.03690618405357007
0.34557519189487723 0.04489181886177866
0.4084070449666731 0.052747969278613985
0.47123889803846897 0.06045106227783066
0.5340707511102649 0.06797751772478569
0.5969026041820606 0.07530375401301143
0.6597344572538566 0.08240619707183776
0.7225663103256523 0.08926129349997258
0.7853981633974483 0.09584552867722859
0.8482300164692442 0.10213545080450934
0.91106186954104 0.10810770191665348
0.9738937226128359 0.11373905699905609
1.0367255756846319 0.11900647241171501
1.0995574287564276 0.12388714487734172
1.1623892818282235 0.12835858231662248
1.2252211349000193 0.1323986878061074
1.2880529879718152 0.13598585788455672
1.350884841043611 0.139099096333488
1.413716694115407 0.1417181443987106
1.4765485471872026 0.1438236281936013
1.5393804002589986 0.14539722372437666
1.6022122533307945 0.14642183959661378
1.6650441064025903 0.14688181699681546
1.7278759594743862 0.14676314599190454
1.7907078125461822 0.146053696555972
1.853539665617978 0.1447434620249505
1.9163715186897736 0.14282481190931606
1.9792033717615696 0.14029275018198517
2.0420352248333655 0.13714517432963216
2.104867077905162 0.1333831296440493
2.1676989309769574 0.12901105247580893
2.230530784048753 0.12403699552077527
2.2933626371205493 0.1184728277102484
2.356194490192345 0.11233440097828166
2.4190263432641403 0.10564167613378454
2.4818581963359367 0.09841880031353895
2.5446900494077322 0.09069412906857056
2.607521902479528 0.08250018705977606
2.670353755551324 0.07387356261082673
2.7331856086231197 0.06485473296770955
2.796017461694916 0.05548781900277086
2.8588493147667116 0.04582027021197677
2.9216811678385075 0.03590248310159218
2.9845130209103035 0.0257873583421208
3.047344873982099 0.015529804269556116
3.1101767270538954 0.005186196319867846
3.173008580125691 -0.005186196319867846
3.2358404331974873 -0.015529804269556116
3.2986722862692828 -0.0257873583421208
3.3615041393410787 -0.03590248310159218
3.4243359924128747 -0.04582027021197677
3.48716784548467 -0.05548781900277086
3.549999698556466 -0.06485473296770948
3.612831551628262 -0.07387356261082673
3.675663404700058 -0.08250018705977606
3.7384952577718535 -0.09069412906857059
3.8013271108436495 -0.09841880031353895
3.8641589639154454 -0.10564167613378446
3.9269908169872414 -0.11233440097828166
3.989822670059038 -0.11847282771024849
4.052654523130833 -0.12403699552077527
4.115486376202629 -0.12901105247580893
4.178318229274425 -0.13338312964404941
4.241150082346222 -0.13714517432963227
4.303981935418017 -0.14029275018198523
4.366813788489813 -0.14282481190931606
4.429645641561608 -0.1447434620249505
4.4924774946334045 -0.14605369655597214
4.5553093477052 -0.14676314599190454
4.618141200776996 -0.14688181699681546
4.680973053848792 -0.1464218395966138
4.743804906920587 -0.14539722372437666
4.806636759992383 -0.1438236281936014
4.869468613064179 -0.1417181443987106
4.932300466135976 -0.13909909633348794
4.995132319207771 -0.13598585788455672
5.057964172279567 -0.13239868780610745
5.120796025351362 -0.12835858231662248
5.183627878423159 -0.12388714487734172
5.246459731494955 -0.11900647241171504
5.3092915845667505 -0.11373905699905609
5.372123437638546 -0.10810770191665348
5.434955290710342 -0.1021354508045094
5.497787143782137 -0.09584552867722876
5.560618996853934 -0.0892612934999725
5.62345084992573 -0.08240619707183776
5.686282702997525 -0.07530375401301143
5.749114556069321 -0.06797751772478569
5.811946409141116 -0.06045106227783074
5.874778262212914 -0.05274796927861391
5.937610115284709 -0.04489181886177866
6.000441968356505 -0.03690618405357007
6.0632738214283 -0.028814627844555393
6.126105674500097 -0.02064070239600171
6.188937527571893 -0.01240794988093851
6.2517693806436885 -0.004139904526174561