0.031415926535897934 0.005491892498342464
0.0942477796076938 0.016461186069796234
0.15707963267948966 0.027386995560994262
0.21991148575128552 0.038240298915807644
0.2827433388230814 0.04899202513367191
0.34557519189487723 0.059613034866319296
0.4084070449666731 0.07007410131794405
0.47123889803846897 0.0803458917181686
0.5340707511102649 0.09039894977147744
0.5969026041820606 0.1002036796477974
0.6597344572538566 0.10973033226454694
0.7225663103256523 0.11894899481811595
0.7853981633974483 0.12782958474902625
0.8482300164692442 0.13634184956580447
0.91106186954104 0.144455374202703
0.9738937226128359 0.1521395978394467
1.0367255756846319 0.15936384235937853
1.0995574287564276 0.1660973548562464
1.1623892818282235 0.1723093668080953
1.2252211349000193 0.17796917270584214
1.2880529879718152 0.18304623103851408
1.350884841043611 0.18751029057888063
1.413716694115407 0.19133154486233614
1.4765485471872026 0.1944808175865452
1.5393804002589986 0.19692978135660244
1.6022122533307945 0.198651211737078
1.6650441064025903 0.19961927792629683
1.7278759594743862 0.19980987052044794
1.7907078125461822 0.19920096577181828
1.853539665617978 0.19777302446063932
1.9163715186897736 0.19550942199876337
1.9792033717615696 0.1923969046847419
2.0420352248333655 0.18842606517018398
2.104867077905162 0.1835918282325411
2.1676989309769574 0.17789393595720182
2.230530784048753 0.17133741951104778
2.2933626371205493 0.16393304295950453
2.356194490192345 0.1556977031743832
2.4190263432641403 0.1466547689441936
2.4818581963359367 0.13683434207510664
2.5446900494077322 0.12627342368946262
2.607521902479528 0.11501597019305496
2.670353755551324 0.1031128255545442
2.7331856086231197 0.09062151962779302
2.796017461694916 0.07760592619291311
2.8588493147667116 0.06413577906556374
2.9216811678385075 0.05028604982709256
2.9845130209103035 0.03613619619856198
3.047344873982099 0.021769295510730282
3.1101767270538954 0.00727108277660703
3.173008580125691 -0.00727108277660703
3.2358404331974873 -0.021769295510730282
3.2986722862692828 -0.03613619619856198
3.3615041393410787 -0.05028604982709256
3.4243359924128747 -0.06413577906556374
3.48716784548467 -0.07760592619291311
3.549999698556466 -0.09062151962779294
3.612831551628262 -0.1031128255545442
3.675663404700058 -0.11501597019305496
3.7384952577718535 -0.12627342368946262
3.8013271108436495 -0.13683434207510664
3.8641589639154454 -0.14665476894419344
3.9269908169872414 -0.1556977031743832
3.989822670059038 -0.16393304295950467
4.052654523130833 -0.17133741951104778
4.115486376202629 -0.17789393595720182
4.178318229274425 -0.1835918282325412
4.241150082346222 -0.1884260651701841
4.303981935418017 -0.19239690468474197
4.366813788489813 -0.19550942199876337
4.429645641561608 -0.19777302446063927
4.4924774946334045 -0.1992009657718184
4.5553093477052 -0.19980987052044794
4.618141200776996 -0.19961927792629675
4.680973053848792 -0.1986512117370779
4.743804906920587 -0.1969297813566025
4.806636759992383 -0.19448081758654534
4.869468613064179 -0.19133154486233614
4.932300466135976 -0.18751029057888055
4.995132319207771 -0.18304623103851408
5.057964172279567 -0.17796917270584217
5.120796025351362 -0.1723093668080953
5.183627878423159 -0.1660973548562464
5.246459731494955 -0.15936384235937842
5.3092915845667505 -0.1521395978394467
5.372123437638546 -0.144455374202703
5.434955290710342 -0.13634184956580456
5.497787143782137 -0.12782958474902636
5.560618996853934 -0.11894899481811591
5.62345084992573 -0.10973033226454694
5.686282702997525 -0.1002036796477974
5.749114556069321 -0.09039894977147753
5.811946409141116 -0.08034589171816871
5.874778262212914 -0.07007410131794403
5.937610115284709 -0.059613034866319296
6.000441968356505 -0.04899202513367191
6.0632738214283 -0.038240298915807644
6.126105674500097 -0.027386995560994262
6.188937527571893 -0.016461186069796015
6.2517693806436885 -0.005491892498342464