0.031415926535897934 0.0005963216456254834
0.0942477796076938 0.0017867111232479549
0.15707963267948966 0.0029703465651096527
0.21991148575128552 0.004142749955978499
0.2827433388230814 0.005299480263653136
0.34557519189487723 0.006436148171682479
0.4084070449666731 0.007548430749888283
0.47123889803846897 0.008632086042512178
0.5340707511102649 0.0096829675520187
0.5969026041820606 0.010697038594461144
0.6597344572538566 0.011670386499822405
0.7225663103256523 0.012599236627971466
0.7853981633974483 0.013479966167801182
0.8482300164692442 0.014309117683811223
0.91106186954104 0.015083412370909266
0.9738937226128359 0.015799762974560545
1.0367255756846319 0.016455286329701942
1.0995574287564276 0.017047315468103747
1.1623892818282235 0.017573411240185834
1.2252211349000193 0.018031373393756482
1.2880529879718152 0.01841925104883196
1.350884841043611 0.018735352504685294
1.413716694115407 0.018978254312686817
1.4765485471872026 0.01914680954640807
1.5393804002589986 0.019240155198973777
1.6022122533307945 0.01925771863686838
1.6650441064025903 0.01919922303940889
1.7278759594743862 0.01906469175399654
1.7907078125461822 0.018854451499109737
1.853539665617978 0.01856913434989869
1.9163715186897736 0.01820967844520923
1.9792033717615696 0.017777327359977738
2.0420352248333655 0.01727362809317669
2.104867077905162 0.016700427628895537
2.1676989309769574 0.016059868036647603
2.230530784048753 0.015354380086587224
2.2933626371205493 0.014586675365902106
2.356194490192345 0.013759736894127232
2.4190263432641403 0.012876808247381969
2.4818581963359367 0.011941381214406356
2.5446900494077322 0.010957182020600545
2.607521902479528 0.009928156169856352
2.670353755551324 0.008858451967616286
2.7331856086231197 0.007752402802062065
2.796017461694916 0.006614508273430064
2.8588493147667116 0.005449414273915388
2.9216811678385075 0.0042618921322539
2.9845130209103035 0.0030568169476510674
3.047344873982099 0.0018391452470423251
3.1101767270538954 0.0006138921075669081
3.173008580125691 -0.0006138921075669081
3.2358404331974873 -0.0018391452470423251
3.2986722862692828 -0.0030568169476510674
3.3615041393410787 -0.0042618921322539
3.4243359924128747 -0.005449414273915388
3.48716784548467 -0.006614508273430064
3.549999698556466 -0.007752402802062065
3.612831551628262 -0.008858451967616286
3.675663404700058 -0.009928156169856352
3.7384952577718535 -0.010957182020600545
3.8013271108436495 -0.011941381214406356
3.8641589639154454 -0.012876808247381969
3.9269908169872414 -0.013759736894127232
3.989822670059038 -0.014586675365902165
4.052654523130833 -0.015354380086587224
4.115486376202629 -0.016059868036647603
4.178318229274425 -0.016700427628895533
4.241150082346222 -0.017273628093176677
4.303981935418017 -0.017777327359977727
4.366813788489813 -0.01820967844520923
4.429645641561608 -0.01856913434989869
4.4924774946334045 -0.01885445149910983
4.5553093477052 -0.01906469175399654
4.618141200776996 -0.019199223039408977
4.680973053848792 -0.01925771863686829
4.743804906920587 -0.01924015519897379
4.806636759992383 -0.019146809546408083
4.869468613064179 -0.018978254312686817
4.932300466135976 -0.01873535250468528
4.995132319207771 -0.018419251048831957
5.057964172279567 -0.01803137339375649
5.120796025351362 -0.01757341124018594
5.183627878423159 -0.017047315468103747
5.246459731494955 -0.016455286329701915
5.3092915845667505 -0.015799762974560545
5.372123437638546 -0.015083412370909266
5.434955290710342 -0.014309117683811235
5.497787143782137 -0.013479966167801212
5.560618996853934 -0.012599236627971454
5.62345084992573 -0.011670386499822405
5.686282702997525 -0.010697038594461144
5.749114556069321 -0.009682967552018805
5.811946409141116 -0.008632086042512203
5.874778262212914 -0.007548430749888479
5.937610115284709 -0.006436148171682479
6.000441968356505 -0.005299480263653136
6.0632738214283 -0.00414274995597846
6.126105674500097 -0.0029703465651096527
6.188937527571893 -0.0017867111232478686
6.2517693806436885 -0.0005963216456254834