0.031415926535897934 0.004415547919462859
0.0942477796076938 0.013232880912755663
0.15707963267948966 0.022008940673004473
0.21991148575128552 0.030716262772379373
0.2827433388230814 0.03932745955100462
0.34557519189487723 0.04781525120811511
0.4084070449666731 0.05615249734779658
0.47123889803846897 0.06431222920762211
0.5340707511102649 0.0722676828680985
0.5969026041820606 0.07999233382120885
0.6597344572538566 0.08745993336474545
0.7225663103256523 0.09464454738233591
0.7853981633974483 0.10152059816336925
0.8482300164692442 0.10806291000835289
0.91106186954104 0.11424675944900212
0.9738937226128359 0.12004793098371223
1.0367255756846319 0.1254427792827101
1.0995574287564276 0.13040829884760477
1.1623892818282235 0.13492220211152597
1.2252211349000193 0.13896300693269475
1.2880529879718152 0.1425101343603775
1.350884841043611 0.1455440174321668
1.413716694115407 0.1480462215904275
1.4765485471872026 0.1499995770793041
1.5393804002589986 0.1513883233988814
1.6022122533307945 0.15219826554849014
1.6650441064025903 0.15241694138738937
1.7278759594743862 0.1520337989813131
1.7907078125461822 0.15104038229392938
1.853539665617978 0.14943052303283397
1.9163715186897736 0.1472005358839538
1.9792033717615696 0.1443494137838224
2.0420352248333655 0.14087901930789698
2.104867077905162 0.13679426772046344
2.1676989309769574 0.13210329676644791
2.230530784048753 0.12681761791855742
2.2933626371205493 0.12095224355632206
2.356194490192345 0.11452578447756676
2.4190263432641403 0.10756051225532497
2.4818581963359367 0.10008238127656606
2.5446900494077322 0.09212100584798306
2.607521902479528 0.08370958853316418
2.670353755551324 0.07488479688762406
2.7331856086231197 0.06568658696315653
2.796017461694916 0.05615797332703616
2.8588493147667116 0.046344746837960346
2.9216811678385075 0.03629514298112376
2.9845130209103035 0.026059465122659616
3.047344873982099 0.01568966852705167
3.1101767270538954 0.005238912317682523
3.173008580125691 -0.005238912317682523
3.2358404331974873 -0.01568966852705167
3.2986722862692828 -0.026059465122659616
3.3615041393410787 -0.03629514298112376
3.4243359924128747 -0.046344746837960346
3.48716784548467 -0.05615797332703616
3.549999698556466 -0.06568658696315637
3.612831551628262 -0.07488479688762406
3.675663404700058 -0.08370958853316418
3.7384952577718535 -0.092121005847983
3.8013271108436495 -0.10008238127656606
3.8641589639154454 -0.10756051225532487
3.9269908169872414 -0.11452578447756676
3.989822670059038 -0.12095224355632214
4.052654523130833 -0.12681761791855742
4.115486376202629 -0.13210329676644791
4.178318229274425 -0.13679426772046352
4.241150082346222 -0.140879019307897
4.303981935418017 -0.14434941378382232
4.366813788489813 -0.1472005358839538
4.429645641561608 -0.1494305230328339
4.4924774946334045 -0.15104038229392938
4.5553093477052 -0.1520337989813131
4.618141200776996 -0.15241694138738937
4.680973053848792 -0.15219826554849014
4.743804906920587 -0.15138832339888142
4.806636759992383 -0.14999957707930414
4.869468613064179 -0.1480462215904275
4.932300466135976 -0.14554401743216663
4.995132319207771 -0.1425101343603775
5.057964172279567 -0.13896300693269475
5.120796025351362 -0.13492220211152592
5.183627878423159 -0.13040829884760477
5.246459731494955 -0.12544277928271008
5.3092915845667505 -0.12004793098371223
5.372123437638546 -0.11424675944900212
5.434955290710342 -0.10806291000835291
5.497787143782137 -0.1015205981633694
5.560618996853934 -0.09464454738233591
5.62345084992573 -0.08745993336474545
5.686282702997525 -0.07999233382120885
5.749114556069321 -0.07226768286809858
5.811946409141116 -0.06431222920762211
5.874778262212914 -0.05615249734779649
5.937610115284709 -0.04781525120811511
6.000441968356505 -0.03932745955100462
6.0632738214283 -0.030716262772379467
6.126105674500097 -0.022008940673004473
6.188937527571893 -0.013232880912755577
6.2517693806436885 -0.004415547919462859