0.031415926535897934 0.0022425767022921975
0.0942477796076938 0.006720121819286365
0.15707963267948966 0.011174856121800246
0.21991148575128552 0.015591619315381671
0.2827433388230814 0.01995532178509893
0.34557519189487723 0.024250973481607655
0.4084070449666731 0.02846371342316444
0.47123889803846897 0.03257883999140446
0.5340707511102649 0.03658184219907578
0.5969026041820606 0.04045843210728713
0.6597344572538566 0.04419457856756746
0.7225663103256523 0.04777654245945422
0.7853981633974483 0.0511909135866399
0.8482300164692442 0.054424649383135765
0.91106186954104 0.05746511556459567
0.9738937226128359 0.060300128838079566
1.0367255756846319 0.06291800175534171
1.0995574287564276 0.06530758975948538
1.1623892818282235 0.06745834043195398
1.2252211349000193 0.06936034489588593
1.2880529879718152 0.07100439127261601
1.350884841043611 0.07238202002058305
1.413716694115407 0.07348558091041213
1.4765485471872026 0.0743082913071406
1.5393804002589986 0.07484429534149738
1.6022122533307945 0.07508872345826785
1.6650441064025903 0.07503775173299404
1.7278759594743862 0.07468866025089556
1.7907078125461822 0.07403988974672658
1.853539665617978 0.07309109561449627
1.9163715186897736 0.0718431983150427
1.9792033717615696 0.07029842914118702
2.0420352248333655 0.06846037024845181
2.104867077905162 0.06633398782803715
2.1676989309769574 0.06392565729161884
2.230530784048753 0.06124317935791769
2.2933626371205493 0.05829578598168758
2.356194490192345 0.05509413514878527
2.4190263432641403 0.05165029367737305
2.4818581963359367 0.047977707314957596
2.5446900494077322 0.04409115760250662
2.607521902479528 0.040006705187542395
2.670353755551324 0.0357416195037571
2.7331856086231197 0.03131429498979753
2.796017461694916 0.02674415428774412
2.8588493147667116 0.022051539134698473
2.9216811678385075 0.017257589930347254
2.9845130209103035 0.012384115220542924
3.047344873982099 0.007453452572966052
3.1101767270538954 0.0024883225274142215
3.173008580125691 -0.0024883225274142215
3.2358404331974873 -0.007453452572966052
3.2986722862692828 -0.012384115220542924
3.3615041393410787 -0.017257589930347254
3.4243359924128747 -0.022051539134698473
3.48716784548467 -0.02674415428774412
3.549999698556466 -0.03131429498979744
3.612831551628262 -0.0357416195037571
3.675663404700058 -0.040006705187542395
3.7384952577718535 -0.04409115760250654
3.8013271108436495 -0.047977707314957596
3.8641589639154454 -0.05165029367737307
3.9269908169872414 -0.05509413514878527
3.989822670059038 -0.05829578598168755
4.052654523130833 -0.06124317935791769
4.115486376202629 -0.06392565729161884
4.178318229274425 -0.06633398782803704
4.241150082346222 -0.06846037024845175
4.303981935418017 -0.07029842914118706
4.366813788489813 -0.0718431983150427
4.429645641561608 -0.07309109561449627
4.4924774946334045 -0.07403988974672654
4.5553093477052 -0.07468866025089556
4.618141200776996 -0.07503775173299408
4.680973053848792 -0.07508872345826777
4.743804906920587 -0.07484429534149727
4.806636759992383 -0.07430829130714053
4.869468613064179 -0.07348558091041213
4.932300466135976 -0.07238202002058303
4.995132319207771 -0.07100439127261599
5.057964172279567 -0.06936034489588594
5.120796025351362 -0.06745834043195402
5.183627878423159 -0.06530758975948538
5.246459731494955 -0.06291800175534167
5.3092915845667505 -0.060300128838079566
5.372123437638546 -0.05746511556459567
5.434955290710342 -0.054424649383135834
5.497787143782137 -0.051190913586639936
5.560618996853934 -0.0477765424594542
5.62345084992573 -0.04419457856756746
5.686282702997525 -0.04045843210728713
5.749114556069321 -0.03658184219907588
5.811946409141116 -0.03257883999140447
5.874778262212914 -0.02846371342316435
5.937610115284709 -0.024250973481607655
6.000441968356505 -0.01995532178509893
6.0632738214283 -0.015591619315381675
6.126105674500097 -0.011174856121800246
6.188937527571893 -0.006720121819286221
6.2517693806436885 -0.0022425767022921975