0.031415926535897934 0.005533898248336338
0.0942477796076938 0.01658515387973149
0.15707963267948966 0.02758680113204876
0.21991148575128552 0.03850581505931794
0.2827433388230814 0.049309241403150614
0.34557519189487723 0.059964224379840544
0.4084070449666731 0.07043803411151847
0.47123889803846897 0.08069809378470912
0.5340707511102649 0.0907120067523314
0.5969026041820606 0.10044758395063313
0.6597344572538566 0.10987287217681366
0.7225663103256523 0.11895618396150608
0.7853981633974483 0.12766612996754254
0.8482300164692442 0.1359716550465199
0.91106186954104 0.14384207928090187
0.9738937226128359 0.15124714552432472
1.0367255756846319 0.15815707511823665
1.0995574287564276 0.16454263360006957
1.1623892818282235 0.17037520831712943
1.2252211349000193 0.17562689991087926
1.2880529879718152 0.18027062962728968
1.350884841043611 0.18428026432896072
1.413716694115407 0.18763076092222924
1.4765485471872026 0.19029833165613827
1.5393804002589986 0.1922606313895479
1.6022122533307945 0.1934969674489855
1.6650441064025903 0.19398853210681657
1.7278759594743862 0.19371865699435015
1.7907078125461822 0.19267308792983373
1.853539665617978 0.19084027769541892
1.9163715186897736 0.1882116932559771
1.9792033717615696 0.18478213280071212
2.0420352248333655 0.18055004683982498
2.104867077905162 0.17551785644693385
2.1676989309769574 0.1696922606569551
2.230530784048753 0.16308452407051896
2.2933626371205493 0.15571073494782356
2.356194490192345 0.1475920235681721
2.4190263432641403 0.13875473045606554
2.4818581963359367 0.12923051429377466
2.5446900494077322 0.11905639000444258
2.607521902479528 0.10827468863095825
2.670353755551324 0.09693293226171813
2.7331856086231197 0.08508361934344072
2.796017461694916 0.07278391821989115
2.8588493147667116 0.06009526955756089
2.9216811678385075 0.047082901348548985
2.9845130209103035 0.033815263275681885
3.047344873982099 0.020363390227102186
3.1101767270538954 0.006800207492937264
3.173008580125691 -0.006800207492937264
3.2358404331974873 -0.020363390227102186
3.2986722862692828 -0.033815263275681885
3.3615041393410787 -0.047082901348548985
3.4243359924128747 -0.06009526955756089
3.48716784548467 -0.07278391821989115
3.549999698556466 -0.08508361934344066
3.612831551628262 -0.09693293226171813
3.675663404700058 -0.10827468863095825
3.7384952577718535 -0.11905639000444247
3.8013271108436495 -0.12923051429377466
3.8641589639154454 -0.13875473045606554
3.9269908169872414 -0.1475920235681721
3.989822670059038 -0.15571073494782378
4.052654523130833 -0.16308452407051896
4.115486376202629 -0.1696922606569551
4.178318229274425 -0.17551785644693393
4.241150082346222 -0.18055004683982503
4.303981935418017 -0.18478213280071212
4.366813788489813 -0.1882116932559771
4.429645641561608 -0.19084027769541892
4.4924774946334045 -0.19267308792983387
4.5553093477052 -0.19371865699435015
4.618141200776996 -0.19398853210681657
4.680973053848792 -0.1934969674489855
4.743804906920587 -0.19226063138954794
4.806636759992383 -0.1902983316561381
4.869468613064179 -0.18763076092222924
4.932300466135976 -0.1842802643289607
4.995132319207771 -0.1802706296272896
5.057964172279567 -0.17562689991087937
5.120796025351362 -0.17037520831712943
5.183627878423159 -0.16454263360006957
5.246459731494955 -0.1581570751182366
5.3092915845667505 -0.15124714552432472
5.372123437638546 -0.14384207928090187
5.434955290710342 -0.1359716550465201
5.497787143782137 -0.1276661299675426
5.560618996853934 -0.11895618396150597
5.62345084992573 -0.10987287217681366
5.686282702997525 -0.10044758395063313
5.749114556069321 -0.09071200675233167
5.811946409141116 -0.08069809378470928
5.874778262212914 -0.07043803411151847
5.937610115284709 -0.059964224379840544
6.000441968356505 -0.049309241403150614
6.0632738214283 -0.03850581505931794
6.126105674500097 -0.02758680113204876
6.188937527571893 -0.01658515387973149
6.2517693806436885 -0.005533898248336338