0.031415926535897934 0.0035596742344451877
0.0942477796076938 0.010667467000957529
0.15707963267948966 0.01774060956124292
0.21991148575128552 0.024756058199222
0.2827433388230814 0.03169085413279181
0.34557519189487723 0.03852215810609884
0.4084070449666731 0.045227285634716584
0.47123889803846897 0.051783743137524846
0.5340707511102649 0.05816926522166045
0.5969026041820606 0.0643618534235942
0.6597344572538566 0.07033981674832784
0.7225663103256523 0.07608181438780455
0.7853981633974483 0.08156690103647872
0.8482300164692442 0.08677457525400778
0.91106186954104 0.0916848313493851
0.9738937226128359 0.09627821527458848
1.0367255756846319 0.10053588501591668
1.0995574287564276 0.10443967595456112
1.1623892818282235 0.10797217163159903
1.2252211349000193 0.1111167802936332
1.2880529879718152 0.11385781751118193
1.350884841043611 0.11618059505045923
1.413716694115407 0.11807151603879132
1.4765485471872026 0.11951817629376095
1.5393804002589986 0.12050947148632808
1.6022122533307945 0.12103570957988369
1.6650441064025903 0.12108872773301263
1.7278759594743862 0.12066201257771816
1.7907078125461822 0.11975082249272667
1.853539665617978 0.11835231019070629
1.9163715186897736 0.11646564363803266
1.9792033717615696 0.11409212303705996
2.0420352248333655 0.11123529133616902
2.104867077905162 0.10790103550579166
2.1676989309769574 0.10409767564356383
2.230530784048753 0.09983603886321517
2.2933626371205493 0.09512951489365645
2.356194490192345 0.08999409037938719
2.4190263432641403 0.08444835904080737
2.4818581963359367 0.07851350512996884
2.5446900494077322 0.07221325800615533
2.607521902479528 0.065573816153937
2.670353755551324 0.058623739565933176
2.7331856086231197 0.05139381009965032
2.796017461694916 0.04391686017299913
2.8588493147667116 0.03622757096187031
2.9216811678385075 0.028362242076670655
2.9845130209103035 0.020358535491327778
3.047344873982099 0.012255197244964848
3.1101767270538954 0.0040917611008285905
3.173008580125691 -0.0040917611008285905
3.2358404331974873 -0.012255197244964848
3.2986722862692828 -0.020358535491327778
3.3615041393410787 -0.028362242076670655
3.4243359924128747 -0.03622757096187031
3.48716784548467 -0.04391686017299913
3.549999698556466 -0.05139381009965033
3.612831551628262 -0.058623739565933176
3.675663404700058 -0.065573816153937
3.7384952577718535 -0.07221325800615523
3.8013271108436495 -0.07851350512996884
3.8641589639154454 -0.08444835904080737
3.9269908169872414 -0.08999409037938719
3.989822670059038 -0.09512951489365654
4.052654523130833 -0.09983603886321517
4.115486376202629 -0.10409767564356383
4.178318229274425 -0.10790103550579162
4.241150082346222 -0.11123529133616912
4.303981935418017 -0.11409212303705987
4.366813788489813 -0.11646564363803266
4.429645641561608 -0.11835231019070629
4.4924774946334045 -0.11975082249272663
4.5553093477052 -0.12066201257771816
4.618141200776996 -0.12108872773301264
4.680973053848792 -0.12103570957988366
4.743804906920587 -0.12050947148632808
4.806636759992383 -0.11951817629376112
4.869468613064179 -0.11807151603879132
4.932300466135976 -0.11618059505045931
4.995132319207771 -0.11385781751118201
5.057964172279567 -0.11111678029363306
5.120796025351362 -0.10797217163159908
5.183627878423159 -0.10443967595456112
5.246459731494955 -0.10053588501591648
5.3092915845667505 -0.09627821527458848
5.372123437638546 -0.0916848313493851
5.434955290710342 -0.08677457525400774
5.497787143782137 -0.0815669010364787
5.560618996853934 -0.07608181438780445
5.62345084992573 -0.07033981674832784
5.686282702997525 -0.0643618534235942
5.749114556069321 -0.058169265221660556
5.811946409141116 -0.05178374313752498
5.874778262212914 -0.04522728563471651
5.937610115284709 -0.03852215810609884
6.000441968356505 -0.03169085413279181
6.0632738214283 -0.024756058199222
6.126105674500097 -0.01774060956124292
6.188937527571893 -0.010667467000957418
6.2517693806436885 -0.0035596742344451877