0.031415926535897934 0.009916298948488849
0.0942477796076938 0.02969549386455524
0.15707963267948966 0.049314931691794926
0.21991148575128552 0.06866960808580096
0.2827433388230814 0.08765674904382534
0.34557519189487723 0.10617666281059344
0.4084070449666731 0.12413355210009767
0.47123889803846897 0.14143627609917805
0.5340707511102649 0.15799905235751535
0.5969026041820606 0.1737420894809348
0.6597344572538566 0.18859214253913412
0.7225663103256523 0.20248298427729447
0.7853981633974483 0.21535578657715398
0.8482300164692442 0.22715940813062743
0.91106186954104 0.23785058594078357
0.9738937226128359 0.247394030013428
1.0367255756846319 0.25576242240109737
1.0995574287564276 0.2629363235565779
1.1623892818282235 0.2689039906879372
1.2252211349000193 0.2736611144238573
1.2880529879718152 0.27721048154237493
1.350884841043611 0.27956157273997967
1.413716694115407 0.2807301053829719
1.4765485471872026 0.2807375318621257
1.5393804002589986 0.27961050455122927
1.6022122533307945 0.27738031844941785
1.6650441064025903 0.27408234237873413
1.7278759594743862 0.2697554491358316
1.7907078125461822 0.2644414542934606
1.853539665617978 0.25818457245365856
1.9163715186897736 0.25103089871505707
1.9792033717615696 0.24302792197776432
2.0420352248333655 0.23422407551638544
2.104867077905162 0.22466832904746384
2.1676989309769574 0.21440982533979555
2.230530784048753 0.20349756329662766
2.2933626371205493 0.19198012840299788
2.356194490192345 0.17990547049779002
2.4190263432641403 0.16732072801012177
2.4818581963359367 0.15427209709886522
2.5446900494077322 0.14080474355223788
2.607521902479528 0.12696275483674896
2.670353755551324 0.11278912932282906
2.7331856086231197 0.09832579944702426
2.796017461694916 0.0836136853847206
2.8588493147667116 0.06869277568905773
2.9216811678385075 0.053602231286895674
2.9845130209103035 0.03838050919777813
3.047344873982099 0.023065502344088273
3.1101767270538954 0.007694691838747023
3.173008580125691 -0.007694691838747023
3.2358404331974873 -0.023065502344088273
3.2986722862692828 -0.03838050919777813
3.3615041393410787 -0.053602231286895674
3.4243359924128747 -0.06869277568905773
3.48716784548467 -0.0836136853847206
3.549999698556466 -0.0983257994470241
3.612831551628262 -0.11278912932282906
3.675663404700058 -0.12696275483674896
3.7384952577718535 -0.14080474355223782
3.8013271108436495 -0.15427209709886522
3.8641589639154454 -0.16732072801012177
3.9269908169872414 -0.17990547049779002
3.989822670059038 -0.19198012840299816
4.052654523130833 -0.20349756329662766
4.115486376202629 -0.21440982533979555
4.178318229274425 -0.22466832904746398
4.241150082346222 -0.2342240755163855
4.303981935418017 -0.24302792197776443
4.366813788489813 -0.25103089871505707
4.429645641561608 -0.2581845724536585
4.4924774946334045 -0.26444145429346066
4.5553093477052 -0.2697554491358316
4.618141200776996 -0.2740823423787342
4.680973053848792 -0.27738031844941785
4.743804906920587 -0.2796105045512292
4.806636759992383 -0.2807375318621257
4.869468613064179 -0.2807301053829719
4.932300466135976 -0.27956157273997956
4.995132319207771 -0.2772104815423748
5.057964172279567 -0.2736611144238574
5.120796025351362 -0.2689039906879372
5.183627878423159 -0.2629363235565779
5.246459731494955 -0.25576242240109726
5.3092915845667505 -0.247394030013428
5.372123437638546 -0.23785058594078357
5.434955290710342 -0.2271594081306275
5.497787143782137 -0.21535578657715426
5.560618996853934 -0.20248298427729433
5.62345084992573 -0.18859214253913412
5.686282702997525 -0.1737420894809348
5.749114556069321 -0.15799905235751566
5.811946409141116 -0.14143627609917822
5.874778262212914 -0.12413355210009756
5.937610115284709 -0.10617666281059344
6.000441968356505 -0.08765674904382534
6.0632738214283 -0.06866960808580112
6.126105674500097 -0.049314931691794926
6.188937527571893 -0.029695493864554997
6.2517693806436885 -0.009916298948488849