0.031415926535897934 0.0017427589996076782
0.0942477796076938 0.005221684787618336
0.15707963267948966 0.008680856010903262
0.21991148575128552 0.01210717647910559
0.2827433388230814 0.015487660128885847
0.34557519189487723 0.01880947477066064
0.4084070449666731 0.02205998553186553
0.47123889803846897 0.02522679791072351
0.5340707511102649 0.02829780035476699
0.5969026041820606 0.03126120627840591
0.6597344572538566 0.034105595433527605
0.7225663103256523 0.03681995454630491
0.7853981633974483 0.03939371713192186
0.8482300164692442 0.041816802396668115
0.91106186954104 0.04407965313367549
0.9738937226128359 0.04617327251438558
1.0367255756846319 0.0480892596725725
1.0995574287564276 0.04981984397139436
1.1623892818282235 0.051357917836535795
1.2252211349000193 0.05269706803011704
1.2880529879718152 0.053831605230843446
1.350884841043611 0.054756591776031815
1.413716694115407 0.05546786741098443
1.4765485471872026 0.05596207288098361
1.5393804002589986 0.05623667119135449
1.6022122533307945 0.05628996635201424
1.6650441064025903 0.05612111941516903
1.7278759594743862 0.05573016160883308
1.7907078125461822 0.05511800436513362
1.853539665617978 0.05428644604145337
1.9163715186897736 0.053238175134821035
1.9792033717615696 0.05197676979605016
2.0420352248333655 0.050506693460339445
2.104867077905162 0.04883328642568496
2.1676989309769574 0.04696275322975205
2.230530784048753 0.0449021456999036
2.2933626371205493 0.042659341579866186
2.356194490192345 0.04024301866988897
2.4190263432641403 0.037662624454890804
2.4818581963359367 0.034928341236577704
2.5446900494077322 0.03205104683023282
2.607521902479528 0.02904227093413618
2.670353755551324 0.02591414732849119
2.7331856086231197 0.02267936211040588
2.796017461694916 0.019351098220851647
2.8588493147667116 0.01594297656755548
2.9216811678385075 0.012468994093374885
2.9845130209103035 0.008943459181800405
3.047344873982099 0.0053809248288143405
3.1101767270538954 0.001796120042478651
3.173008580125691 -0.001796120042478651
3.2358404331974873 -0.0053809248288143405
3.2986722862692828 -0.008943459181800405
3.3615041393410787 -0.012468994093374885
3.4243359924128747 -0.01594297656755548
3.48716784548467 -0.019351098220851647
3.549999698556466 -0.022679362110405832
3.612831551628262 -0.02591414732849119
3.675663404700058 -0.02904227093413618
3.7384952577718535 -0.03205104683023273
3.8013271108436495 -0.034928341236577704
3.8641589639154454 -0.037662624454890804
3.9269908169872414 -0.04024301866988897
3.989822670059038 -0.042659341579866256
4.052654523130833 -0.0449021456999036
4.115486376202629 -0.04696275322975205
4.178318229274425 -0.04883328642568494
4.241150082346222 -0.0505066934603395
4.303981935418017 -0.05197676979605015
4.366813788489813 -0.053238175134821035
4.429645641561608 -0.05428644604145346
4.4924774946334045 -0.055118004365133595
4.5553093477052 -0.05573016160883308
4.618141200776996 -0.056121119415169056
4.680973053848792 -0.05628996635201424
4.743804906920587 -0.05623667119135451
4.806636759992383 -0.055962072880983635
4.869468613064179 -0.05546786741098443
4.932300466135976 -0.054756591776031774
4.995132319207771 -0.05383160523084349
5.057964172279567 -0.05269706803011699
5.120796025351362 -0.05135791783653571
5.183627878423159 -0.04981984397139436
5.246459731494955 -0.048089259672572444
5.3092915845667505 -0.04617327251438558
5.372123437638546 -0.04407965313367549
5.434955290710342 -0.04181680239666816
5.497787143782137 -0.039393717131921906
5.560618996853934 -0.03681995454630487
5.62345084992573 -0.034105595433527605
5.686282702997525 -0.03126120627840591
5.749114556069321 -0.028297800354766967
5.811946409141116 -0.02522679791072357
5.874778262212914 -0.022059985531865493
5.937610115284709 -0.01880947477066064
6.000441968356505 -0.015487660128885847
6.0632738214283 -0.01210717647910559
6.126105674500097 -0.008680856010903262
6.188937527571893 -0.005221684787618234
6.2517693806436885 -0.0017427589996076782