0.031415926535897934 0.007742187197551628
0.0942477796076938 0.023162491395743265
0.15707963267948966 0.038391666461944134
0.21991148575128552 0.053305866302282554
0.2827433388230814 0.06778649573413595
0.34557519189487723 0.08172209728311668
0.4084070449666731 0.09501003490539969
0.47123889803846897 0.10755793103838579
0.5340707511102649 0.11928482323198074
0.5969026041820606 0.13012201761890282
0.6597344572538566 0.140013628094686
0.7225663103256523 0.14891680171401273
0.7853981633974483 0.15680164189197796
0.8482300164692442 0.16365085099262552
0.91106186954104 0.16945912233900093
0.9738937226128359 0.17423231824734645
1.0367255756846319 0.17798647516474686
1.0995574287564276 0.18074667930917546
1.1623892818282235 0.18254585644717902
1.2252211349000193 0.18342351779390484
1.2880529879718152 0.1834245007763626
1.350884841043611 0.18259773892211542
1.413716694115407 0.18099508981103796
1.4765485471872026 0.17867024424449268
1.5393804002589986 0.17567773390170147
1.6022122533307945 0.1720720490741824
1.6650441064025903 0.1679068728392177
1.7278759594743862 0.16323443342674787
1.7907078125461822 0.15810497265729526
1.853539665617978 0.15256632522654945
1.9163715186897736 0.14666360127839984
1.9792033717615696 0.1404389630957357
2.0420352248333655 0.13393148577228198
2.104867077905162 0.12717709131705843
2.1676989309769574 0.12020854568626145
2.230530784048753 0.11305550863620069
2.2933626371205493 0.10574462695210066
2.356194490192345 0.09829966244750865
2.4190263432641403 0.09074164707605582
2.4818581963359367 0.08308905849234309
2.5446900494077322 0.07535801039512285
2.607521902479528 0.06756245294858429
2.670353755551324 0.05971437948133819
2.7331856086231197 0.051824036491124326
2.796017461694916 0.04390013472663362
2.8588493147667116 0.03595005977182582
2.9216811678385075 0.02798008112222883
2.9845130209103035 0.01999555921910606
3.047344873982099 0.012001150299790922
3.1101767270538954 0.004001009235361464
3.173008580125691 -0.004001009235361464
3.2358404331974873 -0.012001150299790922
3.2986722862692828 -0.01999555921910606
3.3615041393410787 -0.02798008112222883
3.4243359924128747 -0.03595005977182582
3.48716784548467 -0.04390013472663362
3.549999698556466 -0.051824036491124215
3.612831551628262 -0.05971437948133819
3.675663404700058 -0.06756245294858429
3.7384952577718535 -0.07535801039512277
3.8013271108436495 -0.08308905849234309
3.8641589639154454 -0.09074164707605573
3.9269908169872414 -0.09829966244750865
3.989822670059038 -0.10574462695210085
4.052654523130833 -0.11305550863620069
4.115486376202629 -0.12020854568626145
4.178318229274425 -0.1271770913170586
4.241150082346222 -0.13393148577228214
4.303981935418017 -0.14043896309573597
4.366813788489813 -0.14666360127839984
4.429645641561608 -0.15256632522654945
4.4924774946334045 -0.15810497265729526
4.5553093477052 -0.16323443342674787
4.618141200776996 -0.16790687283921776
4.680973053848792 -0.1720720490741823
4.743804906920587 -0.17567773390170147
4.806636759992383 -0.17867024424449265
4.869468613064179 -0.18099508981103796
4.932300466135976 -0.18259773892211542
4.995132319207771 -0.1834245007763626
5.057964172279567 -0.18342351779390476
5.120796025351362 -0.18254585644717905
5.183627878423159 -0.18074667930917546
5.246459731494955 -0.17798647516474667
5.3092915845667505 -0.17423231824734645
5.372123437638546 -0.16945912233900093
5.434955290710342 -0.16365085099262552
5.497787143782137 -0.15680164189197807
5.560618996853934 -0.14891680171401273
5.62345084992573 -0.140013628094686
5.686282702997525 -0.13012201761890282
5.749114556069321 -0.11928482323198081
5.811946409141116 -0.10755793103838607
5.874778262212914 -0.09501003490539958
5.937610115284709 -0.08172209728311668
6.000441968356505 -0.06778649573413595
6.0632738214283 -0.053305866302282616
6.126105674500097 -0.038391666461944134
6.188937527571893 -0.023162491395743147
6.2517693806436885 -0.007742187197551628