0.031415926535897934 0.0037395866478106407
0.0942477796076938 0.01120278506170792
0.15707963267948966 0.018618142433183833
0.21991148575128552 0.025954042703780756
0.2827433388230814 0.033179284309507645
0.34557519189487723 0.04026324109660729
0.4084070449666731 0.04717601844424478
0.47123889803846897 0.053888603349365745
0.5340707511102649 0.06037300731844738
0.5969026041820606 0.06660240101590513
0.6597344572538566 0.07255123973712191
0.7225663103256523 0.07819537890285067
0.7853981633974483 0.08351217890830158
0.8482300164692442 0.08848059880172265
0.91106186954104 0.09308127841084411
0.9738937226128359 0.0972966086784258
1.0367255756846319 0.10111079010768559
1.0995574287564276 0.10450987935217106
1.1623892818282235 0.107481824110545
1.2252211349000193 0.11001648660290475
1.2880529879718152 0.11210565601014767
1.350884841043611 0.1137430503503551
1.413716694115407 0.114924308345364
1.4765485471872026 0.11564697189615333
1.5393804002589986 0.11591045983722878
1.6022122533307945 0.11571603367799606
1.6650441064025903 0.11506675606356874
1.7278759594743862 0.11396744269922623
1.7907078125461822 0.11242460848264127
1.853539665617978 0.11044640857705715
1.9163715186897736 0.10804257513790065
1.9792033717615696 0.1052243503760845
2.0420352248333655 0.10200441660470415
2.104867077905162 0.09839682387322014
2.1676989309769574 0.09441691574577753
2.230530784048753 0.09008125372922579
2.2933626371205493 0.0854075408028169
2.356194490192345 0.08041454444651422
2.4190263432641403 0.07512201950932992
2.4818581963359367 0.0695506312040018
2.5446900494077322 0.06372187846039774
2.607521902479528 0.05765801781801252
2.670353755551324 0.05138198798837579
2.7331856086231197 0.04491733517164939
2.796017461694916 0.03828813916858421
2.8588493147667116 0.031518940289687145
2.9216811678385075 0.02463466702820985
2.9845130209103035 0.017660564432652185
3.047344873982099 0.010622123088047216
3.1101767270538954 0.003545008593509711
3.173008580125691 -0.003545008593509711
3.2358404331974873 -0.010622123088047216
3.2986722862692828 -0.017660564432652185
3.3615041393410787 -0.02463466702820985
3.4243359924128747 -0.031518940289687145
3.48716784548467 -0.03828813916858421
3.549999698556466 -0.044917335171649295
3.612831551628262 -0.05138198798837579
3.675663404700058 -0.05765801781801252
3.7384952577718535 -0.06372187846039766
3.8013271108436495 -0.0695506312040018
3.8641589639154454 -0.07512201950932984
3.9269908169872414 -0.08041454444651422
3.989822670059038 -0.08540754080281704
4.052654523130833 -0.09008125372922579
4.115486376202629 -0.09441691574577753
4.178318229274425 -0.09839682387322032
4.241150082346222 -0.10200441660470427
4.303981935418017 -0.10522435037608448
4.366813788489813 -0.10804257513790065
4.429645641561608 -0.11044640857705725
4.4924774946334045 -0.11242460848264131
4.5553093477052 -0.11396744269922623
4.618141200776996 -0.11506675606356874
4.680973053848792 -0.11571603367799609
4.743804906920587 -0.11591045983722881
4.806636759992383 -0.11564697189615329
4.869468613064179 -0.114924308345364
4.932300466135976 -0.11374305035035508
4.995132319207771 -0.11210565601014767
5.057964172279567 -0.11001648660290478
5.120796025351362 -0.10748182411054504
5.183627878423159 -0.10450987935217106
5.246459731494955 -0.10111079010768555
5.3092915845667505 -0.0972966086784258
5.372123437638546 -0.09308127841084411
5.434955290710342 -0.08848059880172274
5.497787143782137 -0.0835121789083016
5.560618996853934 -0.07819537890285061
5.62345084992573 -0.07255123973712191
5.686282702997525 -0.06660240101590513
5.749114556069321 -0.060373007318447365
5.811946409141116 -0.053888603349365856
5.874778262212914 -0.04717601844424475
5.937610115284709 -0.04026324109660729
6.000441968356505 -0.033179284309507645
6.0632738214283 -0.025954042703780756
6.126105674500097 -0.018618142433183833
6.188937527571893 -0.011202785061707889
6.2517693806436885 -0.0037395866478106407