0.031415926535897934 0.004827178169984917
0.0942477796076938 0.014467514830334809
0.15707963267948966 0.02406579404989929
0.21991148575128552 0.033593983039864064
0.2827433388230814 0.04302405790101786
0.34557519189487723 0.052328008474410305
0.4084070449666731 0.061477844557814375
0.47123889803846897 0.07044560397770958
0.5340707511102649 0.07920336307773614
0.5969026041820606 0.08772325026779011
0.6597344572538566 0.09597746337074393
0.7225663103256523 0.10393829160327153
0.7853981633974483 0.11157814312993546
0.8482300164692442 0.1188695792314937
0.91106186954104 0.1257853562245528
0.9738937226128359 0.13229847635486353
1.0367255756846319 0.13838224895461426
1.0995574287564276 0.14401036319826982
1.1623892818282235 0.14915697380441545
1.2252211349000193 0.15379680100471202
1.2880529879718152 0.1579052460271
1.350884841043611 0.16145852321019774
1.413716694115407 0.16443380967103735
1.4765485471872026 0.1668094131809154
1.5393804002589986 0.1685649585574415
1.6022122533307945 0.16968159244966802
1.6650441064025903 0.1701422058748781
1.7278759594743862 0.1699316732607875
1.7907078125461822 0.1690371060604009
1.853539665617978 0.16744811824839884
1.9163715186897736 0.1651571001933967
1.9792033717615696 0.162159496551877
2.0420352248333655 0.15845408297598357
2.104867077905162 0.15404323560438268
2.1676989309769574 0.14893318655487522
2.230530784048753 0.143134258006188
2.2933626371205493 0.13666106699422056
2.356194490192345 0.12953269280529256
2.4190263432641403 0.12177279887310613
2.4818581963359367 0.1134097014181688
2.5446900494077322 0.10447637773854938
2.607521902479528 0.0950104080847644
2.670353755551324 0.0850538464266901
2.7331856086231197 0.07465301712313925
2.796017461694916 0.06385823648924131
2.8588493147667116 0.05272346045499161
2.9216811678385075 0.04130586183228303
2.9845130209103035 0.029665343053531586
3.047344873982099 0.01786399249880222
3.1101767270538954 0.005965494573697686
3.173008580125691 -0.005965494573697686
3.2358404331974873 -0.01786399249880222
3.2986722862692828 -0.029665343053531586
3.3615041393410787 -0.04130586183228303
3.4243359924128747 -0.05272346045499161
3.48716784548467 -0.06385823648924131
3.549999698556466 -0.07465301712313914
3.612831551628262 -0.0850538464266901
3.675663404700058 -0.0950104080847644
3.7384952577718535 -0.10447637773854922
3.8013271108436495 -0.1134097014181688
3.8641589639154454 -0.12177279887310616
3.9269908169872414 -0.12953269280529256
3.989822670059038 -0.13666106699422084
4.052654523130833 -0.143134258006188
4.115486376202629 -0.14893318655487522
4.178318229274425 -0.15404323560438285
4.241150082346222 -0.1584540829759836
4.303981935418017 -0.16215949655187695
4.366813788489813 -0.1651571001933967
4.429645641561608 -0.16744811824839895
4.4924774946334045 -0.1690371060604009
4.5553093477052 -0.1699316732607875
4.618141200776996 -0.17014220587487824
4.680973053848792 -0.16968159244966802
4.743804906920587 -0.1685649585574415
4.806636759992383 -0.1668094131809154
4.869468613064179 -0.16443380967103735
4.932300466135976 -0.1614585232101978
4.995132319207771 -0.15790524602709993
5.057964172279567 -0.1537968010047121
5.120796025351362 -0.14915697380441542
5.183627878423159 -0.14401036319826982
5.246459731494955 -0.13838224895461415
5.3092915845667505 -0.13229847635486353
5.372123437638546 -0.1257853562245528
5.434955290710342 -0.11886957923149384
5.497787143782137 -0.11157814312993562
5.560618996853934 -0.10393829160327137
5.62345084992573 -0.09597746337074393
5.686282702997525 -0.08772325026779011
5.749114556069321 -0.07920336307773627
5.811946409141116 -0.07044560397770981
5.874778262212914 -0.061477844557814375
5.937610115284709 -0.052328008474410305
6.000441968356505 -0.04302405790101786
6.0632738214283 -0.03359398303986418
6.126105674500097 -0.02406579404989929
6.188937527571893 -0.0144675148303347
6.2517693806436885 -0.004827178169984917