0.031415926535897934 0.00196521913850601
0.0942477796076938 0.005889185716735415
0.15707963267948966 0.009793746035942281
0.21991148575128552 0.013665992170232288
0.2827433388230814 0.017493060991946877
0.34557519189487723 0.021262152946140006
0.4084070449666731 0.024960551677899432
0.47123889803846897 0.0285756447523835
0.5340707511102649 0.032094945703797964
0.5969026041820606 0.03550611764421816
0.6597344572538566 0.03879699865565508
0.7225663103256523 0.04195562917851907
0.7853981633974483 0.04497028159600404
0.8482300164692442 0.047829492196248956
0.91106186954104 0.050522095671723465
0.9738937226128359 0.053037262287453646
1.0367255756846319 0.05536453781576995
1.0995574287564276 0.05749388629464171
1.1623892818282235 0.05941573561882718
1.2252211349000193 0.06112102591766267
1.2880529879718152 0.06260126061013219
1.350884841043611 0.06384855995694931
1.413716694115407 0.06485571685103492
1.4765485471872026 0.06561625450264408
1.5393804002589986 0.06612448558445204
1.6022122533307945 0.06637557230656546
1.6650441064025903 0.06636558679349171
1.7278759594743862 0.06609157103684467
1.7907078125461822 0.06555159560167095
1.853539665617978 0.06474481617385748
1.9163715186897736 0.0636715269545636
1.9792033717615696 0.06233320983873434
2.0420352248333655 0.06073257826236111
2.104867077905162 0.05887361457116098
2.1676989309769574 0.056761599755466706
2.230530784048753 0.054403134415767974
2.2933626371205493 0.051806149873343095
2.356194490192345 0.048979908422873836
2.4190263432641403 0.04593499183995328
2.4818581963359367 0.0426832774059494
2.5446900494077322 0.03923790089447782
2.607521902479528 0.03561320617503889
2.670353755551324 0.03182468132607678
2.7331856086231197 0.027888881406320672
2.796017461694916 0.023823338303009797
2.8588493147667116 0.01964645835069119
2.9216811678385075 0.01537740868615322
2.9845130209103035 0.011035993564737811
3.047344873982099 0.006642522101778126
3.1101767270538954 0.0022176691116664025
3.173008580125691 -0.0022176691116664025
3.2358404331974873 -0.006642522101778126
3.2986722862692828 -0.011035993564737811
3.3615041393410787 -0.01537740868615322
3.4243359924128747 -0.01964645835069119
3.48716784548467 -0.023823338303009797
3.549999698556466 -0.027888881406320672
3.612831551628262 -0.03182468132607678
3.675663404700058 -0.03561320617503889
3.7384952577718535 -0.03923790089447782
3.8013271108436495 -0.0426832774059494
3.8641589639154454 -0.04593499183995328
3.9269908169872414 -0.048979908422873836
3.989822670059038 -0.05180614987334313
4.052654523130833 -0.054403134415767974
4.115486376202629 -0.056761599755466706
4.178318229274425 -0.05887361457116098
4.241150082346222 -0.0607325782623612
4.303981935418017 -0.06233320983873434
4.366813788489813 -0.0636715269545636
4.429645641561608 -0.0647448161738575
4.4924774946334045 -0.06555159560167098
4.5553093477052 -0.06609157103684467
4.618141200776996 -0.0663655867934918
4.680973053848792 -0.06637557230656546
4.743804906920587 -0.06612448558445204
4.806636759992383 -0.06561625450264398
4.869468613064179 -0.06485571685103492
4.932300466135976 -0.06384855995694931
4.995132319207771 -0.06260126061013219
5.057964172279567 -0.06112102591766269
5.120796025351362 -0.05941573561882718
5.183627878423159 -0.05749388629464171
5.246459731494955 -0.05536453781576995
5.3092915845667505 -0.053037262287453646
5.372123437638546 -0.050522095671723465
5.434955290710342 -0.047829492196248956
5.497787143782137 -0.04497028159600414
5.560618996853934 -0.041955629178518986
5.62345084992573 -0.03879699865565508
5.686282702997525 -0.03550611764421816
5.749114556069321 -0.03209494570379804
5.811946409141116 -0.028575644752383507
5.874778262212914 -0.024960551677899432
5.937610115284709 -0.021262152946140006
6.000441968356505 -0.017493060991946877
6.0632738214283 -0.013665992170232288
6.126105674500097 -0.009793746035942281
6.188937527571893 -0.005889185716735415
6.2517693806436885 -0.00196521913850601