0.031415926535897934 0.006272891537149591
0.0942477796076938 0.018801407565629633
0.15707963267948966 0.03127812404579375
0.21991148575128552 0.04366851306779335
0.2827433388230814 0.05593805381489729
0.34557519189487723 0.06805223429619317
0.4084070449666731 0.07997655215162275
0.47123889803846897 0.09167651451396105
0.5340707511102649 0.1031176370943372
0.5969026041820606 0.11426544287443403
0.6597344572538566 0.12508546103610838
0.7225663103256523 0.13554322703355925
0.7853981633974483 0.14560428500935368
0.8482300164692442 0.15523419406771588
0.91106186954104 0.16439854023959843
0.9738937226128359 0.17306295629614826
1.0367255756846319 0.18119315188075813
1.0995574287564276 0.18875495672392537
1.1623892818282235 0.19571437996664298
1.2252211349000193 0.20203768883201678
1.2880529879718152 0.20769151003396977
1.350884841043611 0.21264295737666902
1.413716694115407 0.21685978895692115
1.4765485471872026 0.22031059721056162
1.5393804002589986 0.22296503471790927
1.6022122533307945 0.22479407817751634
1.6650441064025903 0.22577033224780538
1.7278759594743862 0.225868374021964
1.7907078125461822 0.2250651377275463
1.853539665617978 0.2233403378220422
1.9163715186897736 0.22067692699456246
1.9792033717615696 0.21706158370249565
2.0420352248333655 0.21248522181010757
2.104867077905162 0.20694351271488132
2.1676989309769574 0.20043740813190852
2.230530784048753 0.19297364956579108
2.2933626371205493 0.184565248564458
2.356194490192345 0.17523192026889664
2.4190263432641403 0.16500045170611344
2.4818581963359367 0.1539049858783508
2.5446900494077322 0.14198720312453247
2.607521902479528 0.12929638258577686
2.670353755551324 0.11588932896597036
2.7331856086231197 0.10183015315088989
2.796017461694916 0.08718989957306246
2.8588493147667116 0.0720460183434006
2.9216811678385075 0.05648168589518631
2.9845130209103035 0.0405849839120291
3.047344873982099 0.024447952297479304
3.1101767270538954 0.008165537521152554
3.173008580125691 -0.008165537521152554
3.2358404331974873 -0.024447952297479304
3.2986722862692828 -0.0405849839120291
3.3615041393410787 -0.05648168589518631
3.4243359924128747 -0.0720460183434006
3.48716784548467 -0.08718989957306246
3.549999698556466 -0.10183015315088974
3.612831551628262 -0.11588932896597036
3.675663404700058 -0.12929638258577686
3.7384952577718535 -0.1419872031245323
3.8013271108436495 -0.1539049858783508
3.8641589639154454 -0.1650004517061133
3.9269908169872414 -0.17523192026889664
3.989822670059038 -0.18456524856445816
4.052654523130833 -0.19297364956579108
4.115486376202629 -0.20043740813190852
4.178318229274425 -0.20694351271488143
4.241150082346222 -0.21248522181010762
4.303981935418017 -0.21706158370249565
4.366813788489813 -0.22067692699456246
4.429645641561608 -0.2233403378220422
4.4924774946334045 -0.22506513772754633
4.5553093477052 -0.225868374021964
4.618141200776996 -0.2257703322478053
4.680973053848792 -0.22479407817751637
4.743804906920587 -0.2229650347179093
4.806636759992383 -0.2203105972105616
4.869468613064179 -0.21685978895692115
4.932300466135976 -0.21264295737666894
4.995132319207771 -0.20769151003396977
5.057964172279567 -0.20203768883201678
5.120796025351362 -0.195714379966643
5.183627878423159 -0.18875495672392537
5.246459731494955 -0.18119315188075802
5.3092915845667505 -0.17306295629614826
5.372123437638546 -0.16439854023959843
5.434955290710342 -0.15523419406771594
5.497787143782137 -0.14560428500935393
5.560618996853934 -0.13554322703355912
5.62345084992573 -0.12508546103610838
5.686282702997525 -0.11426544287443403
5.749114556069321 -0.10311763709433723
5.811946409141116 -0.09167651451396126
5.874778262212914 -0.07997655215162261
5.937610115284709 -0.06805223429619317
6.000441968356505 -0.05593805381489729
6.0632738214283 -0.04366851306779349
6.126105674500097 -0.03127812404579375
6.188937527571893 -0.018801407565629494
6.2517693806436885 -0.006272891537149591