0.031415926535897934 0.0006157073308794146
0.0942477796076938 0.001844816698694992
0.15707963267948966 0.0030670174184339715
0.21991148575128552 0.004277727834656676
0.2827433388230814 0.005472402447568853
0.34557519189487723 0.006646546355698529
0.4084070449666731 0.007795729676585617
0.47123889803846897 0.008915601935782317
0.5340707511102649 0.010001906411946305
0.5969026041820606 0.011050494422773564
0.6597344572538566 0.012057339533006185
0.7225663103256523 0.013018551661789978
0.7853981633974483 0.013930391062297444
0.8482300164692442 0.014789282141824841
0.91106186954104 0.015591827085574857
0.9738937226128359 0.016334819242115595
1.0367255756846319 0.01701525622315123
1.0995574287564276 0.01763035266481383
1.1623892818282235 0.01817755259230461
1.2252211349000193 0.018654541324468418
1.2880529879718152 0.019059256849883695
1.350884841043611 0.019389900601414326
1.413716694115407 0.019644947552024578
1.4765485471872026 0.019823155551105125
1.5393804002589986 0.019923573817758486
1.6022122533307945 0.01994555050553695
1.6650441064025903 0.019888739252150667
1.7278759594743862 0.019753104627791656
1.7907078125461822 0.01953892639702514
1.853539665617978 0.01924680251181064
1.9163715186897736 0.018877650757168674
1.9792033717615696 0.018432708976388913
2.0420352248333655 0.017913533809487445
2.104867077905162 0.01732199788688381
2.1676989309769574 0.016660285429950877
2.230530784048753 0.01593088622113531
2.2933626371205493 0.01513658791867441
2.356194490192345 0.014280466704405175
2.4190263432641403 0.013365876267654599
2.4818581963359367 0.012396435143500488
2.5446900494077322 0.011376012439607149
2.607521902479528 0.010308712002135536
2.670353755551324 0.009198855087636643
2.7331856086231197 0.008050961624098622
2.796017461694916 0.00686973016014738
2.8588493147667116 0.0056600166165140684
2.9216811678385075 0.004426811968007226
2.9845130209103035 0.003175218997087188
3.047344873982099 0.00191042827149308
3.1101767270538954 0.0006376935079918394
3.173008580125691 -0.0006376935079918394
3.2358404331974873 -0.00191042827149308
3.2986722862692828 -0.003175218997087188
3.3615041393410787 -0.004426811968007226
3.4243359924128747 -0.0056600166165140684
3.48716784548467 -0.00686973016014738
3.549999698556466 -0.008050961624098622
3.612831551628262 -0.009198855087636643
3.675663404700058 -0.010308712002135536
3.7384952577718535 -0.011376012439607149
3.8013271108436495 -0.012396435143500488
3.8641589639154454 -0.013365876267654599
3.9269908169872414 -0.014280466704405175
3.989822670059038 -0.015136587918674492
4.052654523130833 -0.01593088622113531
4.115486376202629 -0.016660285429950877
4.178318229274425 -0.01732199788688381
4.241150082346222 -0.017913533809487445
4.303981935418017 -0.018432708976388913
4.366813788489813 -0.018877650757168674
4.429645641561608 -0.01924680251181064
4.4924774946334045 -0.01953892639702514
4.5553093477052 -0.019753104627791656
4.618141200776996 -0.019888739252150667
4.680973053848792 -0.01994555050553695
4.743804906920587 -0.019923573817758486
4.806636759992383 -0.019823155551105125
4.869468613064179 -0.019644947552024578
4.932300466135976 -0.019389900601414326
4.995132319207771 -0.019059256849883695
5.057964172279567 -0.018654541324468418
5.120796025351362 -0.01817755259230461
5.183627878423159 -0.01763035266481383
5.246459731494955 -0.01701525622315123
5.3092915845667505 -0.016334819242115595
5.372123437638546 -0.015591827085574857
5.434955290710342 -0.014789282141824841
5.497787143782137 -0.013930391062297365
5.560618996853934 -0.013018551661789978
5.62345084992573 -0.012057339533006185
5.686282702997525 -0.011050494422773564
5.749114556069321 -0.010001906411946305
5.811946409141116 -0.008915601935782317
5.874778262212914 -0.007795729676585617
5.937610115284709 -0.006646546355698529
6.000441968356505 -0.005472402447568853
6.0632738214283 -0.004277727834656754
6.126105674500097 -0.0030670174184339715
6.188937527571893 -0.001844816698694992
6.2517693806436885 -0.0006157073308794146