0.031415926535897934 0.00818772696469248
0.0942477796076938 0.024535572395526162
0.15707963267948966 0.04080066632170764
0.21991148575128552 0.056928086857020714
0.2827433388230814 0.07286327784430537
0.34557519189487723 0.08855218939594342
0.4084070449666731 0.10394141300822123
0.47123889803846897 0.11897831015104958
0.5340707511102649 0.13361113355202134
0.5969026041820606 0.14778914075909783
0.6597344572538566 0.1614626999670142
0.7225663103256523 0.17458338851525745
0.7853981633974483 0.18710408489588576
0.8482300164692442 0.19897905553280767
0.91106186954104 0.21016403799557354
0.9738937226128359 0.22061632267566814
1.0367255756846319 0.23029483526745628
1.0995574287564276 0.23916022264572914
1.1623892818282235 0.24717494490430086
1.2252211349000193 0.2543033764032146
1.2880529879718152 0.26051191865476386
1.350884841043611 0.26576912775071027
1.413716694115407 0.2700458587862138
1.4765485471872026 0.2733154293632213
1.5393804002589986 0.2755538037526935
1.6022122533307945 0.2767397986592565
1.6650441064025903 0.2768553107652789
1.7278759594743862 0.2758855653401321
1.7907078125461822 0.27381938419588686
1.853539665617978 0.2706494701706836
1.9163715186897736 0.2663727041503161
1.9792033717615696 0.2609904494298678
2.0420352248333655 0.2545088570112297
2.104867077905162 0.24693916427764498
2.1676989309769574 0.23829797843872094
2.230530784048753 0.22860753525973018
2.2933626371205493 0.21789592294159146
2.356194490192345 0.20619726066643967
2.4190263432641403 0.19355182132754867
2.4818581963359367 0.18000608837177529
2.5446900494077322 0.16561273753379682
2.607521902479528 0.15043053555126407
2.670353755551324 0.13452414971236834
2.7331856086231197 0.11796386426933413
2.796017461694916 0.10082520229209331
2.8588493147667116 0.08318845434728384
2.9216811678385075 0.06513811835543122
2.9845130209103035 0.04676225797096413
3.047344873982099 0.028151789700818382
3.1101767270538954 0.009399711580307864
3.173008580125691 -0.009399711580307864
3.2358404331974873 -0.028151789700818382
3.2986722862692828 -0.04676225797096413
3.3615041393410787 -0.06513811835543122
3.4243359924128747 -0.08318845434728384
3.48716784548467 -0.10082520229209331
3.549999698556466 -0.11796386426933383
3.612831551628262 -0.13452414971236834
3.675663404700058 -0.15043053555126407
3.7384952577718535 -0.16561273753379666
3.8013271108436495 -0.18000608837177529
3.8641589639154454 -0.1935518213275485
3.9269908169872414 -0.20619726066643967
3.989822670059038 -0.21789592294159152
4.052654523130833 -0.22860753525973018
4.115486376202629 -0.23829797843872094
4.178318229274425 -0.2469391642776451
4.241150082346222 -0.2545088570112299
4.303981935418017 -0.2609904494298678
4.366813788489813 -0.2663727041503161
4.429645641561608 -0.2706494701706835
4.4924774946334045 -0.2738193841958869
4.5553093477052 -0.2758855653401321
4.618141200776996 -0.2768553107652791
4.680973053848792 -0.2767397986592565
4.743804906920587 -0.2755538037526935
4.806636759992383 -0.27331542936322123
4.869468613064179 -0.2700458587862138
4.932300466135976 -0.26576912775071015
4.995132319207771 -0.260511918654764
5.057964172279567 -0.2543033764032147
5.120796025351362 -0.24717494490430086
5.183627878423159 -0.23916022264572914
5.246459731494955 -0.23029483526745625
5.3092915845667505 -0.22061632267566814
5.372123437638546 -0.21016403799557354
5.434955290710342 -0.1989790555328078
5.497787143782137 -0.18710408489588606
5.560618996853934 -0.17458338851525732
5.62345084992573 -0.1614626999670142
5.686282702997525 -0.14778914075909783
5.749114556069321 -0.13361113355202145
5.811946409141116 -0.11897831015104972
5.874778262212914 -0.10394141300822118
5.937610115284709 -0.08855218939594342
6.000441968356505 -0.07286327784430537
6.0632738214283 -0.05692808685702077
6.126105674500097 -0.04080066632170764
6.188937527571893 -0.024535572395526038
6.2517693806436885 -0.00818772696469248