0.031415926535897934 0.0009978004953599727
0.0942477796076938 0.0029870285463922236
0.15707963267948966 0.004957216549320747
0.21991148575128552 0.006895931832246013
0.2827433388230814 0.00879112626869709
0.34557519189487723 0.010631277362859858
0.4084070449666731 0.012405517186064781
0.47123889803846897 0.014103746491238788
0.5340707511102649 0.01571673186901818
0.5969026041820606 0.01723618440325266
0.6597344572538566 0.018654818904817343
0.7225663103256523 0.019966393421453354
0.7853981633974483 0.021165729310438555
0.8482300164692442 0.022248712696684027
0.91106186954104 0.02321227860259861
0.9738937226128359 0.02405437941461106
1.0367255756846319 0.024773939637090292
1.0995574287564276 0.025370799075594388
1.1623892818282235 0.02584564669086973
1.2252211349000193 0.026199947379819205
1.2880529879718152 0.026435863879951064
1.350884841043611 0.026556175871808377
1.413716694115407 0.02656419818290415
1.4765485471872026 0.026463699790242285
1.5393804002589986 0.026258825089562593
1.6022122533307945 0.0259540186597948
1.6650441064025903 0.025553954511167893
1.7278759594743862 0.02506347057345672
1.7907078125461822 0.02448750896366924
1.853539665617978 0.023831062374891427
1.9163715186897736 0.023099126753193425
1.9792033717615696 0.022296660279113176
2.0420352248333655 0.02142854854468328
2.104867077905162 0.020499575715623587
2.1676989309769574 0.019514401389801265
2.230530784048753 0.01847754280539133
2.2933626371205493 0.017393362013073302
2.356194490192345 0.016266057603539587
2.4190263432641403 0.015099660572062065
2.4818581963359367 0.013898033903349344
2.5446900494077322 0.01266487547008563
2.607521902479528 0.01140372385520687
2.670353755551324 0.010117966729188486
2.7331856086231197 0.008810851437681141
2.796017461694916 0.0074854974802533985
2.8588493147667116 0.006144910586523187
2.9216811678385075 0.004791998120545101
2.9845130209103035 0.0034295855670989353
3.047344873982099 0.0020604338738188918
3.1101767270538954 0.0006872574403623844
3.173008580125691 -0.0006872574403623844
3.2358404331974873 -0.0020604338738188918
3.2986722862692828 -0.0034295855670989353
3.3615041393410787 -0.004791998120545101
3.4243359924128747 -0.006144910586523187
3.48716784548467 -0.0074854974802533985
3.549999698556466 -0.008810851437681141
3.612831551628262 -0.010117966729188486
3.675663404700058 -0.01140372385520687
3.7384952577718535 -0.01266487547008563
3.8013271108436495 -0.013898033903349344
3.8641589639154454 -0.015099660572062065
3.9269908169872414 -0.016266057603539587
3.989822670059038 -0.017393362013073378
4.052654523130833 -0.01847754280539133
4.115486376202629 -0.019514401389801265
4.178318229274425 -0.020499575715623587
4.241150082346222 -0.02142854854468328
4.303981935418017 -0.022296660279113246
4.366813788489813 -0.023099126753193425
4.429645641561608 -0.023831062374891427
4.4924774946334045 -0.02448750896366924
4.5553093477052 -0.02506347057345672
4.618141200776996 -0.025553954511167893
4.680973053848792 -0.0259540186597948
4.743804906920587 -0.026258825089562593
4.806636759992383 -0.026463699790242285
4.869468613064179 -0.02656419818290415
4.932300466135976 -0.026556175871808377
4.995132319207771 -0.026435863879951213
5.057964172279567 -0.026199947379819205
5.120796025351362 -0.025845646690869806
5.183627878423159 -0.025370799075594388
5.246459731494955 -0.02477393963709022
5.3092915845667505 -0.02405437941461106
5.372123437638546 -0.02321227860259861
5.434955290710342 -0.022248712696684027
5.497787143782137 -0.021165729310438555
5.560618996853934 -0.01996639342145328
5.62345084992573 -0.018654818904817343
5.686282702997525 -0.01723618440325266
5.749114556069321 -0.015716731869018324
5.811946409141116 -0.01410374649123886
5.874778262212914 -0.012405517186064849
5.937610115284709 -0.010631277362859858
6.000441968356505 -0.00879112626869709
6.0632738214283 -0.006895931832246013
6.126105674500097 -0.004957216549320747
6.188937527571893 -0.0029870285463922236
6.2517693806436885 -0.0009978004953599727