0.031415926535897934 0.004635567525548289
0.0942477796076938 0.01389060697824172
0.15707963267948966 0.023097399454886515
0.21991148575128552 0.03222391292398528
0.2827433388230814 0.04123831390146899
0.34557519189487723 0.05010904613643874
0.4084070449666731 0.058804908631358135
0.47123889803846897 0.06729513290013422
0.5340707511102649 0.07554945943243781
0.5969026041820606 0.08353821340622196
0.6597344572538566 0.09123237976953084
0.7225663103256523 0.09860367789378009
0.7853981633974483 0.10562463607987198
0.8482300164692442 0.11226866627174974
0.91106186954104 0.11851013939515574
0.9738937226128359 0.12432446178831885
1.0367255756846319 0.1296881532220664
1.0995574287564276 0.13457892701566665
1.1623892818282235 0.13897577273815562
1.2252211349000193 0.14285904194002202
1.2880529879718152 0.146210537284592
1.350884841043611 0.14901360534061311
1.413716694115407 0.15125323315662517
1.4765485471872026 0.15291614856394084
1.5393804002589986 0.15399092394979716
1.6022122533307945 0.15446808300808765
1.6650441064025903 0.15434020971604176
1.7278759594743862 0.15360205850673692
1.7907078125461822 0.1522506643163788
1.853539665617978 0.1502854508903523
1.9163715186897736 0.14770833544305337
1.9792033717615696 0.1445238274946558
2.0420352248333655 0.1407391194654801
2.104867077905162 0.136364166408399
2.1676989309769574 0.13141175211481987
2.230530784048753 0.12589753875291598
2.2933626371205493 0.1198400971995926
2.356194490192345 0.11326091532001482
2.4190263432641403 0.10618438163773317
2.4818581963359367 0.09863774212857454
2.5446900494077322 0.09065102826263788
2.607521902479528 0.08225695490665318
2.670353755551324 0.07349078727454239
2.7331856086231197 0.06439017676335239
2.796017461694916 0.05499496621631481
2.8588493147667116 0.04534696589204595
2.9216811678385075 0.03548970216302431
2.9845130209103035 0.025468141689664808
3.047344873982099 0.015328394489895014
3.1101767270538954 0.005117399920442143
3.173008580125691 -0.005117399920442143
3.2358404331974873 -0.015328394489895014
3.2986722862692828 -0.025468141689664808
3.3615041393410787 -0.03548970216302431
3.4243359924128747 -0.04534696589204595
3.48716784548467 -0.05499496621631481
3.549999698556466 -0.06439017676335215
3.612831551628262 -0.07349078727454239
3.675663404700058 -0.08225695490665318
3.7384952577718535 -0.0906510282626377
3.8013271108436495 -0.09863774212857454
3.8641589639154454 -0.1061843816377331
3.9269908169872414 -0.11326091532001482
3.989822670059038 -0.11984009719959272
4.052654523130833 -0.12589753875291598
4.115486376202629 -0.13141175211481987
4.178318229274425 -0.13636416640839905
4.241150082346222 -0.1407391194654801
4.303981935418017 -0.1445238274946559
4.366813788489813 -0.14770833544305337
4.429645641561608 -0.15028545089035222
4.4924774946334045 -0.15225066431637874
4.5553093477052 -0.15360205850673692
4.618141200776996 -0.1543402097160417
4.680973053848792 -0.15446808300808765
4.743804906920587 -0.15399092394979716
4.806636759992383 -0.1529161485639408
4.869468613064179 -0.15125323315662517
4.932300466135976 -0.1490136053406131
4.995132319207771 -0.146210537284592
5.057964172279567 -0.14285904194002205
5.120796025351362 -0.1389757727381556
5.183627878423159 -0.13457892701566665
5.246459731494955 -0.12968815322206623
5.3092915845667505 -0.12432446178831885
5.372123437638546 -0.11851013939515574
5.434955290710342 -0.11226866627174976
5.497787143782137 -0.10562463607987206
5.560618996853934 -0.09860367789378013
5.62345084992573 -0.09123237976953084
5.686282702997525 -0.08353821340622196
5.749114556069321 -0.07554945943243789
5.811946409141116 -0.06729513290013436
5.874778262212914 -0.05880490863135811
5.937610115284709 -0.05010904613643874
6.000441968356505 -0.04123831390146899
6.0632738214283 -0.03222391292398529
6.126105674500097 -0.023097399454886515
6.188937527571893 -0.013890606978241633
6.2517693806436885 -0.004635567525548289