0.031415926535897934 0.0023098329267699875
0.0942477796076938 0.006922030839297515
0.15707963267948966 0.011511833648344582
0.21991148575128552 0.01606434048998023
0.2827433388230814 0.020564694797812828
0.34557519189487723 0.02499810300337975
0.4084070449666731 0.029349854221075323
0.47123889803846897 0.033605341202757225
0.5340707511102649 0.03775008284890187
0.5969026041820606 0.04176974856399768
0.6597344572538566 0.04565018474304896
0.7225663103256523 0.049377443672724126
0.7853981633974483 0.05293781512385846
0.8482300164692442 0.056317860900654056
0.91106186954104 0.05950445259487224
0.9738937226128359 0.06248481276943429
1.0367255756846319 0.06524655976394401
1.0995574287564276 0.06777775627359897
1.1623892818282235 0.07006696180170652
1.2252211349000193 0.07210328902365257
1.2880529879718152 0.07387646402598276
1.350884841043611 0.07537689029782743
1.413716694115407 0.07659571625314528
1.4765485471872026 0.07752490595156032
1.5393804002589986 0.07815731256379377
1.6022122533307945 0.07848675399631781
1.6650441064025903 0.07850808995102179
1.7278759594743862 0.07821729955220257
1.7907078125461822 0.07761155852864134
1.853539665617978 0.07668931479719125
1.9163715186897736 0.07545036116111431
1.9792033717615696 0.07389590371693462
2.0420352248333655 0.07202862446376061
2.104867077905162 0.06985273653512086
2.1676989309769574 0.06737403043152822
2.230530784048753 0.06459990962816488
2.2933626371205493 0.061539413971515376
2.356194490192345 0.058203229365711165
2.4190263432641403 0.0546036823867112
2.4818581963359367 0.050754718651396226
2.5446900494077322 0.04667186400838471
2.607521902479528 0.04237216790485904
2.670353755551324 0.037874128613525675
2.7331856086231197 0.03319760036829597
2.796017461694916 0.028363682846466134
2.8588493147667116 0.023394593837251284
2.9216811678385075 0.018313526338251018
2.9845130209103035 0.01314449170860678
3.047344873982099 0.007912150865877607
3.1101767270538954 0.0026416358291379404
3.173008580125691 -0.0026416358291379404
3.2358404331974873 -0.007912150865877607
3.2986722862692828 -0.01314449170860678
3.3615041393410787 -0.018313526338251018
3.4243359924128747 -0.023394593837251284
3.48716784548467 -0.028363682846466134
3.549999698556466 -0.033197600368295874
3.612831551628262 -0.037874128613525675
3.675663404700058 -0.04237216790485904
3.7384952577718535 -0.04667186400838473
3.8013271108436495 -0.050754718651396226
3.8641589639154454 -0.0546036823867112
3.9269908169872414 -0.058203229365711165
3.989822670059038 -0.061539413971515446
4.052654523130833 -0.06459990962816488
4.115486376202629 -0.06737403043152822
4.178318229274425 -0.06985273653512103
4.241150082346222 -0.07202862446376058
4.303981935418017 -0.07389590371693462
4.366813788489813 -0.07545036116111431
4.429645641561608 -0.07668931479719118
4.4924774946334045 -0.07761155852864134
4.5553093477052 -0.07821729955220257
4.618141200776996 -0.07850808995102179
4.680973053848792 -0.07848675399631781
4.743804906920587 -0.07815731256379377
4.806636759992383 -0.0775249059515604
4.869468613064179 -0.07659571625314528
4.932300466135976 -0.07537689029782742
4.995132319207771 -0.07387646402598276
5.057964172279567 -0.07210328902365258
5.120796025351362 -0.07006696180170653
5.183627878423159 -0.06777775627359897
5.246459731494955 -0.06524655976394401
5.3092915845667505 -0.06248481276943429
5.372123437638546 -0.05950445259487224
5.434955290710342 -0.05631786090065408
5.497787143782137 -0.05293781512385857
5.560618996853934 -0.049377443672724106
5.62345084992573 -0.04565018474304896
5.686282702997525 -0.04176974856399768
5.749114556069321 -0.037750082848901974
5.811946409141116 -0.033605341202757336
5.874778262212914 -0.029349854221075233
5.937610115284709 -0.02499810300337975
6.000441968356505 -0.020564694797812828
6.0632738214283 -0.016064340489980233
6.126105674500097 -0.011511833648344582
6.188937527571893 -0.006922030839297515
6.2517693806436885 -0.0023098329267699875