0.031415926535897934 0.003409475527695736
0.0942477796076938 0.010218540405774908
0.15707963267948966 0.016997945415462196
0.21991148575128552 0.023727913074602865
0.2827433388230814 0.03038866031426651
0.34557519189487723 0.036960397794615206
0.4084070449666731 0.04342333080460242
0.47123889803846897 0.04975766224434066
0.5340707511102649 0.05594359822159401
0.5969026041820606 0.06196135683133084
0.6597344572538566 0.06779118072807334
0.7225663103256523 0.07341335414309226
0.7853981633974483 0.07880822504008886
0.8482300164692442 0.08395623314131449
0.91106186954104 0.08883794458812794
0.9738937226128359 0.09343409402240525
1.0367255756846319 0.0977256348842377
1.0995574287564276 0.10169379871284673
1.1623892818282235 0.10532016420718716
1.2252211349000193 0.1085867367456279
1.2880529879718152 0.11147603897565218
1.350884841043611 0.11397121296003195
1.413716694115407 0.11605613420102309
1.4765485471872026 0.11771553765504447
1.5393804002589986 0.11893515559415821
1.6022122533307945 0.11970186686594902
1.6650441064025903 0.12000385675030159
1.7278759594743862 0.11983078621251003
1.7907078125461822 0.1191739689121868
1.853539665617978 0.11802655385471307
1.9163715186897736 0.11638371107800866
1.9792033717615696 0.11424281726735594
2.0420352248333655 0.111603637703632
2.104867077905162 0.10846850049770823
2.1676989309769574 0.10484245867095746
2.230530784048753 0.10073343533569148
2.2933626371205493 0.09615234703765468
2.356194490192345 0.09111320027231609
2.4190263432641403 0.08563315630188763
2.4818581963359367 0.07973255970034444
2.5446900494077322 0.07343492655201825
2.607521902479528 0.06676688892966749
2.670353755551324 0.05975809317395321
2.7331856086231197 0.05244105057010219
2.796017461694916 0.044850940239449924
2.8588493147667116 0.03702536539224476
2.9216811678385075 0.02900406547230582
2.9845130209103035 0.02082858810491478
3.047344873982099 0.012541926073397337
3.1101767270538954 0.00418812573337766
3.173008580125691 -0.00418812573337766
3.2358404331974873 -0.012541926073397337
3.2986722862692828 -0.02082858810491478
3.3615041393410787 -0.02900406547230582
3.4243359924128747 -0.03702536539224476
3.48716784548467 -0.044850940239449924
3.549999698556466 -0.05244105057010219
3.612831551628262 -0.05975809317395321
3.675663404700058 -0.06676688892966749
3.7384952577718535 -0.07343492655201825
3.8013271108436495 -0.07973255970034444
3.8641589639154454 -0.08563315630188763
3.9269908169872414 -0.09111320027231609
3.989822670059038 -0.09615234703765486
4.052654523130833 -0.10073343533569148
4.115486376202629 -0.10484245867095746
4.178318229274425 -0.1084685004977082
4.241150082346222 -0.111603637703632
4.303981935418017 -0.11424281726735594
4.366813788489813 -0.11638371107800866
4.429645641561608 -0.11802655385471307
4.4924774946334045 -0.1191739689121868
4.5553093477052 -0.11983078621251003
4.618141200776996 -0.12000385675030165
4.680973053848792 -0.11970186686594902
4.743804906920587 -0.11893515559415821
4.806636759992383 -0.11771553765504447
4.869468613064179 -0.11605613420102309
4.932300466135976 -0.11397121296003199
4.995132319207771 -0.11147603897565218
5.057964172279567 -0.1085867367456279
5.120796025351362 -0.10532016420718725
5.183627878423159 -0.10169379871284673
5.246459731494955 -0.0977256348842377
5.3092915845667505 -0.09343409402240525
5.372123437638546 -0.08883794458812794
5.434955290710342 -0.08395623314131449
5.497787143782137 -0.07880822504008898
5.560618996853934 -0.07341335414309226
5.62345084992573 -0.06779118072807334
5.686282702997525 -0.06196135683133084
5.749114556069321 -0.05594359822159401
5.811946409141116 -0.049757662244340736
5.874778262212914 -0.04342333080460242
5.937610115284709 -0.036960397794615206
6.000441968356505 -0.03038866031426651
6.0632738214283 -0.02372791307460296
6.126105674500097 -0.016997945415462196
6.188937527571893 -0.010218540405774908
6.2517693806436885 -0.003409475527695736