0.031415926535897934 0.005758663397364154
0.0942477796076938 0.01720263838369613
0.15707963267948966 0.028428783049137332
0.21991148575128552 0.03929916620037121
0.2827433388230814 0.04968635409961911
0.34557519189487723 0.0594767785178638
0.4084070449666731 0.06857336438148844
0.47123889803846897 0.07689732128958976
0.5340707511102649 0.0843890690908736
0.5969026041820606 0.09100832963756161
0.6597344572538566 0.09673346884718333
0.7225663103256523 0.1015602114035995
0.7853981633974483 0.10549987317840977
0.8482300164692442 0.10857726419477716
0.91106186954104 0.11082840973723526
0.9738937226128359 0.11229822207746396
1.0367255756846319 0.11303823366158834
1.0995574287564276 0.11310447778037513
1.1623892818282235 0.11255557752108417
1.2252211349000193 0.11145108029982985
1.2880529879718152 0.10985005489178362
1.350884841043611 0.10780995134324187
1.413716694115407 0.10538571165122615
1.4765485471872026 0.10262911042346969
1.5393804002589986 0.0995882994229428
1.6022122533307945 0.096307527366408
1.6650441064025903 0.09282700596232703
1.7278759594743862 0.08918289434837476
1.7907078125461822 0.08540737630324015
1.853539665617978 0.08152880743215081
1.9163715186897736 0.07757191262563494
1.9792033717615696 0.07355801721952474
2.0420352248333655 0.06950529827074599
2.104867077905162 0.06542904510049853
2.1676989309769574 0.06134192068536098
2.230530784048753 0.057254217575257456
2.2933626371205493 0.05317410378807089
2.356194490192345 0.04910785559352185
2.4190263432641403 0.04506007528313746
2.4818581963359367 0.04103389296281391
2.5446900494077322 0.03703115213502693
2.607521902479528 0.03305257939341651
2.670353755551324 0.02909793896497901
2.7331856086231197 0.025166173132826992
2.796017461694916 0.021255529780139844
2.8588493147667116 0.01736367843464436
2.9216811678385075 0.013487816280332476
2.9845130209103035 0.009624765653680355
3.047344873982099 0.005771064566996721
3.1101767270538954 0.001923051810970406
3.173008580125691 -0.001923051810970406
3.2358404331974873 -0.005771064566996721
3.2986722862692828 -0.009624765653680355
3.3615041393410787 -0.013487816280332476
3.4243359924128747 -0.01736367843464436
3.48716784548467 -0.021255529780139844
3.549999698556466 -0.025166173132826933
3.612831551628262 -0.02909793896497901
3.675663404700058 -0.03305257939341651
3.7384952577718535 -0.03703115213502693
3.8013271108436495 -0.04103389296281391
3.8641589639154454 -0.04506007528313746
3.9269908169872414 -0.04910785559352185
3.989822670059038 -0.05317410378807105
4.052654523130833 -0.057254217575257456
4.115486376202629 -0.06134192068536098
4.178318229274425 -0.06542904510049853
4.241150082346222 -0.06950529827074599
4.303981935418017 -0.07355801721952486
4.366813788489813 -0.07757191262563494
4.429645641561608 -0.08152880743215087
4.4924774946334045 -0.08540737630324025
4.5553093477052 -0.08918289434837476
4.618141200776996 -0.09282700596232697
4.680973053848792 -0.09630752736640798
4.743804906920587 -0.0995882994229428
4.806636759992383 -0.10262911042346969
4.869468613064179 -0.10538571165122615
4.932300466135976 -0.10780995134324187
4.995132319207771 -0.10985005489178368
5.057964172279567 -0.11145108029982977
5.120796025351362 -0.11255557752108408
5.183627878423159 -0.11310447778037513
5.246459731494955 -0.11303823366158831
5.3092915845667505 -0.11229822207746396
5.372123437638546 -0.11082840973723526
5.434955290710342 -0.10857726419477728
5.497787143782137 -0.10549987317840977
5.560618996853934 -0.1015602114035995
5.62345084992573 -0.09673346884718333
5.686282702997525 -0.09100832963756161
5.749114556069321 -0.08438906909087371
5.811946409141116 -0.07689732128958988
5.874778262212914 -0.06857336438148846
5.937610115284709 -0.0594767785178638
6.000441968356505 -0.04968635409961911
6.0632738214283 -0.03929916620037131
6.126105674500097 -0.028428783049137332
6.188937527571893 -0.017202638383696033
6.2517693806436885 -0.005758663397364154