0.031415926535897934 0.0033703397177346117
0.0942477796076938 0.010101085352250558
0.15707963267948966 0.01680203070929886
0.21991148575128552 0.023453312883064285
0.2827433388230814 0.03003507557137636
0.34557519189487723 0.03652747310147111
0.4084070449666731 0.042910675873430615
0.47123889803846897 0.04916487767279128
0.5340707511102649 0.055270305336461836
0.5969026041820606 0.06120723129353879
0.6597344572538566 0.06695598954330076
0.7225663103256523 0.0724969956747656
0.7853981633974483 0.07781077157348486
0.8482300164692442 0.08287797549918648
0.91106186954104 0.08767943824952124
0.9738937226128359 0.09219620614724561
1.0367255756846319 0.09640959159703713
1.0995574287564276 0.1003012319498326
1.1623892818282235 0.1038531573828893
1.2252211349000193 0.10704786844830298
1.2880529879718152 0.10986842385703707
1.350884841043611 0.11229853894531525
1.413716694115407 0.11432269511151479
1.4765485471872026 0.11592626031111745
1.5393804002589986 0.11709562045234605
1.6022122533307945 0.11781832124469724
1.6650441064025903 0.11808321971715688
1.7278759594743862 0.11788064424506209
1.7907078125461822 0.11720256150945797
1.853539665617978 0.11604274836834062
1.9163715186897736 0.11439696615651307
1.9792033717615696 0.1122631344643361
2.0420352248333655 0.10964150099316415
2.104867077905162 0.10653480366747782
2.1676989309769574 0.10294842082397705
2.230530784048753 0.09889050502114634
2.2933626371205493 0.0943720958446051
2.356194490192345 0.08940720704852699
2.4190263432641403 0.0840128834936114
2.4818581963359367 0.07820922363506964
2.5446900494077322 0.07201936379107277
2.607521902479528 0.06546942108615594
2.670353755551324 0.05858839280863821
2.7331856086231197 0.0514080109290389
2.796017461694916 0.04396255166967887
2.8588493147667116 0.03628860125562685
2.9216811678385075 0.028424780266261832
2.9845130209103035 0.020411430290526396
3.047344873982099 0.012290267809009891
3.1101767270538954 0.004104011323693798
3.173008580125691 -0.004104011323693798
3.2358404331974873 -0.012290267809009891
3.2986722862692828 -0.020411430290526396
3.3615041393410787 -0.028424780266261832
3.4243359924128747 -0.03628860125562685
3.48716784548467 -0.04396255166967887
3.549999698556466 -0.051408010929038815
3.612831551628262 -0.05858839280863821
3.675663404700058 -0.06546942108615594
3.7384952577718535 -0.07201936379107268
3.8013271108436495 -0.07820922363506964
3.8641589639154454 -0.0840128834936114
3.9269908169872414 -0.08940720704852699
3.989822670059038 -0.09437209584460515
4.052654523130833 -0.09889050502114634
4.115486376202629 -0.10294842082397705
4.178318229274425 -0.10653480366747786
4.241150082346222 -0.10964150099316422
4.303981935418017 -0.1122631344643362
4.366813788489813 -0.11439696615651307
4.429645641561608 -0.11604274836834062
4.4924774946334045 -0.11720256150945797
4.5553093477052 -0.11788064424506209
4.618141200776996 -0.11808321971715688
4.680973053848792 -0.11781832124469724
4.743804906920587 -0.11709562045234602
4.806636759992383 -0.1159262603111175
4.869468613064179 -0.11432269511151479
4.932300466135976 -0.1122985389453152
4.995132319207771 -0.10986842385703707
5.057964172279567 -0.107047868448303
5.120796025351362 -0.10385315738288929
5.183627878423159 -0.1003012319498326
5.246459731494955 -0.09640959159703712
5.3092915845667505 -0.09219620614724561
5.372123437638546 -0.08767943824952124
5.434955290710342 -0.08287797549918648
5.497787143782137 -0.0778107715734849
5.560618996853934 -0.0724969956747656
5.62345084992573 -0.06695598954330076
5.686282702997525 -0.06120723129353879
5.749114556069321 -0.05527030533646184
5.811946409141116 -0.04916487767279137
5.874778262212914 -0.042910675873430615
5.937610115284709 -0.03652747310147111
6.000441968356505 -0.03003507557137636
6.0632738214283 -0.023453312883064285
6.126105674500097 -0.01680203070929886
6.188937527571893 -0.010101085352250558
6.2517693806436885 -0.0033703397177346117