0.031415926535897934 0.000300484735098632
0.0942477796076938 0.0009002976632043465
0.15707963267948966 0.0014966450793921194
0.21991148575128552 0.002087230347327719
0.2827433388230814 0.002669777354519727
0.34557519189487723 0.003242038654521239
0.4084070449666731 0.003801803541362782
0.47123889803846897 0.004346906036244937
0.5340707511102649 0.004875232766083382
0.5969026041820606 0.005384730712982142
0.6597344572538566 0.00587341481313614
0.7225663103256523 0.006339375383032459
0.7853981633974483 0.006780785350163284
0.8482300164692442 0.007195907264780874
0.91106186954104 0.007583100068560771
0.9738937226128359 0.007940825595388064
1.0367255756846319 0.008267654778892184
1.0995574287564276 0.00856227354083035
1.1623892818282235 0.008823488333996864
1.2252211349000193 0.009050231313041671
1.2880529879718152 0.009241565106423773
1.350884841043611 0.009396687162759472
1.413716694115407 0.00951493364504313
1.4765485471872026 0.009595782846669804
1.5393804002589986 0.009638858103880179
1.6022122533307945 0.009643930180202048
1.6650441064025903 0.009610919099703713
1.7278759594743862 0.009539895407397555
1.7907078125461822 0.009431080836975764
1.853539665617978 0.009284848368193462
1.9163715186897736 0.009101721658677902
1.9792033717615696 0.00888237383769215
2.0420352248333655 0.008627625652444638
2.104867077905162 0.008338442960867857
2.1676989309769574 0.008015933568390494
2.230530784048753 0.007661343410053477
2.2933626371205493 0.0072760520833590496
2.356194490192345 0.006861567741438102
2.4190263432641403 0.00641952136044477
2.4818581963359367 0.005951660399483398
2.5446900494077322 0.005459841875807211
2.607521902479528 0.004946024882420999
2.670353755551324 0.004412262579550555
2.7331856086231197 0.0038606936956190117
2.796017461694916 0.0032935335773764465
2.8588493147667116 0.0027130648325625548
2.9216811678385075 0.0021216276119476
2.9845130209103035 0.0015216095806825823
3.047344873982099 0.0009154356316089286
3.1101767270538954 0.00030555739544305203
3.173008580125691 -0.00030555739544305203
3.2358404331974873 -0.0009154356316089286
3.2986722862692828 -0.0015216095806825823
3.3615041393410787 -0.0021216276119476
3.4243359924128747 -0.0027130648325625548
3.48716784548467 -0.0032935335773764465
3.549999698556466 -0.0038606936956190117
3.612831551628262 -0.004412262579550555
3.675663404700058 -0.004946024882420999
3.7384952577718535 -0.005459841875807213
3.8013271108436495 -0.005951660399483398
3.8641589639154454 -0.00641952136044477
3.9269908169872414 -0.006861567741438102
3.989822670059038 -0.007276052083359047
4.052654523130833 -0.007661343410053477
4.115486376202629 -0.008015933568390494
4.178318229274425 -0.008338442960867852
4.241150082346222 -0.00862762565244456
4.303981935418017 -0.008882373837692146
4.366813788489813 -0.009101721658677902
4.429645641561608 -0.009284848368193462
4.4924774946334045 -0.009431080836975698
4.5553093477052 -0.009539895407397555
4.618141200776996 -0.009610919099703765
4.680973053848792 -0.009643930180202048
4.743804906920587 -0.00963885810388018
4.806636759992383 -0.009595782846669808
4.869468613064179 -0.00951493364504313
4.932300466135976 -0.00939668716275939
4.995132319207771 -0.009241565106423768
5.057964172279567 -0.009050231313041675
5.120796025351362 -0.008823488333996932
5.183627878423159 -0.00856227354083035
5.246459731494955 -0.008267654778892174
5.3092915845667505 -0.007940825595388064
5.372123437638546 -0.007583100068560771
5.434955290710342 -0.007195907264780882
5.497787143782137 -0.006780785350163299
5.560618996853934 -0.006339375383032453
5.62345084992573 -0.00587341481313614
5.686282702997525 -0.005384730712982142
5.749114556069321 -0.004875232766083449
5.811946409141116 -0.004346906036244946
5.874778262212914 -0.003801803541362692
5.937610115284709 -0.003242038654521239
6.000441968356505 -0.002669777354519727
6.0632738214283 -0.002087230347327725
6.126105674500097 -0.0014966450793921194
6.188937527571893 -0.0009002976632044237
6.2517693806436885 -0.000300484735098632