0.031415926535897934 0.008880396307152849
0.0942477796076938 0.026607542048545707
0.15707963267948966 0.0442338818853156
0.21991148575128552 0.0616926595676394
0.2827433388230814 0.0789177856590725
0.34557519189487723 0.0958440949894532
0.4084070449666731 0.11240759520353484
0.47123889803846897 0.12854570437083426
0.5340707511102649 0.14419747597648538
0.5969026041820606 0.15930381001652122
0.6597344572538566 0.1738076493584406
0.7225663103256523 0.187654160982491
0.7853981633974483 0.2007909021737105
0.8482300164692442 0.2131679721725534
0.91106186954104 0.2247381501967378
0.9738937226128359 0.23545702110406602
1.0367255756846319 0.245283090262314
1.0995574287564276 0.2541778894169368
1.1623892818282235 0.26210607549168985
1.2252211349000193 0.2690355243151406
1.2880529879718152 0.2749374212339334
1.350884841043611 0.2797863504505083
1.413716694115407 0.28356038471042166
1.4765485471872026 0.286241176666499
1.5393804002589986 0.2878140528704251
1.6022122533307945 0.2882681108959736
1.6650441064025903 0.2875963195932645
1.7278759594743862 0.28579562192379454
1.7907078125461822 0.28286703924725
1.853539665617978 0.2788157753410194
1.9163715186897736 0.27365131785138147
1.9792033717615696 0.26738753432248236
2.0420352248333655 0.26004275944738847
2.104867077905162 0.2516398697570875
2.1676989309769574 0.24220634163038726
2.230530784048753 0.23177428829114416
2.2933626371205493 0.2203804713779459
2.356194490192345 0.20806628274078495
2.4190263432641403 0.1948776923506638
2.4818581963359367 0.18086515860723626
2.5446900494077322 0.16608349789599722
2.607521902479528 0.15059171097252405
2.670353755551324 0.1344527646216854
2.7331856086231197 0.11773332803178321
2.796017461694916 0.10050346440737001
2.8588493147667116 0.08283627948372131
2.9216811678385075 0.06480752975946066
2.9845130209103035 0.046495194387354506
3.047344873982099 0.02797901571142026
3.1101767270538954 0.00934001436735369
3.173008580125691 -0.00934001436735369
3.2358404331974873 -0.02797901571142026
3.2986722862692828 -0.046495194387354506
3.3615041393410787 -0.06480752975946066
3.4243359924128747 -0.08283627948372131
3.48716784548467 -0.10050346440737001
3.549999698556466 -0.1177333280317831
3.612831551628262 -0.1344527646216854
3.675663404700058 -0.15059171097252405
3.7384952577718535 -0.16608349789599705
3.8013271108436495 -0.18086515860723626
3.8641589639154454 -0.1948776923506637
3.9269908169872414 -0.20806628274078495
3.989822670059038 -0.22038047137794609
4.052654523130833 -0.23177428829114416
4.115486376202629 -0.24220634163038726
4.178318229274425 -0.2516398697570877
4.241150082346222 -0.2600427594473886
4.303981935418017 -0.26738753432248236
4.366813788489813 -0.27365131785138147
4.429645641561608 -0.2788157753410192
4.4924774946334045 -0.2828670392472501
4.5553093477052 -0.28579562192379454
4.618141200776996 -0.2875963195932645
4.680973053848792 -0.28826811089597365
4.743804906920587 -0.2878140528704251
4.806636759992383 -0.28624117666649895
4.869468613064179 -0.28356038471042166
4.932300466135976 -0.2797863504505083
4.995132319207771 -0.2749374212339335
5.057964172279567 -0.2690355243151408
5.120796025351362 -0.26210607549168974
5.183627878423159 -0.2541778894169368
5.246459731494955 -0.24528309026231376
5.3092915845667505 -0.23545702110406602
5.372123437638546 -0.2247381501967378
5.434955290710342 -0.2131679721725535
5.497787143782137 -0.20079090217371073
5.560618996853934 -0.18765416098249083
5.62345084992573 -0.1738076493584406
5.686282702997525 -0.15930381001652122
5.749114556069321 -0.14419747597648544
5.811946409141116 -0.12854570437083448
5.874778262212914 -0.11240759520353473
5.937610115284709 -0.0958440949894532
6.000441968356505 -0.0789177856590725
6.0632738214283 -0.0616926595676394
6.126105674500097 -0.0442338818853156
6.188937527571893 -0.026607542048545606
6.2517693806436885 -0.008880396307152849