0.031415926535897934 0.00380635137984885
0.0942477796076938 0.01140585366353247
0.15707963267948966 0.018965785576539863
0.21991148575128552 0.026459870374623298
0.2827433388230814 0.033861986496478855
0.34557519189487723 0.04114622951036123
0.4084070449666731 0.04828697397107505
0.47123889803846897 0.05525893521258007
0.5340707511102649 0.06203723113626627
0.5969026041820606 0.06859744409390608
0.6597344572538566 0.07491568300538907
0.7225663103256523 0.08096864589228758
0.7853981633974483 0.08673368304666383
0.8482300164692442 0.09218886108770628
0.91106186954104 0.09731302818412296
0.9738937226128359 0.10208588073509045
1.0367255756846319 0.10648803180438524
1.0995574287564276 0.11050108158872367
1.1623892818282235 0.11410769017016077
1.2252211349000193 0.1172916527518378
1.2880529879718152 0.12003797750506578
1.350884841043611 0.12233296606284004
1.413716694115407 0.12416429658020355
1.4765485471872026 0.12552110914593462
1.5393804002589986 0.1263940931741843
1.6022122533307945 0.12677557623117863
1.6650441064025903 0.12665961356417335
1.7278759594743862 0.12604207740174125
1.7907078125461822 0.12492074489148011
1.853539665617978 0.12329538333960231
1.9163715186897736 0.1211678312238227
1.9792033717615696 0.11854207327443964
2.0420352248333655 0.11542430776702951
2.104867077905162 0.11182300405257017
2.1676989309769574 0.1077489482758073
2.230530784048753 0.10321527520857683
2.2933626371205493 0.09823748415895253
2.356194490192345 0.09283343701548226
2.4190263432641403 0.08702333665246521
2.4818581963359367 0.0808296841589795
2.5446900494077322 0.07427721366016818
2.607521902479528 0.06739280387014916
2.670353755551324 0.06020536594463718
2.7331856086231197 0.05274570767761807
2.796017461694916 0.0450463745969152
2.8588493147667116 0.03714146904239745
2.9216811678385075 0.02906644884011788
2.9845130209103035 0.020857907696857518
3.047344873982099 0.012553339913127974
3.1101767270538954 0.004190892430065021
3.173008580125691 -0.004190892430065021
3.2358404331974873 -0.012553339913127974
3.2986722862692828 -0.020857907696857518
3.3615041393410787 -0.02906644884011788
3.4243359924128747 -0.03714146904239745
3.48716784548467 -0.0450463745969152
3.549999698556466 -0.05274570767761807
3.612831551628262 -0.06020536594463718
3.675663404700058 -0.06739280387014916
3.7384952577718535 -0.07427721366016818
3.8013271108436495 -0.0808296841589795
3.8641589639154454 -0.08702333665246521
3.9269908169872414 -0.09283343701548226
3.989822670059038 -0.09823748415895268
4.052654523130833 -0.10321527520857683
4.115486376202629 -0.1077489482758073
4.178318229274425 -0.1118230040525702
4.241150082346222 -0.11542430776702955
4.303981935418017 -0.11854207327443977
4.366813788489813 -0.1211678312238227
4.429645641561608 -0.12329538333960219
4.4924774946334045 -0.12492074489148025
4.5553093477052 -0.12604207740174125
4.618141200776996 -0.1266596135641732
4.680973053848792 -0.1267755762311786
4.743804906920587 -0.12639409317418424
4.806636759992383 -0.12552110914593473
4.869468613064179 -0.12416429658020355
4.932300466135976 -0.1223329660628401
4.995132319207771 -0.12003797750506578
5.057964172279567 -0.11729165275183777
5.120796025351362 -0.11410769017016081
5.183627878423159 -0.11050108158872367
5.246459731494955 -0.10648803180438518
5.3092915845667505 -0.10208588073509045
5.372123437638546 -0.09731302818412296
5.434955290710342 -0.09218886108770633
5.497787143782137 -0.08673368304666386
5.560618996853934 -0.08096864589228757
5.62345084992573 -0.07491568300538907
5.686282702997525 -0.06859744409390608
5.749114556069321 -0.062037231136266385
5.811946409141116 -0.05525893521258019
5.874778262212914 -0.04828697397107502
5.937610115284709 -0.04114622951036123
6.000441968356505 -0.033861986496478855
6.0632738214283 -0.026459870374623298
6.126105674500097 -0.018965785576539863
6.188937527571893 -0.011405853663532398
6.2517693806436885 -0.00380635137984885