0.031415926535897934 0.004688192542066656
0.0942477796076938 0.014049006223165248
0.15707963267948966 0.02336313594626307
0.21991148575128552 0.0325995598541983
0.2827433388230814 0.04172740707711982
0.34557519189487723 0.05071601779075658
0.4084070449666731 0.059535003014360675
0.47123889803846897 0.06815430417986142
0.5340707511102649 0.07654425257780727
0.5969026041820606 0.08467562887028687
0.6597344572538566 0.09251972295288644
0.7225663103256523 0.1000483945430448
0.7853981633974483 0.10723413496674086
0.8482300164692442 0.1140501307047955
0.91106186954104 0.12047032933945193
0.9738937226128359 0.1264695086064623
1.0367255756846319 0.13202334930269047
1.0995574287564276 0.1371085128193749
1.1623892818282235 0.1417027240619317
1.2252211349000193 0.1457848604740686
1.2880529879718152 0.1493350478030317
1.350884841043611 0.1523347631205993
1.413716694115407 0.15476694544840175
1.4765485471872026 0.15661611412473947
1.5393804002589986 0.15786849479301515
1.6022122533307945 0.1585121525905126
1.6650441064025903 0.15853713177363715
1.7278759594743862 0.15793560063710163
1.7907078125461822 0.15670200017738903
1.853539665617978 0.1548331945251537
1.9163715186897736 0.1523286207395565
1.9792033717615696 0.14919043513491753
2.0420352248333655 0.14542365291383297
2.104867077905162 0.14103627753029077
2.1676989309769574 0.1360394159218426
2.230530784048753 0.13044737555256453
2.2933626371205493 0.12427773911881106
2.356194490192345 0.11755141280629304
2.4190263432641403 0.11029264416536733
2.4818581963359367 0.10252900600265605
2.5446900494077322 0.0942913431764315
2.607521902479528 0.08561367982877699
2.670353755551324 0.07653308537970488
2.7331856086231197 0.0670894985290521
2.796017461694916 0.05732550953476637
2.8588493147667116 0.04728610212708536
2.9216811678385075 0.03701835753668019
2.9845130209103035 0.026571124216148444
3.047344873982099 0.01599465787111208
3.1101767270538954 0.005340237342993215
3.173008580125691 -0.005340237342993215
3.2358404331974873 -0.01599465787111208
3.2986722862692828 -0.026571124216148444
3.3615041393410787 -0.03701835753668019
3.4243359924128747 -0.04728610212708536
3.48716784548467 -0.05732550953476637
3.549999698556466 -0.06708949852905201
3.612831551628262 -0.07653308537970488
3.675663404700058 -0.08561367982877699
3.7384952577718535 -0.09429134317643145
3.8013271108436495 -0.10252900600265605
3.8641589639154454 -0.11029264416536733
3.9269908169872414 -0.11755141280629304
3.989822670059038 -0.12427773911881129
4.052654523130833 -0.13044737555256453
4.115486376202629 -0.1360394159218426
4.178318229274425 -0.14103627753029088
4.241150082346222 -0.14542365291383294
4.303981935418017 -0.14919043513491761
4.366813788489813 -0.1523286207395565
4.429645641561608 -0.1548331945251537
4.4924774946334045 -0.15670200017738908
4.5553093477052 -0.15793560063710163
4.618141200776996 -0.15853713177363724
4.680973053848792 -0.15851215259051263
4.743804906920587 -0.15786849479301515
4.806636759992383 -0.15661611412473944
4.869468613064179 -0.15476694544840175
4.932300466135976 -0.15233476312059913
4.995132319207771 -0.14933504780303175
5.057964172279567 -0.1457848604740686
5.120796025351362 -0.1417027240619317
5.183627878423159 -0.1371085128193749
5.246459731494955 -0.1320233493026903
5.3092915845667505 -0.1264695086064623
5.372123437638546 -0.12047032933945193
5.434955290710342 -0.1140501307047956
5.497787143782137 -0.10723413496674103
5.560618996853934 -0.1000483945430448
5.62345084992573 -0.09251972295288644
5.686282702997525 -0.08467562887028687
5.749114556069321 -0.07654425257780738
5.811946409141116 -0.06815430417986164
5.874778262212914 -0.059535003014360655
5.937610115284709 -0.05071601779075658
6.000441968356505 -0.04172740707711982
6.0632738214283 -0.03259955985419839
6.126105674500097 -0.02336313594626307
6.188937527571893 -0.014049006223165173
6.2517693806436885 -0.004688192542066656