0.031415926535897934 0.007192144859927548
0.0942477796076938 0.02155432329599894
0.15707963267948966 0.03585020189778037
0.21991148575128552 0.05003569369616867
0.2827433388230814 0.06406687948825984
0.34557519189487723 0.0779000718214728
0.4084070449666731 0.09149187610096568
0.47123889803846897 0.10479924834204342
0.5340707511102649 0.11777954933436566
0.5969026041820606 0.13039059527076485
0.6597344572538566 0.1425907052127414
0.7225663103256523 0.1543387461086165
0.7853981633974483 0.16559417643942204
0.8482300164692442 0.17631708993170087
0.91106186954104 0.1864682611345669
0.9738937226128359 0.1960091949991351
1.0367255756846319 0.20490218290954818
1.0995574287564276 0.2131103678834845
1.1623892818282235 0.2205978218726294
1.2252211349000193 0.22732963823583818
1.2880529879718152 0.2332720425146102
1.350884841043611 0.23839252459645077
1.413716694115407 0.24265999519080228
1.4765485471872026 0.24604496924868907
1.5393804002589986 0.2485197785159962
1.6022122533307945 0.25005881480805353
1.6650441064025903 0.2506388048194552
1.7278759594743862 0.2502391163317594
1.7907078125461822 0.2488420945529705
1.853539665617978 0.24643342602467147
1.9163715186897736 0.2430025260836491
1.9792033717615696 0.23854294429517123
2.0420352248333655 0.2330527806286621
2.104867077905162 0.22653510348199485
2.1676989309769574 0.21899835905122234
2.230530784048753 0.21045676007520325
2.2933626371205493 0.20093064075703732
2.356194490192345 0.1904467637809389
2.4190263432641403 0.17903856490916936
2.4818581963359367 0.1667463207568052
2.5446900494077322 0.15361722608434766
2.607521902479528 0.1397053683759285
2.670353755551324 0.12507158960591516
2.7331856086231197 0.1097832279183373
2.796017461694916 0.09391373538315952
2.8588493147667116 0.07754217193279085
2.9216811678385075 0.060752579856000626
2.9845130209103035 0.043633247629687254
3.047344873982099 0.026275876169147172
3.1101767270538954 0.00877466453064711
3.173008580125691 -0.00877466453064711
3.2358404331974873 -0.026275876169147172
3.2986722862692828 -0.043633247629687254
3.3615041393410787 -0.060752579856000626
3.4243359924128747 -0.07754217193279085
3.48716784548467 -0.09391373538315952
3.549999698556466 -0.1097832279183371
3.612831551628262 -0.12507158960591516
3.675663404700058 -0.1397053683759285
3.7384952577718535 -0.15361722608434764
3.8013271108436495 -0.1667463207568052
3.8641589639154454 -0.17903856490916936
3.9269908169872414 -0.1904467637809389
3.989822670059038 -0.2009306407570375
4.052654523130833 -0.21045676007520325
4.115486376202629 -0.21899835905122234
4.178318229274425 -0.22653510348199488
4.241150082346222 -0.2330527806286621
4.303981935418017 -0.2385429442951711
4.366813788489813 -0.2430025260836491
4.429645641561608 -0.24643342602467141
4.4924774946334045 -0.2488420945529705
4.5553093477052 -0.2502391163317594
4.618141200776996 -0.2506388048194553
4.680973053848792 -0.2500588148080536
4.743804906920587 -0.2485197785159962
4.806636759992383 -0.2460449692486891
4.869468613064179 -0.24265999519080228
4.932300466135976 -0.23839252459645072
4.995132319207771 -0.23327204251461
5.057964172279567 -0.22732963823583824
5.120796025351362 -0.22059782187262955
5.183627878423159 -0.2131103678834845
5.246459731494955 -0.20490218290954823
5.3092915845667505 -0.1960091949991351
5.372123437638546 -0.1864682611345669
5.434955290710342 -0.1763170899317009
5.497787143782137 -0.16559417643942229
5.560618996853934 -0.15433874610861642
5.62345084992573 -0.1425907052127414
5.686282702997525 -0.13039059527076485
5.749114556069321 -0.11777954933436575
5.811946409141116 -0.10479924834204357
5.874778262212914 -0.09149187610096558
5.937610115284709 -0.0779000718214728
6.000441968356505 -0.06406687948825984
6.0632738214283 -0.05003569369616874
6.126105674500097 -0.03585020189778037
6.188937527571893 -0.02155432329599887
6.2517693806436885 -0.007192144859927548