0.031415926535897934 0.004630261243363937
0.0942477796076938 0.013878056796539692
0.15707963267948966 0.023087666072822154
0.21991148575128552 0.03223361341938586
0.2827433388230814 0.04129039640885001
0.34557519189487723 0.05023247602271794
0.4084070449666731 0.0590342678154142
0.47123889803846897 0.06767013446231473
0.5340707511102649 0.07611438018486284
0.5969026041820606 0.08434124765231794
0.6597344572538566 0.09232491808089337
0.7225663103256523 0.10003951538440004
0.7853981633974483 0.1074591153728961
0.8482300164692442 0.11455776114337533
0.91106186954104 0.12130948595461674
0.9738937226128359 0.12768834502142873
1.0367255756846319 0.1336684577951943
1.0995574287564276 0.13922406241027493
1.1623892818282235 0.14432958406081212
1.2252211349000193 0.14895971911989775
1.2880529879718152 0.153089536812096
1.350884841043611 0.15669460018893938
1.413716694115407 0.15975110802274908
1.4765485471872026 0.16223605901400873
1.5393804002589986 0.1641274393889582
1.6022122533307945 0.16540443453550557
1.6650441064025903 0.1660476647774502
1.7278759594743862 0.1660394447131169
1.7907078125461822 0.1653640647431591
1.853539665617978 0.1640080924879935
1.9163715186897736 0.16196069076026398
1.9792033717615696 0.1592139476332632
2.0420352248333655 0.15576321296407095
2.104867077905162 0.15160743453317863
2.1676989309769574 0.14674948580457967
2.230530784048753 0.14119647625612616
2.2933626371205493 0.13496003435207843
2.356194490192345 0.12805655260607546
2.4190263432641403 0.12050738389156845
2.4818581963359367 0.11233897827128855
2.5446900494077322 0.1035829501988285
2.607521902479528 0.09427606703621735
2.670353755551324 0.08446015144791237
2.7331856086231197 0.07418189235858309
2.796017461694916 0.0634925617483811
2.8588493147667116 0.05244763751687644
2.9216811678385075 0.041106335852147326
2.9845130209103035 0.02953105984163558
3.047344873982099 0.017786774282709996
3.1101767270538954 0.005940319611217283
3.173008580125691 -0.005940319611217283
3.2358404331974873 -0.017786774282709996
3.2986722862692828 -0.02953105984163558
3.3615041393410787 -0.041106335852147326
3.4243359924128747 -0.05244763751687644
3.48716784548467 -0.0634925617483811
3.549999698556466 -0.074181892358583
3.612831551628262 -0.08446015144791237
3.675663404700058 -0.09427606703621735
3.7384952577718535 -0.10358295019882842
3.8013271108436495 -0.11233897827128855
3.8641589639154454 -0.12050738389156845
3.9269908169872414 -0.12805655260607546
3.989822670059038 -0.1349600343520785
4.052654523130833 -0.14119647625612616
4.115486376202629 -0.14674948580457967
4.178318229274425 -0.15160743453317874
4.241150082346222 -0.15576321296407095
4.303981935418017 -0.1592139476332632
4.366813788489813 -0.16196069076026398
4.429645641561608 -0.1640080924879935
4.4924774946334045 -0.16536406474315898
4.5553093477052 -0.1660394447131169
4.618141200776996 -0.1660476647774502
4.680973053848792 -0.1654044345355056
4.743804906920587 -0.16412743938895819
4.806636759992383 -0.1622360590140088
4.869468613064179 -0.15975110802274908
4.932300466135976 -0.15669460018893938
4.995132319207771 -0.15308953681209597
5.057964172279567 -0.1489597191198979
5.120796025351362 -0.14432958406081217
5.183627878423159 -0.13922406241027493
5.246459731494955 -0.13366845779519415
5.3092915845667505 -0.12768834502142873
5.372123437638546 -0.12130948595461674
5.434955290710342 -0.11455776114337546
5.497787143782137 -0.10745911537289625
5.560618996853934 -0.10003951538439992
5.62345084992573 -0.09232491808089337
5.686282702997525 -0.08434124765231794
5.749114556069321 -0.07611438018486287
5.811946409141116 -0.06767013446231483
5.874778262212914 -0.0590342678154141
5.937610115284709 -0.05023247602271794
6.000441968356505 -0.04129039640885001
6.0632738214283 -0.03223361341938604
6.126105674500097 -0.023087666072822154
6.188937527571893 -0.013878056796539603
6.2517693806436885 -0.004630261243363937