0.031415926535897934 0.009689610111964921
0.0942477796076938 0.029018038016880996
0.15707963267948966 0.04819450243767727
0.21991148575128552 0.06711906731589316
0.2827433388230814 0.08569383746935637
0.34557519189487723 0.10382373816341835
0.4084070449666731 0.12141725851458339
0.47123889803846897 0.1383871492727377
0.5340707511102649 0.1546510661961652
0.5969026041820606 0.17013215105457072
0.6597344572538566 0.18475954326665725
0.7225663103256523 0.19846881629305071
0.7853981633974483 0.21120233414946488
0.8482300164692442 0.2229095247596207
0.91106186954104 0.23354706830669159
0.9738937226128359 0.24307900023413026
1.0367255756846319 0.2514767300548031
1.0995574287564276 0.25871897861115195
1.1623892818282235 0.26479163784687204
1.2252211349000193 0.26968755846123305
1.2880529879718152 0.2734062719825199
1.350884841043611 0.2759536547839341
1.413716694115407 0.27734154234730407
1.4765485471872026 0.27758730263886283
1.5393804002589986 0.2767133777879123
1.6022122533307945 0.2747468033533162
1.6650441064025903 0.27171871433326095
1.7278759594743862 0.26766384673737315
1.7907078125461822 0.2626200430206054
1.853539665617978 0.2566277690039515
1.9163715186897736 0.24972964911008183
1.9792033717615696 0.24197002585603392
2.0420352248333655 0.23339454860375103
2.104867077905162 0.22404979560444654
2.1676989309769574 0.21398293241363955
2.230530784048753 0.20324140882551936
2.2933626371205493 0.19187269559895084
2.356194490192345 0.17992406143902245
2.4190263432641403 0.1674423899689249
2.4818581963359367 0.15447403578384342
2.5446900494077322 0.14106471812407434
2.607521902479528 0.12725945023760743
2.670353755551324 0.1131025021189047
2.7331856086231197 0.09863739400405414
2.796017461694916 0.08390691776476406
2.8588493147667116 0.0689531831655325
2.9216811678385075 0.05381768582010885
2.9845130209103035 0.038541393595370205
3.047344873982099 0.023164848153769804
3.1101767270538954 0.007728278291252572
3.173008580125691 -0.007728278291252572
3.2358404331974873 -0.023164848153769804
3.2986722862692828 -0.038541393595370205
3.3615041393410787 -0.05381768582010885
3.4243359924128747 -0.0689531831655325
3.48716784548467 -0.08390691776476406
3.549999698556466 -0.09863739400405408
3.612831551628262 -0.1131025021189047
3.675663404700058 -0.12725945023760743
3.7384952577718535 -0.1410647181240742
3.8013271108436495 -0.15447403578384342
3.8641589639154454 -0.1674423899689248
3.9269908169872414 -0.17992406143902245
3.989822670059038 -0.191872695598951
4.052654523130833 -0.20324140882551936
4.115486376202629 -0.21398293241363955
4.178318229274425 -0.2240497956044467
4.241150082346222 -0.23339454860375114
4.303981935418017 -0.24197002585603405
4.366813788489813 -0.24972964911008183
4.429645641561608 -0.2566277690039515
4.4924774946334045 -0.2626200430206053
4.5553093477052 -0.26766384673737315
4.618141200776996 -0.27171871433326095
4.680973053848792 -0.2747468033533162
4.743804906920587 -0.27671337778791216
4.806636759992383 -0.2775873026388628
4.869468613064179 -0.27734154234730407
4.932300466135976 -0.2759536547839341
4.995132319207771 -0.2734062719825198
5.057964172279567 -0.2696875584612331
5.120796025351362 -0.26479163784687204
5.183627878423159 -0.25871897861115195
5.246459731494955 -0.25147673005480303
5.3092915845667505 -0.24307900023413026
5.372123437638546 -0.23354706830669159
5.434955290710342 -0.22290952475962073
5.497787143782137 -0.21120233414946507
5.560618996853934 -0.19846881629305063
5.62345084992573 -0.18475954326665725
5.686282702997525 -0.17013215105457072
5.749114556069321 -0.1546510661961654
5.811946409141116 -0.13838714927273793
5.874778262212914 -0.1214172585145832
5.937610115284709 -0.10382373816341835
6.000441968356505 -0.08569383746935637
6.0632738214283 -0.06711906731589316
6.126105674500097 -0.04819450243767727
6.188937527571893 -0.02901803801688084
6.2517693806436885 -0.009689610111964921