0.031415926535897934 0.00932961169860014
0.0942477796076938 0.027934188591690865
0.15707963267948966 0.04637537113839026
0.21991148575128552 0.06454603814671478
0.2827433388230814 0.08234175018405
0.34557519189487723 0.09966176128450134
0.4084070449666731 0.11640997106174931
0.47123889803846897 0.13249580219609425
0.5340707511102649 0.1478349897442057
0.5969026041820606 0.16235027050159664
0.6597344572538566 0.17597196270467505
0.7225663103256523 0.18863842865356914
0.7853981633974483 0.20029641531868156
0.8482300164692442 0.2109012706009467
0.91106186954104 0.22041703557554407
0.9738937226128359 0.2288164156813104
1.0367255756846319 0.2360806363397755
1.0995574287564276 0.24219919081615646
1.1623892818282235 0.24716949019341838
1.2252211349000193 0.2509964270540187
1.2880529879718152 0.2536918658013297
1.350884841043611 0.25527407347089826
1.413716694115407 0.2557671053669521
1.4765485471872026 0.2552001599178095
1.5393804002589986 0.25360691679956165
1.6022122533307945 0.25102487167106835
1.6650441064025903 0.24749467984831436
1.7278759594743862 0.24305951998480696
1.7907078125461822 0.23776448738402964
1.853539665617978 0.23165602501789087
1.9163715186897736 0.22478139872667963
1.9792033717615696 0.2171882214904734
2.0420352248333655 0.2089240301403941
2.104867077905162 0.20003591646218308
2.1676989309769574 0.19057021336562183
2.230530784048753 0.180572235672551
2.2933626371205493 0.17008607412513246
2.356194490192345 0.15915444043743654
2.4190263432641403 0.14781856060298276
2.4818581963359367 0.13611811321812464
2.5446900494077322 0.12409120927135706
2.607521902479528 0.11177440966390628
2.670353755551324 0.09920277664774634
2.7331856086231197 0.08640995537317796
2.796017461694916 0.07342828180932959
2.8588493147667116 0.06028891341824834
2.9216811678385075 0.04702197910903254
2.9845130209103035 0.03365674515687001
3.047344873982099 0.02022179392907385
3.1101767270538954 0.0067452124045826335
3.173008580125691 -0.0067452124045826335
3.2358404331974873 -0.02022179392907385
3.2986722862692828 -0.03365674515687001
3.3615041393410787 -0.04702197910903254
3.4243359924128747 -0.06028891341824834
3.48716784548467 -0.07342828180932959
3.549999698556466 -0.08640995537317789
3.612831551628262 -0.09920277664774634
3.675663404700058 -0.11177440966390628
3.7384952577718535 -0.12409120927135683
3.8013271108436495 -0.13611811321812464
3.8641589639154454 -0.14781856060298276
3.9269908169872414 -0.15915444043743654
3.989822670059038 -0.1700860741251326
4.052654523130833 -0.180572235672551
4.115486376202629 -0.19057021336562183
4.178318229274425 -0.20003591646218327
4.241150082346222 -0.20892403014039418
4.303981935418017 -0.2171882214904734
4.366813788489813 -0.22478139872667963
4.429645641561608 -0.2316560250178908
4.4924774946334045 -0.23776448738402964
4.5553093477052 -0.24305951998480696
4.618141200776996 -0.24749467984831428
4.680973053848792 -0.2510248716710683
4.743804906920587 -0.2536069167995615
4.806636759992383 -0.25520015991780937
4.869468613064179 -0.2557671053669521
4.932300466135976 -0.25527407347089826
4.995132319207771 -0.25369186580132974
5.057964172279567 -0.25099642705401887
5.120796025351362 -0.24716949019341847
5.183627878423159 -0.24219919081615646
5.246459731494955 -0.2360806363397754
5.3092915845667505 -0.2288164156813104
5.372123437638546 -0.22041703557554407
5.434955290710342 -0.21090127060094677
5.497787143782137 -0.20029641531868167
5.560618996853934 -0.18863842865356914
5.62345084992573 -0.17597196270467505
5.686282702997525 -0.16235027050159664
5.749114556069321 -0.14783498974420584
5.811946409141116 -0.1324958021960945
5.874778262212914 -0.11640997106174919
5.937610115284709 -0.09966176128450134
6.000441968356505 -0.08234175018405
6.0632738214283 -0.06454603814671492
6.126105674500097 -0.04637537113839026
6.188937527571893 -0.02793418859169069
6.2517693806436885 -0.00932961169860014