0.031415926535897934 0.002430197550008397
0.0942477796076938 0.007273851255957075
0.15707963267948966 0.012067510518231657
0.21991148575128552 0.016778605560800953
0.2827433388230814 0.021375685833707345
0.34557519189487723 0.025828827458623322
0.4084070449666731 0.030110002389795696
0.47123889803846897 0.034193401023740036
0.5340707511102649 0.03805570178093551
0.5969026041820606 0.04167628315351755
0.6597344572538566 0.04503737576108024
0.7225663103256523 0.048124153980546217
0.7853981633974483 0.050924768622259246
0.8482300164692442 0.05343032383351581
0.91106186954104 0.055634802860800976
0.9738937226128359 0.05753494845116232
1.0367255756846319 0.05913010450001688
1.0995574287564276 0.060422026055244285
1.1623892818282235 0.061414664980917105
1.2252211349000193 0.062113938497619474
1.2880529879718152 0.0625274874895661
1.350884841043611 0.0626644309476001
1.413716694115407 0.06253512225042666
1.4765485471872026 0.06215091222247242
1.5393804002589986 0.06152392309081439
1.6022122533307945 0.060666836635928346
1.6650441064025903 0.059592699025434764
1.7278759594743862 0.05831474406352682
1.7907078125461822 0.05684623590117952
1.853539665617978 0.055200331646774244
1.9163715186897736 0.053389963800534006
1.9792033717615696 0.05142774201118748
2.0420352248333655 0.04932587331735721
2.104867077905162 0.047096099783968816
2.1676989309769574 0.04474965226785943
2.230530784048753 0.0422972189377467
2.2933626371205493 0.039748927122037626
2.356194490192345 0.03711433705380239
2.4190263432641403 0.0344024461160645
2.4818581963359367 0.03162170225349307
2.5446900494077322 0.028780025300564366
2.607521902479528 0.025884835074216468
2.670353755551324 0.02294308518483044
2.7331856086231197 0.01996130162792369
2.796017461694916 0.01694562532600633
2.8588493147667116 0.01390185789225345
2.9216811678385075 0.01083550998230072
2.9845130209103035 0.0077518516855487486
3.047344873982099 0.004655964481314711
3.1101767270538954 0.0015527943468746613
3.173008580125691 -0.0015527943468746613
3.2358404331974873 -0.004655964481314711
3.2986722862692828 -0.0077518516855487486
3.3615041393410787 -0.01083550998230072
3.4243359924128747 -0.01390185789225345
3.48716784548467 -0.01694562532600633
3.549999698556466 -0.01996130162792369
3.612831551628262 -0.02294308518483044
3.675663404700058 -0.025884835074216468
3.7384952577718535 -0.02878002530056426
3.8013271108436495 -0.03162170225349307
3.8641589639154454 -0.0344024461160645
3.9269908169872414 -0.03711433705380239
3.989822670059038 -0.039748927122037626
4.052654523130833 -0.0422972189377467
4.115486376202629 -0.04474965226785943
4.178318229274425 -0.04709609978396871
4.241150082346222 -0.04932587331735721
4.303981935418017 -0.05142774201118748
4.366813788489813 -0.053389963800534006
4.429645641561608 -0.05520033164677415
4.4924774946334045 -0.05684623590117952
4.5553093477052 -0.05831474406352682
4.618141200776996 -0.059592699025434875
4.680973053848792 -0.060666836635928346
4.743804906920587 -0.06152392309081439
4.806636759992383 -0.06215091222247242
4.869468613064179 -0.06253512225042666
4.932300466135976 -0.0626644309476001
4.995132319207771 -0.0625274874895661
5.057964172279567 -0.062113938497619474
5.120796025351362 -0.061414664980917105
5.183627878423159 -0.060422026055244285
5.246459731494955 -0.059130104500016774
5.3092915845667505 -0.05753494845116232
5.372123437638546 -0.055634802860800976
5.434955290710342 -0.05343032383351581
5.497787143782137 -0.05092476862225915
5.560618996853934 -0.048124153980546217
5.62345084992573 -0.04503737576108024
5.686282702997525 -0.04167628315351755
5.749114556069321 -0.03805570178093551
5.811946409141116 -0.034193401023740036
5.874778262212914 -0.030110002389795696
5.937610115284709 -0.025828827458623322
6.000441968356505 -0.021375685833707345
6.0632738214283 -0.016778605560800953
6.126105674500097 -0.012067510518231657
6.188937527571893 -0.007273851255957075
6.2517693806436885 -0.002430197550008397