0.031415926535897934 0.002574860823834463
0.0942477796076938 0.007715620589082818
0.15707963267948966 0.012829514013138506
0.21991148575128552 0.017898694643681125
0.2827433388230814 0.022905412999476595
0.34557519189487723 0.027832055973779198
0.4084070449666731 0.0326611868483729
0.47123889803846897 0.03737558608608721
0.5340707511102649 0.04195829306388381
0.5969026041820606 0.046392648900767886
0.6597344572538566 0.05066234052437328
0.7225663103256523 0.054751446106606
0.7853981633974483 0.05864448198166099
0.8482300164692442 0.062326451138509556
0.91106186954104 0.06578289335405954
0.9738937226128359 0.06899993700212095
1.0367255756846319 0.07196435253664156
1.0995574287564276 0.07466360760509518
1.1623892818282235 0.07708592369920823
1.2252211349000193 0.079220334195375
1.2880529879718152 0.08105674357632216
1.350884841043611 0.08258598755922736
1.413716694115407 0.08379989378426071
1.4765485471872026 0.08469134264232747
1.5393804002589986 0.0852543277429311
1.6022122533307945 0.08548401544407475
1.6650441064025903 0.08537680278788538
1.7278759594743862 0.0849303731103227
1.7907078125461822 0.08414374852337038
1.853539665617978 0.08301733840614124
1.9163715186897736 0.08155298299016925
1.9792033717615696 0.07975399108667497
2.0420352248333655 0.07762517098260992
2.104867077905162 0.07517285353051793
2.1676989309769574 0.07240490647709785
2.230530784048753 0.06933073911882366
2.2933626371205493 0.06596129644155928
2.356194490192345 0.06230904199555679
2.4190263432641403 0.05838792887758394
2.4818581963359367 0.054213358337277646
2.5446900494077322 0.049802125693375845
2.607521902479528 0.045172353434400694
2.670353755551324 0.04034341158395295
2.7331856086231197 0.03533582562835718
2.796017461694916 0.03017117252860547
2.8588493147667116 0.024871965563374853
2.9216811678385075 0.019461528968941846
2.9845130209103035 0.01396386354857062
3.047344873982099 0.008403504611953418
3.1101767270538954 0.0028053737685160996
3.173008580125691 -0.0028053737685160996
3.2358404331974873 -0.008403504611953418
3.2986722862692828 -0.01396386354857062
3.3615041393410787 -0.019461528968941846
3.4243359924128747 -0.024871965563374853
3.48716784548467 -0.03017117252860547
3.549999698556466 -0.035335825628356986
3.612831551628262 -0.04034341158395295
3.675663404700058 -0.045172353434400694
3.7384952577718535 -0.049802125693375845
3.8013271108436495 -0.054213358337277646
3.8641589639154454 -0.05838792887758394
3.9269908169872414 -0.06230904199555679
3.989822670059038 -0.06596129644155926
4.052654523130833 -0.06933073911882366
4.115486376202629 -0.07240490647709785
4.178318229274425 -0.07517285353051793
4.241150082346222 -0.07762517098260992
4.303981935418017 -0.07975399108667505
4.366813788489813 -0.08155298299016925
4.429645641561608 -0.08301733840614114
4.4924774946334045 -0.08414374852337038
4.5553093477052 -0.0849303731103227
4.618141200776996 -0.08537680278788538
4.680973053848792 -0.08548401544407475
4.743804906920587 -0.0852543277429311
4.806636759992383 -0.0846913426423275
4.869468613064179 -0.08379989378426071
4.932300466135976 -0.08258598755922736
4.995132319207771 -0.08105674357632216
5.057964172279567 -0.07922033419537508
5.120796025351362 -0.07708592369920825
5.183627878423159 -0.07466360760509518
5.246459731494955 -0.07196435253664156
5.3092915845667505 -0.06899993700212095
5.372123437638546 -0.06578289335405954
5.434955290710342 -0.062326451138509556
5.497787143782137 -0.05864448198166108
5.560618996853934 -0.054751446106606
5.62345084992573 -0.05066234052437328
5.686282702997525 -0.046392648900767886
5.749114556069321 -0.04195829306388381
5.811946409141116 -0.03737558608608729
5.874778262212914 -0.032661186848372825
5.937610115284709 -0.027832055973779198
6.000441968356505 -0.022905412999476595
6.0632738214283 -0.017898694643681125
6.126105674500097 -0.012829514013138506
6.188937527571893 -0.00771562058908267
6.2517693806436885 -0.002574860823834463