0.031415926535897934 0.007580321911103445
0.0942477796076938 0.022716525943765026
0.15707963267948966 0.03777946234179157
0.21991148575128552 0.052720457839582895
0.2827433388230814 0.06749109476257782
0.34557519189487723 0.08204330909324002
0.4084070449666731 0.09632948464275895
0.47123889803846897 0.1103025426007781
0.5340707511102649 0.12391602600784142
0.5969026041820606 0.13712417901065274
0.6597344572538566 0.14988202110901547
0.7225663103256523 0.16214541697473966
0.7853981633974483 0.17387114280529561
0.8482300164692442 0.18501695055641035
0.91106186954104 0.19554163176552788
0.9738937226128359 0.20540508301923915
1.0367255756846319 0.2145683754193851
1.0995574287564276 0.22299383065142797
1.1623892818282235 0.23064510644173175
1.2252211349000193 0.23748729429442894
1.2880529879718152 0.24348703241066746
1.350884841043611 0.24861263660046937
1.413716694115407 0.2528342517881482
1.4765485471872026 0.2561240263750851
1.5393804002589986 0.25845631124912133
1.6022122533307945 0.2598078846107032
1.6650441064025903 0.26015820301838083
1.7278759594743862 0.2594896781409217
1.7907078125461822 0.25778797764667816
1.853539665617978 0.255042347476549
1.9163715186897736 0.25124595145717316
1.9792033717615696 0.24639622284784765
2.0420352248333655 0.24049522102060447
2.104867077905162 0.23354998510130173
2.1676989309769574 0.22557287511418886
2.230530784048753 0.2165818900457246
2.2933626371205493 0.20660095135428252
2.356194490192345 0.19566013988195216
2.4190263432641403 0.18379587395156974
2.4818581963359367 0.1710510167264886
2.5446900494077322 0.15747490172720727
2.607521902479528 0.1431232667707009
2.670353755551324 0.12805808852964615
2.7331856086231197 0.11234731237088622
2.796017461694916 0.09606447506030585
2.8588493147667116 0.07928822121298058
2.9216811678385075 0.062101717887434314
2.9845130209103035 0.04459197530802492
3.047344873982099 0.026849085168676932
3.1101767270538954 0.008965391137213547
3.173008580125691 -0.008965391137213547
3.2358404331974873 -0.026849085168676932
3.2986722862692828 -0.04459197530802492
3.3615041393410787 -0.062101717887434314
3.4243359924128747 -0.07928822121298058
3.48716784548467 -0.09606447506030585
3.549999698556466 -0.11234731237088606
3.612831551628262 -0.12805808852964615
3.675663404700058 -0.1431232667707009
3.7384952577718535 -0.1574749017272072
3.8013271108436495 -0.1710510167264886
3.8641589639154454 -0.18379587395156952
3.9269908169872414 -0.19566013988195216
3.989822670059038 -0.20660095135428275
4.052654523130833 -0.2165818900457246
4.115486376202629 -0.22557287511418886
4.178318229274425 -0.23354998510130198
4.241150082346222 -0.24049522102060455
4.303981935418017 -0.2463962228478478
4.366813788489813 -0.25124595145717316
4.429645641561608 -0.25504234747654914
4.4924774946334045 -0.2577879776466784
4.5553093477052 -0.2594896781409217
4.618141200776996 -0.26015820301838083
4.680973053848792 -0.2598078846107032
4.743804906920587 -0.2584563112491213
4.806636759992383 -0.2561240263750853
4.869468613064179 -0.2528342517881482
4.932300466135976 -0.24861263660046942
4.995132319207771 -0.24348703241066746
5.057964172279567 -0.23748729429442875
5.120796025351362 -0.23064510644173175
5.183627878423159 -0.22299383065142797
5.246459731494955 -0.2145683754193849
5.3092915845667505 -0.20540508301923915
5.372123437638546 -0.19554163176552788
5.434955290710342 -0.18501695055641038
5.497787143782137 -0.17387114280529575
5.560618996853934 -0.16214541697473955
5.62345084992573 -0.14988202110901547
5.686282702997525 -0.13712417901065274
5.749114556069321 -0.1239160260078416
5.811946409141116 -0.11030254260077828
5.874778262212914 -0.09632948464275884
5.937610115284709 -0.08204330909324002
6.000441968356505 -0.06749109476257782
6.0632738214283 -0.05272045783958296
6.126105674500097 -0.03777946234179157
6.188937527571893 -0.022716525943764915
6.2517693806436885 -0.007580321911103445