0.031415926535897934 0.002298244625914654
0.0942477796076938 0.006887184107674761
0.15707963267948966 0.01145348481675988
0.21991148575128552 0.015982089486068662
0.2827433388230814 0.020457994151068963
0.34557519189487723 0.02486627033323107
0.4084070449666731 0.02919208808867548
0.47123889803846897 0.03342074017260394
0.5340707511102649 0.037537667571478577
0.5969026041820606 0.04152848665538454
0.6597344572538566 0.045379018201840315
0.7225663103256523 0.04907531853867799
0.7853981633974483 0.05260371304659533
0.8482300164692442 0.055950832250583206
0.91106186954104 0.05910365071261904
0.9738937226128359 0.06204952891472653
1.0367255756846319 0.06477625829067048
1.0995574287564276 0.06727210952519151
1.1623892818282235 0.06952588419086939
1.2252211349000193 0.07152696973368998
1.2880529879718152 0.07326539774861889
1.350884841043611 0.0747319054057012
1.413716694115407 0.07591799979545293
1.4765485471872026 0.07681602486008894
1.5393804002589986 0.07741923046538902
1.6022122533307945 0.07772184304822448
1.6650441064025903 0.0777191371490644
1.7278759594743862 0.07740750700981312
1.7907078125461822 0.07678453728848364
1.853539665617978 0.07584907181739964
1.9163715186897736 0.07460127921537194
1.9792033717615696 0.07304271406158654
2.0420352248333655 0.07117637225509449
2.104867077905162 0.06900673912424686
2.1676989309769574 0.06653982882058745
2.230530784048753 0.06378321353663016
2.2933626371205493 0.06074604113103934
2.356194490192345 0.057439039831476336
2.4190263432641403 0.05387450881701966
2.4818581963359367 0.05006629365931502
2.5446900494077322 0.04602974582340887
2.607521902479528 0.04178166569255556
2.670353755551324 0.037340228881152744
2.7331856086231197 0.03272489592929706
2.796017461694916 0.027956305822391492
2.8588493147667116 0.0230561541392927
2.9216811678385075 0.01804705699096301
2.9845130209103035 0.012952402256128797
3.047344873982099 0.007796189938472858
3.1101767270538954 0.0026028637494143643
3.173008580125691 -0.0026028637494143643
3.2358404331974873 -0.007796189938472858
3.2986722862692828 -0.012952402256128797
3.3615041393410787 -0.01804705699096301
3.4243359924128747 -0.0230561541392927
3.48716784548467 -0.027956305822391492
3.549999698556466 -0.032724895929296914
3.612831551628262 -0.037340228881152744
3.675663404700058 -0.04178166569255556
3.7384952577718535 -0.0460297458234088
3.8013271108436495 -0.05006629365931502
3.8641589639154454 -0.053874508817019585
3.9269908169872414 -0.057439039831476336
3.989822670059038 -0.060746041131039326
4.052654523130833 -0.06378321353663016
4.115486376202629 -0.06653982882058745
4.178318229274425 -0.06900673912424686
4.241150082346222 -0.0711763722550946
4.303981935418017 -0.07304271406158654
4.366813788489813 -0.07460127921537194
4.429645641561608 -0.07584907181739964
4.4924774946334045 -0.07678453728848361
4.5553093477052 -0.07740750700981312
4.618141200776996 -0.0777191371490644
4.680973053848792 -0.07772184304822446
4.743804906920587 -0.07741923046538884
4.806636759992383 -0.07681602486008894
4.869468613064179 -0.07591799979545293
4.932300466135976 -0.07473190540570117
4.995132319207771 -0.07326539774861886
5.057964172279567 -0.07152696973368998
5.120796025351362 -0.06952588419086939
5.183627878423159 -0.06727210952519151
5.246459731494955 -0.06477625829067045
5.3092915845667505 -0.06204952891472653
5.372123437638546 -0.05910365071261904
5.434955290710342 -0.055950832250583234
5.497787143782137 -0.05260371304659541
5.560618996853934 -0.04907531853867797
5.62345084992573 -0.045379018201840315
5.686282702997525 -0.04152848665538454
5.749114556069321 -0.03753766757147858
5.811946409141116 -0.03342074017260406
5.874778262212914 -0.029192088088675475
5.937610115284709 -0.02486627033323107
6.000441968356505 -0.020457994151068963
6.0632738214283 -0.015982089486068662
6.126105674500097 -0.01145348481675988
6.188937527571893 -0.00688718410767466
6.2517693806436885 -0.002298244625914654