0.031415926535897934 0.005061236198096749
0.0942477796076938 0.015166822789544584
0.15707963267948966 0.025221782792738692
0.21991148575128552 0.03519246797109614
0.2827433388230814 0.04504538456863186
0.34557519189487723 0.05474725561724345
0.4084070449666731 0.0642650838061824
0.47123889803846897 0.07356621513926952
0.5340707511102649 0.08261840364993987
0.5969026041820606 0.09138987749406953
0.6597344572538566 0.09984940679311514
0.7225663103256523 0.1079663736524275
0.7853981633974483 0.11571084482833711
0.8482300164692442 0.12305364755920734
0.91106186954104 0.12996644910635075
0.9738937226128359 0.13642184056660828
1.0367255756846319 0.14239342551563697
1.0995574287564276 0.14785591401569576
1.1623892818282235 0.15278522247036938
1.2252211349000193 0.15715857972793476
1.2880529879718152 0.16095463972216126
1.350884841043611 0.16415360079212424
1.413716694115407 0.1667373316397964
1.4765485471872026 0.16868950366551774
1.5393804002589986 0.16999572916794273
1.6022122533307945 0.17064370460915254
1.6650441064025903 0.17062335783140556
1.7278759594743862 0.16992699777536271
1.7907078125461822 0.16854946489835565
1.853539665617978 0.1664882801351369
1.9163715186897736 0.1637437898942095
1.9792033717615696 0.16031930425371252
2.0420352248333655 0.15622122522681092
2.104867077905162 0.15145916172353827
2.1676989309769574 0.14604602766044994
2.230530784048753 0.1399981195773549
2.2933626371205493 0.13333517012683263
2.356194490192345 0.12608037392008337
2.4190263432641403 0.11826038245178969
2.4818581963359367 0.10990526519288409
2.5446900494077322 0.10104843443425567
2.607521902479528 0.09172653208173791
2.670353755551324 0.08197927733222803
2.7331856086231197 0.07184927498531976
2.796017461694916 0.06138178504113944
2.8588493147667116 0.050624455174552774
2.9216811678385075 0.03962701862566174
2.9845130209103035 0.028440960970785557
3.047344873982099 0.01711916010013243
3.1101767270538954 0.005715504492210008
3.173008580125691 -0.005715504492210008
3.2358404331974873 -0.01711916010013243
3.2986722862692828 -0.028440960970785557
3.3615041393410787 -0.03962701862566174
3.4243359924128747 -0.050624455174552774
3.48716784548467 -0.06138178504113944
3.549999698556466 -0.07184927498531969
3.612831551628262 -0.08197927733222803
3.675663404700058 -0.09172653208173791
3.7384952577718535 -0.10104843443425558
3.8013271108436495 -0.10990526519288409
3.8641589639154454 -0.11826038245178969
3.9269908169872414 -0.12608037392008337
3.989822670059038 -0.13333517012683288
4.052654523130833 -0.1399981195773549
4.115486376202629 -0.14604602766044994
4.178318229274425 -0.15145916172353843
4.241150082346222 -0.1562212252268109
4.303981935418017 -0.16031930425371246
4.366813788489813 -0.1637437898942095
4.429645641561608 -0.16648828013513692
4.4924774946334045 -0.16854946489835576
4.5553093477052 -0.16992699777536271
4.618141200776996 -0.17062335783140556
4.680973053848792 -0.17064370460915257
4.743804906920587 -0.16999572916794278
4.806636759992383 -0.16868950366551774
4.869468613064179 -0.1667373316397964
4.932300466135976 -0.16415360079212424
4.995132319207771 -0.16095463972216126
5.057964172279567 -0.15715857972793487
5.120796025351362 -0.15278522247036938
5.183627878423159 -0.14785591401569576
5.246459731494955 -0.14239342551563697
5.3092915845667505 -0.13642184056660828
5.372123437638546 -0.12996644910635075
5.434955290710342 -0.12305364755920734
5.497787143782137 -0.11571084482833736
5.560618996853934 -0.1079663736524275
5.62345084992573 -0.09984940679311514
5.686282702997525 -0.09138987749406953
5.749114556069321 -0.0826184036499401
5.811946409141116 -0.0735662151392697
5.874778262212914 -0.06426508380618239
5.937610115284709 -0.05474725561724345
6.000441968356505 -0.04504538456863186
6.0632738214283 -0.03519246797109624
6.126105674500097 -0.025221782792738692
6.188937527571893 -0.015166822789544477
6.2517693806436885 -0.005061236198096749