0.031415926535897934 0.004344977453627431
0.0942477796076938 0.012973896334148534
0.15707963267948966 0.021421811988713034
0.21991148575128552 0.0295749318240559
0.2827433388230814 0.037329302979129335
0.34557519189487723 0.044593851428438476
0.4084070449666731 0.05129263812343178
0.47123889803846897 0.05736625115481328
0.5340707511102649 0.06277232970029364
0.5969026041820606 0.06748528366222648
0.6597344572538566 0.07149532548995655
0.7225663103256523 0.07480696414232296
0.7853981633974483 0.07743712517843712
0.8482300164692442 0.07941305790549455
0.91106186954104 0.0807701743615694
0.9738937226128359 0.08154994032483953
1.0367255756846319 0.08179790998896236
1.0995574287564276 0.08156196714912609
1.1623892818282235 0.0808908094052681
1.2252211349000193 0.07983268965694655
1.2880529879718152 0.07843441176748135
1.350884841043611 0.07674056473763165
1.413716694115407 0.07479297160443367
1.4765485471872026 0.07263032486103567
1.5393804002589986 0.07028797867479594
1.6022122533307945 0.0677978687792208
1.6650441064025903 0.06518853293501749
1.7278759594743862 0.062485207723068766
1.7907078125461822 0.059709980703631364
1.853539665617978 0.05688198032860115
1.9163715186897736 0.054017589208359695
1.9792033717615696 0.05113066927622796
2.0420352248333655 0.04823278999030513
2.104867077905162 0.04533345293870259
2.1676989309769574 0.04244030807524188
2.230530784048753 0.03955935833337598
2.2933626371205493 0.036695150582087346
2.356194490192345 0.033850951839140574
2.4190263432641403 0.031028910385178896
2.4818581963359367 0.028230201965552103
2.5446900494077322 0.02545516166063431
2.607521902479528 0.022703402280687648
2.670353755551324 0.019973920324583956
2.7331856086231197 0.017265190655128358
2.796017461694916 0.014575251105714464
2.8588493147667116 0.011901778258451538
2.9216811678385075 0.009242155634642391
2.9845130209103035 0.006593535523972031
3.047344873982099 0.003952895656239363
3.1101767270538954 0.0013170918945265995
3.173008580125691 -0.0013170918945265995
3.2358404331974873 -0.003952895656239363
3.2986722862692828 -0.006593535523972031
3.3615041393410787 -0.009242155634642391
3.4243359924128747 -0.011901778258451538
3.48716784548467 -0.014575251105714464
3.549999698556466 -0.017265190655128358
3.612831551628262 -0.019973920324583956
3.675663404700058 -0.022703402280687648
3.7384952577718535 -0.02545516166063431
3.8013271108436495 -0.028230201965552103
3.8641589639154454 -0.031028910385178896
3.9269908169872414 -0.033850951839140574
3.989822670059038 -0.036695150582087346
4.052654523130833 -0.03955935833337598
4.115486376202629 -0.04244030807524188
4.178318229274425 -0.04533345293870278
4.241150082346222 -0.04823278999030523
4.303981935418017 -0.05113066927622805
4.366813788489813 -0.054017589208359695
4.429645641561608 -0.05688198032860115
4.4924774946334045 -0.059709980703631454
4.5553093477052 -0.062485207723068766
4.618141200776996 -0.06518853293501749
4.680973053848792 -0.0677978687792208
4.743804906920587 -0.07028797867479594
4.806636759992383 -0.07263032486103567
4.869468613064179 -0.07479297160443367
4.932300466135976 -0.07674056473763163
4.995132319207771 -0.07843441176748135
5.057964172279567 -0.07983268965694655
5.120796025351362 -0.0808908094052681
5.183627878423159 -0.08156196714912609
5.246459731494955 -0.08179790998896229
5.3092915845667505 -0.08154994032483953
5.372123437638546 -0.0807701743615694
5.434955290710342 -0.07941305790549436
5.497787143782137 -0.07743712517843723
5.560618996853934 -0.07480696414232296
5.62345084992573 -0.07149532548995655
5.686282702997525 -0.06748528366222648
5.749114556069321 -0.06277232970029364
5.811946409141116 -0.05736625115481346
5.874778262212914 -0.0512926381234316
5.937610115284709 -0.044593851428438476
6.000441968356505 -0.037329302979129335
6.0632738214283 -0.0295749318240559
6.126105674500097 -0.021421811988713034
6.188937527571893 -0.012973896334148534
6.2517693806436885 -0.004344977453627431