0.031415926535897934 0.0041698029145297985
0.0942477796076938 0.012495362360919745
0.15707963267948966 0.020778811254364305
0.21991148575128552 0.028992171195570824
0.2827433388230814 0.0371076066959831
0.34557519189487723 0.045097482278525454
0.4084070449666731 0.05293441956747967
0.47123889803846897 0.06059135443726276
0.5340707511102649 0.06804159434035247
0.5969026041820606 0.07525887599181401
0.6597344572538566 0.08221742364921125
0.7225663103256523 0.08889200828924483
0.7853981633974483 0.09525800804305061
0.8482300164692442 0.10129147030728147
0.91106186954104 0.10696917599432403
0.9738937226128359 0.11226870641859663
1.0367255756846319 0.1171685133332025
1.0995574287564276 0.12164799262870972
1.1623892818282235 0.12568756218013502
1.2252211349000193 0.12926874427628846
1.2880529879718152 0.13237425298486885
1.350884841043611 0.13498808669505657
1.413716694115407 0.13709562593552724
1.4765485471872026 0.13868373638940304
1.5393804002589986 0.13974087681932088
1.6022122533307945 0.14025721137742903
1.6650441064025903 0.1402247255100464
1.7278759594743862 0.13963734437975875
1.7907078125461822 0.13849105242542703
1.853539665617978 0.13678401237113194
1.9163715186897736 0.1345166816884123
1.9792033717615696 0.13169192422371978
2.0420352248333655 0.12831511443766017
2.104867077905162 0.12439423147811617
2.1676989309769574 0.1199399401400815
2.230530784048753 0.11496565566519333
2.2933626371205493 0.10948758931689645
2.356194490192345 0.10352477174459837
2.4190263432641403 0.09709905133122876
2.4818581963359367 0.09023506500900559
2.5446900494077322 0.08296017942939865
2.607521902479528 0.0753044008818514
2.670353755551324 0.06730025296296348
2.7331856086231197 0.05898262168923225
2.796017461694916 0.05038856850243743
2.8588493147667116 0.041557112412830645
2.9216811678385075 0.032528983333099455
2.9845130209103035 0.023346349444621595
3.047344873982099 0.014052522174770167
3.1101767270538954 0.004691643018609008
3.173008580125691 -0.004691643018609008
3.2358404331974873 -0.014052522174770167
3.2986722862692828 -0.023346349444621595
3.3615041393410787 -0.032528983333099455
3.4243359924128747 -0.041557112412830645
3.48716784548467 -0.05038856850243743
3.549999698556466 -0.05898262168923234
3.612831551628262 -0.06730025296296348
3.675663404700058 -0.0753044008818514
3.7384952577718535 -0.08296017942939848
3.8013271108436495 -0.09023506500900559
3.8641589639154454 -0.09709905133122877
3.9269908169872414 -0.10352477174459837
3.989822670059038 -0.10948758931689657
4.052654523130833 -0.11496565566519333
4.115486376202629 -0.1199399401400815
4.178318229274425 -0.1243942314781161
4.241150082346222 -0.12831511443766014
4.303981935418017 -0.13169192422371978
4.366813788489813 -0.1345166816884123
4.429645641561608 -0.13678401237113208
4.4924774946334045 -0.13849105242542697
4.5553093477052 -0.13963734437975875
4.618141200776996 -0.14022472551004633
4.680973053848792 -0.140257211377429
4.743804906920587 -0.13974087681932076
4.806636759992383 -0.13868373638940312
4.869468613064179 -0.13709562593552724
4.932300466135976 -0.13498808669505657
4.995132319207771 -0.13237425298486885
5.057964172279567 -0.1292687442762884
5.120796025351362 -0.12568756218013505
5.183627878423159 -0.12164799262870972
5.246459731494955 -0.11716851333320245
5.3092915845667505 -0.11226870641859663
5.372123437638546 -0.10696917599432403
5.434955290710342 -0.10129147030728151
5.497787143782137 -0.09525800804305072
5.560618996853934 -0.08889200828924487
5.62345084992573 -0.08221742364921125
5.686282702997525 -0.07525887599181401
5.749114556069321 -0.06804159434035253
5.811946409141116 -0.06059135443726292
5.874778262212914 -0.05293441956747972
5.937610115284709 -0.045097482278525454
6.000441968356505 -0.0371076066959831
6.0632738214283 -0.028992171195570824
6.126105674500097 -0.020778811254364305
6.188937527571893 -0.01249536236091968
6.2517693806436885 -0.0041698029145297985