0.031415926535897934 0.00988261155303817
0.0942477796076938 0.02953008701245272
0.15707963267948966 0.04882751222348613
0.21991148575128552 0.06755200529633415
0.2827433388230814 0.08549587298372872
0.34557519189487723 0.10247165050723088
0.4084070449666731 0.1183161990152257
0.47123889803846897 0.13289371364286814
0.5340707511102649 0.14609756917756087
0.5969026041820606 0.15785100421892276
0.6597344572538566 0.16810671209311892
0.7225663103256523 0.17684546254495082
0.7853981633974483 0.1840739190208258
0.8482300164692442 0.18982184070299307
0.91106186954104 0.19413886669047367
0.9738937226128359 0.19709107365878506
1.0367255756846319 0.19875748081589037
1.0995574287564276 0.19922665038928936
1.1623892818282235 0.1985935016845856
1.2252211349000193 0.19695642510302677
1.2880529879718152 0.19441475199237296
1.350884841043611 0.19106660874513845
1.413716694115407 0.18700716036002119
1.4765485471872026 0.1823272303155967
1.5393804002589986 0.17711227011521274
1.6022122533307945 0.17144164290787617
1.6650441064025903 0.1653881805832263
1.7278759594743862 0.15901797196459558
1.7907078125461822 0.15239034043827296
1.853539665617978 0.14555797185484792
1.9163715186897736 0.13856715719883733
1.9792033717615696 0.13145811883016933
2.0420352248333655 0.12426539365121501
2.104867077905162 0.11701825104716189
2.1676989309769574 0.10974112767999154
2.230530784048753 0.10245406505894072
2.2933626371205493 0.0951731391959412
2.356194490192345 0.08791087456167727
2.4190263432641403 0.08067663699731836
2.4818581963359367 0.07347700224058676
2.5446900494077322 0.0663160983368524
2.607521902479528 0.059195921476568776
2.670353755551324 0.05211662578085557
2.7331856086231197 0.04507678829676037
2.796017461694916 0.03807365100811076
2.8588493147667116 0.03110334205740779
2.9216811678385075 0.024161078643986655
2.9845130209103035 0.01724135424337507
3.047344873982099 0.010338112906966745
3.1101767270538954 0.003444913469559366
3.173008580125691 -0.003444913469559366
3.2358404331974873 -0.010338112906966745
3.2986722862692828 -0.01724135424337507
3.3615041393410787 -0.024161078643986655
3.4243359924128747 -0.03110334205740779
3.48716784548467 -0.03807365100811076
3.549999698556466 -0.04507678829676037
3.612831551628262 -0.05211662578085557
3.675663404700058 -0.059195921476568776
3.7384952577718535 -0.06631609833685241
3.8013271108436495 -0.07347700224058676
3.8641589639154454 -0.08067663699731838
3.9269908169872414 -0.08791087456167727
3.989822670059038 -0.09517313919594134
4.052654523130833 -0.10245406505894072
4.115486376202629 -0.10974112767999154
4.178318229274425 -0.117018251047162
4.241150082346222 -0.12426539365121518
4.303981935418017 -0.13145811883016936
4.366813788489813 -0.13856715719883733
4.429645641561608 -0.14555797185484784
4.4924774946334045 -0.15239034043827285
4.5553093477052 -0.15901797196459558
4.618141200776996 -0.16538818058322646
4.680973053848792 -0.17144164290787617
4.743804906920587 -0.17711227011521272
4.806636759992383 -0.18232723031559667
4.869468613064179 -0.18700716036002119
4.932300466135976 -0.19106660874513845
4.995132319207771 -0.1944147519923731
5.057964172279567 -0.19695642510302683
5.120796025351362 -0.19859350168458575
5.183627878423159 -0.19922665038928936
5.246459731494955 -0.1987574808158904
5.3092915845667505 -0.19709107365878506
5.372123437638546 -0.19413886669047367
5.434955290710342 -0.1898218407029931
5.497787143782137 -0.18407391902082598
5.560618996853934 -0.1768454625449507
5.62345084992573 -0.16810671209311892
5.686282702997525 -0.15785100421892276
5.749114556069321 -0.14609756917756098
5.811946409141116 -0.13289371364286845
5.874778262212914 -0.1183161990152256
5.937610115284709 -0.10247165050723088
6.000441968356505 -0.08549587298372872
6.0632738214283 -0.06755200529633416
6.126105674500097 -0.04882751222348613
6.188937527571893 -0.029530087012452556
6.2517693806436885 -0.00988261155303817