0.031415926535897934 0.005178712524659237
0.0942477796076938 0.015520481650239927
0.15707963267948966 0.02581529724702214
0.21991148575128552 0.03603190440650057
0.2827433388230814 0.046139119292251916
0.34557519189487723 0.056105857428973845
0.4084070449666731 0.06590116196279558
0.47123889803846897 0.07549423204016704
0.5340707511102649 0.0848544515638089
0.5969026041820606 0.09395141871401937
0.6597344572538566 0.10275497676855344
0.7225663103256523 0.11123524691008482
0.7853981633974483 0.119362663872147
0.8482300164692442 0.12710801543700045
0.91106186954104 0.1344424869560506
0.9738937226128359 0.14133771220859515
1.0367255756846319 0.14776583204053675
1.0995574287564276 0.15369956232336027
1.1623892818282235 0.1591122728367343
1.2252211349000193 0.16397807869654185
1.2880529879718152 0.16827194591474715
1.350884841043611 0.1719698125787188
1.413716694115407 0.17504872696614754
1.4765485471872026 0.17748700365869513
1.5393804002589986 0.17926439837520602
1.6022122533307945 0.18036230180766566
1.6650441064025903 0.1807639522065066
1.7278759594743862 0.18045466582616876
1.7907078125461822 0.17942208361115297
1.853539665617978 0.177656431686696
1.9163715186897736 0.17515079233240877
1.9792033717615696 0.17190138118462758
2.0420352248333655 0.16790782546423652
2.104867077905162 0.1631734370993866
2.1676989309769574 0.15770547375208718
2.230530784048753 0.15151538001525666
2.2933626371205493 0.14461900047777368
2.356194490192345 0.137036756015819
2.4190263432641403 0.12879377461356808
2.4818581963359367 0.11991996829278466
2.5446900494077322 0.1104500483756066
2.607521902479528 0.10042347233869905
2.670353755551324 0.08988431694076221
2.7331856086231197 0.07888107409669178
2.796017461694916 0.06746636808284522
2.8588493147667116 0.05569659501601333
2.9216811678385075 0.04363148805795366
2.9845130209103035 0.0313336143432562
3.047344873982099 0.01886781208439804
3.1101767270538954 0.00630057854399737
3.173008580125691 -0.00630057854399737
3.2358404331974873 -0.01886781208439804
3.2986722862692828 -0.0313336143432562
3.3615041393410787 -0.04363148805795366
3.4243359924128747 -0.05569659501601333
3.48716784548467 -0.06746636808284522
3.549999698556466 -0.07888107409669166
3.612831551628262 -0.08988431694076221
3.675663404700058 -0.10042347233869905
3.7384952577718535 -0.1104500483756066
3.8013271108436495 -0.11991996829278466
3.8641589639154454 -0.128793774613568
3.9269908169872414 -0.137036756015819
3.989822670059038 -0.14461900047777387
4.052654523130833 -0.15151538001525666
4.115486376202629 -0.15770547375208718
4.178318229274425 -0.16317343709938673
4.241150082346222 -0.16790782546423652
4.303981935418017 -0.17190138118462772
4.366813788489813 -0.17515079233240877
4.429645641561608 -0.17765643168669604
4.4924774946334045 -0.17942208361115297
4.5553093477052 -0.18045466582616876
4.618141200776996 -0.18076395220650665
4.680973053848792 -0.1803623018076656
4.743804906920587 -0.17926439837520608
4.806636759992383 -0.17748700365869519
4.869468613064179 -0.17504872696614754
4.932300466135976 -0.1719698125787187
4.995132319207771 -0.16827194591474715
5.057964172279567 -0.1639780786965417
5.120796025351362 -0.15911227283673435
5.183627878423159 -0.15369956232336027
5.246459731494955 -0.1477658320405366
5.3092915845667505 -0.14133771220859515
5.372123437638546 -0.1344424869560506
5.434955290710342 -0.12710801543700048
5.497787143782137 -0.11936266387214713
5.560618996853934 -0.11123524691008475
5.62345084992573 -0.10275497676855344
5.686282702997525 -0.09395141871401937
5.749114556069321 -0.08485445156380896
5.811946409141116 -0.07549423204016718
5.874778262212914 -0.0659011619627955
5.937610115284709 -0.056105857428973845
6.000441968356505 -0.046139119292251916
6.0632738214283 -0.03603190440650064
6.126105674500097 -0.02581529724702214
6.188937527571893 -0.015520481650239813
6.2517693806436885 -0.005178712524659237