0.031415926535897934 0.010132399447909569
0.0942477796076938 0.030324590416422742
0.15707963267948966 0.05029993452073497
0.21991148575128552 0.0699171025133647
0.2827433388230814 0.08903954493134884
0.34557519189487723 0.10753725944608551
0.4084070449666731 0.12528841797090282
0.47123889803846897 0.1421808196153224
0.5340707511102649 0.15811314013878885
0.5969026041820606 0.17299595402508394
0.6597344572538566 0.18675251155058528
0.7225663103256523 0.19931926007950126
0.7853981633974483 0.2106461060578123
0.8482300164692442 0.2206964215201316
0.91106186954104 0.2294468060656192
0.9738937226128359 0.23688662188814288
1.0367255756846319 0.2430173252664561
1.0995574287564276 0.2478516226780212
1.1623892818282235 0.2514124832035687
1.2252211349000193 0.25373204102455515
1.2880529879718152 0.25485042255362095
1.350884841043611 0.2548145321343052
1.413716694115407 0.2536768284315215
1.4765485471872026 0.25149412079990713
1.5393804002589986 0.24832641129576094
1.6022122533307945 0.24423580384310709
1.6650441064025903 0.23928549762922893
1.7278759594743862 0.23353887732666959
1.7907078125461822 0.22705870842349968
1.853539665617978 0.21990644195845413
1.9163715186897736 0.21214162942524126
1.9792033717615696 0.2038214456096567
2.0420352248333655 0.19500031469174606
2.104867077905162 0.1857296330852115
2.1676989309769574 0.17605758117089565
2.230530784048753 0.16602901526257963
2.2933626371205493 0.1556854307595063
2.356194490192345 0.14506498742141177
2.4190263432641403 0.13420258797676682
2.4818581963359367 0.12313000177380459
2.5446900494077322 0.11187602584244805
2.607521902479528 0.10046667649619398
2.670353755551324 0.08892540541735736
2.7331856086231197 0.07727333499614396
2.796017461694916 0.06552950850123004
2.8588493147667116 0.05371115142168901
2.9216811678385075 0.041833941018352215
2.9845130209103035 0.029912281743622857
3.047344873982099 0.017959584723143136
3.1101767270538954 0.005988549934657106
3.173008580125691 -0.005988549934657106
3.2358404331974873 -0.017959584723143136
3.2986722862692828 -0.029912281743622857
3.3615041393410787 -0.041833941018352215
3.4243359924128747 -0.05371115142168901
3.48716784548467 -0.06552950850123004
3.549999698556466 -0.07727333499614379
3.612831551628262 -0.08892540541735736
3.675663404700058 -0.10046667649619398
3.7384952577718535 -0.1118760258424478
3.8013271108436495 -0.12313000177380459
3.8641589639154454 -0.13420258797676668
3.9269908169872414 -0.14506498742141177
3.989822670059038 -0.15568543075950653
4.052654523130833 -0.16602901526257963
4.115486376202629 -0.17605758117089565
4.178318229274425 -0.18572963308521148
4.241150082346222 -0.19500031469174614
4.303981935418017 -0.20382144560965682
4.366813788489813 -0.21214162942524126
4.429645641561608 -0.21990644195845413
4.4924774946334045 -0.22705870842349982
4.5553093477052 -0.23353887732666959
4.618141200776996 -0.23928549762922907
4.680973053848792 -0.24423580384310722
4.743804906920587 -0.248326411295761
4.806636759992383 -0.2514941207999071
4.869468613064179 -0.2536768284315215
4.932300466135976 -0.2548145321343053
4.995132319207771 -0.2548504225536209
5.057964172279567 -0.25373204102455515
5.120796025351362 -0.2514124832035687
5.183627878423159 -0.2478516226780212
5.246459731494955 -0.24301732526645603
5.3092915845667505 -0.23688662188814288
5.372123437638546 -0.2294468060656192
5.434955290710342 -0.2206964215201317
5.497787143782137 -0.21064610605781256
5.560618996853934 -0.19931926007950118
5.62345084992573 -0.18675251155058528
5.686282702997525 -0.17299595402508394
5.749114556069321 -0.15811314013878894
5.811946409141116 -0.1421808196153225
5.874778262212914 -0.1252884179709027
5.937610115284709 -0.10753725944608551
6.000441968356505 -0.08903954493134884
6.0632738214283 -0.0699171025133647
6.126105674500097 -0.05029993452073497
6.188937527571893 -0.03032459041642253
6.2517693806436885 -0.010132399447909569