0.031415926535897934 0.009159677012976646
0.0942477796076938 0.02742255389035638
0.15707963267948966 0.045516599064031604
0.21991148575128552 0.06333124746859845
0.2827433388230814 0.08075888420789712
0.34557519189487723 0.09769595726278926
0.4084070449666731 0.11404402405599293
0.47123889803846897 0.12971071476230045
0.5340707511102649 0.14461059666323733
0.5969026041820606 0.15866592562484963
0.6597344572538566 0.1718072729303153
0.7225663103256523 0.18397401821020906
0.7853981633974483 0.19511470204334389
0.8482300164692442 0.20518723488515694
0.91106186954104 0.21415896222900638
0.9738937226128359 0.22200658920843852
1.0367255756846319 0.22871597108173863
1.0995574287564276 0.23428177907516035
1.1623892818282235 0.23870705377393603
1.2252211349000193 0.24200266053036695
1.2880529879718152 0.24418666311808726
1.350884841043611 0.24528363304164114
1.413716694115407 0.24532391248373608
1.4765485471872026 0.24434284884477825
1.5393804002589986 0.24238001823757124
1.6022122533307945 0.23947845420805255
1.6650441064025903 0.23568389644509502
1.7278759594743862 0.23104407241660893
1.7907078125461822 0.2256080228296271
1.853539665617978 0.21942547966195003
1.9163715186897736 0.21254630334870292
1.9792033717615696 0.20501998361352167
2.0420352248333655 0.19689520648090758
2.104867077905162 0.1882194882468265
2.1676989309769574 0.17903887565515053
2.230530784048753 0.16939771024817693
2.2933626371205493 0.1593384538358598
2.356194490192345 0.1489015712539666
2.4190263432641403 0.1381254660398629
2.4818581963359367 0.12704646432268202
2.5446900494077322 0.11569884207427746
2.607521902479528 0.10411489086813056
2.670353755551324 0.09232501741428979
2.7331856086231197 0.08035787234917112
2.796017461694916 0.06824050403136696
2.8588493147667116 0.05599853340273007
2.9216811678385075 0.04365634629519722
2.9845130209103035 0.031237299878586148
3.047344873982099 0.018763940236547746
3.1101767270538954 0.00625822831370615
3.173008580125691 -0.00625822831370615
3.2358404331974873 -0.018763940236547746
3.2986722862692828 -0.031237299878586148
3.3615041393410787 -0.04365634629519722
3.4243359924128747 -0.05599853340273007
3.48716784548467 -0.06824050403136696
3.549999698556466 -0.08035787234917106
3.612831551628262 -0.09232501741428979
3.675663404700058 -0.10411489086813056
3.7384952577718535 -0.11569884207427746
3.8013271108436495 -0.12704646432268202
3.8641589639154454 -0.1381254660398628
3.9269908169872414 -0.1489015712539666
3.989822670059038 -0.15933845383585984
4.052654523130833 -0.16939771024817693
4.115486376202629 -0.17903887565515053
4.178318229274425 -0.18821948824682658
4.241150082346222 -0.1968952064809077
4.303981935418017 -0.20501998361352172
4.366813788489813 -0.21254630334870292
4.429645641561608 -0.2194254796619499
4.4924774946334045 -0.2256080228296272
4.5553093477052 -0.23104407241660893
4.618141200776996 -0.23568389644509502
4.680973053848792 -0.23947845420805264
4.743804906920587 -0.24238001823757124
4.806636759992383 -0.2443428488447783
4.869468613064179 -0.24532391248373608
4.932300466135976 -0.24528363304164105
4.995132319207771 -0.24418666311808718
5.057964172279567 -0.24200266053036695
5.120796025351362 -0.23870705377393597
5.183627878423159 -0.23428177907516035
5.246459731494955 -0.22871597108173863
5.3092915845667505 -0.22200658920843852
5.372123437638546 -0.21415896222900638
5.434955290710342 -0.2051872348851569
5.497787143782137 -0.19511470204334402
5.560618996853934 -0.18397401821020887
5.62345084992573 -0.1718072729303153
5.686282702997525 -0.15866592562484963
5.749114556069321 -0.14461059666323753
5.811946409141116 -0.12971071476230062
5.874778262212914 -0.1140440240559928
5.937610115284709 -0.09769595726278926
6.000441968356505 -0.08075888420789712
6.0632738214283 -0.06333124746859854
6.126105674500097 -0.045516599064031604
6.188937527571893 -0.027422553890356097
6.2517693806436885 -0.009159677012976646