0.031415926535897934 0.0036349573915681996
0.0942477796076938 0.010890824162457348
0.15707963267948966 0.01810459946600384
0.21991148575128552 0.025248397330671437
0.2827433388230814 0.03229459351199648
0.34557519189487723 0.039215928629121516
0.4084070449666731 0.045985609773752406
0.47123889803846897 0.052577410192140905
0.5340707511102649 0.058965766666598696
0.5969026041820606 0.06512587425267004
0.6597344572538566 0.07103377806037935
0.7225663103256523 0.07666646180170206
0.7853981633974483 0.08200193286038639
0.8482300164692442 0.0870193036732186
0.91106186954104 0.09169886924259216
0.9738937226128359 0.0960221806277159
1.0367255756846319 0.09997211428499843
1.0995574287564276 0.1035329371462805
1.1623892818282235 0.1066903673360592
1.2252211349000193 0.1094316304352861
1.2880529879718152 0.11174551119961293
1.350884841043611 0.1136224006342303
1.413716694115407 0.1150543383161187
1.4765485471872026 0.1160350498382379
1.5393804002589986 0.11655997922984374
1.6022122533307945 0.11662631618383494
1.6650441064025903 0.11623301789712169
1.7278759594743862 0.11538082530491633
1.7907078125461822 0.1140722734661375
1.853539665617978 0.11231169583642743
1.9163715186897736 0.11010522214920918
1.9792033717615696 0.10746076961534816
2.0420352248333655 0.10438802714976854
2.104867077905162 0.10089843234010895
2.1676989309769574 0.09700514088923572
2.230530784048753 0.09272298829094058
2.2933626371205493 0.08806844353690707
2.356194490192345 0.08305955470310102
2.4190263432641403 0.0777158863248688
2.4818581963359367 0.07205844854149832
2.5446900494077322 0.06610961807173182
2.607521902479528 0.059893051170253474
2.670353755551324 0.05343358880968941
2.7331856086231197 0.04675715443101254
2.796017461694916 0.039890644705121006
2.8588493147667116 0.03286181384717623
2.9216811678385075 0.025699152120469877
2.9845130209103035 0.0184317592555281
3.047344873982099 0.011089213590327615
3.1101767270538954 0.0037014378066194454
3.173008580125691 -0.0037014378066194454
3.2358404331974873 -0.011089213590327615
3.2986722862692828 -0.0184317592555281
3.3615041393410787 -0.025699152120469877
3.4243359924128747 -0.03286181384717623
3.48716784548467 -0.039890644705121006
3.549999698556466 -0.046757154431012436
3.612831551628262 -0.05343358880968941
3.675663404700058 -0.059893051170253474
3.7384952577718535 -0.06610961807173163
3.8013271108436495 -0.07205844854149832
3.8641589639154454 -0.07771588632486881
3.9269908169872414 -0.08305955470310102
3.989822670059038 -0.08806844353690722
4.052654523130833 -0.09272298829094058
4.115486376202629 -0.09700514088923572
4.178318229274425 -0.10089843234010898
4.241150082346222 -0.10438802714976855
4.303981935418017 -0.10746076961534821
4.366813788489813 -0.11010522214920918
4.429645641561608 -0.11231169583642742
4.4924774946334045 -0.11407227346613753
4.5553093477052 -0.11538082530491633
4.618141200776996 -0.11623301789712163
4.680973053848792 -0.11662631618383489
4.743804906920587 -0.11655997922984367
4.806636759992383 -0.1160350498382379
4.869468613064179 -0.1150543383161187
4.932300466135976 -0.11362240063423032
4.995132319207771 -0.111745511199613
5.057964172279567 -0.10943163043528611
5.120796025351362 -0.10669036733605909
5.183627878423159 -0.1035329371462805
5.246459731494955 -0.0999721142849982
5.3092915845667505 -0.0960221806277159
5.372123437638546 -0.09169886924259216
5.434955290710342 -0.08701930367321874
5.497787143782137 -0.08200193286038646
5.560618996853934 -0.07666646180170202
5.62345084992573 -0.07103377806037935
5.686282702997525 -0.06512587425267004
5.749114556069321 -0.05896576666659871
5.811946409141116 -0.05257741019214107
5.874778262212914 -0.04598560977375234
5.937610115284709 -0.039215928629121516
6.000441968356505 -0.03229459351199648
6.0632738214283 -0.02524839733067147
6.126105674500097 -0.01810459946600384
6.188937527571893 -0.01089082416245733
6.2517693806436885 -0.0036349573915681996