0.031415926535897934 0.00749149924280125
0.0942477796076938 0.022451183748508432
0.15707963267948966 0.03734096650941837
0.21991148575128552 0.05211437978820821
0.2827433388230814 0.06672515406923793
0.34557519189487723 0.08112729362971549
0.4084070449666731 0.09527514866245956
0.47123889803846897 0.1091234833410629
0.5340707511102649 0.12262753948589344
0.5969026041820606 0.13574309580099417
0.6597344572538566 0.14842652299894857
0.7225663103256523 0.16063483550346933
0.7853981633974483 0.17232574080734378
0.8482300164692442 0.1834576879551571
0.91106186954104 0.19398991700403137
0.9738937226128359 0.20388251167906166
1.0367255756846319 0.21309645777023833
1.0995574287564276 0.2215937101009279
1.1623892818282235 0.22933727112041574
1.2252211349000193 0.23629128431996374
1.2880529879718152 0.24242114572817447
1.350884841043611 0.24769363669159922
1.413716694115407 0.2520770809747697
1.4765485471872026 0.2555415289046986
1.5393804002589986 0.25805897082384466
1.6022122533307945 0.2596035814898852
1.6650441064025903 0.26015199626070395
1.7278759594743862 0.2596836189236676
1.7907078125461822 0.25818095987067835
1.853539665617978 0.2556300019939711
1.9163715186897736 0.25202059020171347
1.9792033717615696 0.24734683885874226
2.0420352248333655 0.2416075497914094
2.104867077905162 0.2348066318162197
2.1676989309769574 0.22695351113396592
2.230530784048753 0.21806352046193653
2.2933626371205493 0.20815825355467424
2.356194490192345 0.19726587089306077
2.4190263432641403 0.185421341906732
2.4818581963359367 0.17266660923295063
2.5446900494077322 0.15905066128668585
2.607521902479528 0.14462950087657225
2.670353755551324 0.1294659997696613
2.7331856086231197 0.11362963196186307
2.796017461694916 0.09719608188053137
2.8588493147667116 0.08024672771116599
2.9216811678385075 0.06286800433555527
2.9845130209103035 0.04515065478854508
3.047344873982099 0.027188883452656958
3.1101767270538954 0.00907942817059773
3.173008580125691 -0.00907942817059773
3.2358404331974873 -0.027188883452656958
3.2986722862692828 -0.04515065478854508
3.3615041393410787 -0.06286800433555527
3.4243359924128747 -0.08024672771116599
3.48716784548467 -0.09719608188053137
3.549999698556466 -0.11362963196186286
3.612831551628262 -0.1294659997696613
3.675663404700058 -0.14462950087657225
3.7384952577718535 -0.15905066128668574
3.8013271108436495 -0.17266660923295063
3.8641589639154454 -0.18542134190673193
3.9269908169872414 -0.19726587089306077
3.989822670059038 -0.20815825355467432
4.052654523130833 -0.21806352046193653
4.115486376202629 -0.22695351113396592
4.178318229274425 -0.23480663181621975
4.241150082346222 -0.2416075497914095
4.303981935418017 -0.24734683885874245
4.366813788489813 -0.25202059020171347
4.429645641561608 -0.25563000199397107
4.4924774946334045 -0.2581809598706783
4.5553093477052 -0.2596836189236676
4.618141200776996 -0.260151996260704
4.680973053848792 -0.2596035814898853
4.743804906920587 -0.25805897082384466
4.806636759992383 -0.25554152890469867
4.869468613064179 -0.2520770809747697
4.932300466135976 -0.24769363669159913
4.995132319207771 -0.24242114572817447
5.057964172279567 -0.23629128431996374
5.120796025351362 -0.2293372711204158
5.183627878423159 -0.2215937101009279
5.246459731494955 -0.21309645777023825
5.3092915845667505 -0.20388251167906166
5.372123437638546 -0.19398991700403137
5.434955290710342 -0.18345768795515727
5.497787143782137 -0.17232574080734406
5.560618996853934 -0.16063483550346921
5.62345084992573 -0.14842652299894857
5.686282702997525 -0.13574309580099417
5.749114556069321 -0.12262753948589356
5.811946409141116 -0.10912348334106317
5.874778262212914 -0.09527514866245938
5.937610115284709 -0.08112729362971549
6.000441968356505 -0.06672515406923793
6.0632738214283 -0.05211437978820821
6.126105674500097 -0.03734096650941837
6.188937527571893 -0.02245118374850821
6.2517693806436885 -0.00749149924280125