0.031415926535897934 0.00399988729798936
0.0942477796076938 0.011983193266636116
0.15707963267948966 0.019917170083791753
0.21991148575128552 0.02776918689283177
0.2827433388230814 0.03550699387671838
0.34557519189487723 0.043098871044776686
0.4084070449666731 0.05051377344786534
0.47123889803846897 0.0577214718820642
0.5340707511102649 0.06469268819886519
0.5969026041820606 0.07139922440783186
0.6597344572538566 0.0778140848342778
0.7225663103256523 0.08391159067804026
0.7853981633974483 0.08966748640813796
0.8482300164692442 0.09505903752019156
0.91106186954104 0.10006511927713299
0.9738937226128359 0.10466629614719843
1.0367255756846319 0.10884489174481962
1.0995574287564276 0.11258504916829191
1.1623892818282235 0.11587278171166042
1.2252211349000193 0.11869601400597617
1.2880529879718152 0.12104461371602036
1.350884841043611 0.12291041398205184
1.413716694115407 0.12428722685165604
1.4765485471872026 0.12517084799408268
1.5393804002589986 0.12555905302854972
1.6022122533307945 0.12545158582898872
1.6650441064025903 0.12485013919096831
1.7278759594743862 0.12375832826251483
1.7907078125461822 0.12218165714986116
1.853539665617978 0.12012747911249333
1.9163715186897736 0.11760495075994927
1.9792033717615696 0.11462498065650176
2.0420352248333655 0.11120017272985348
2.104867077905162 0.10734476486714606
2.1676989309769574 0.10307456306662156
2.230530784048753 0.09840687149692516
2.2933626371205493 0.09336041879890018
2.356194490192345 0.08795528094738406
2.4190263432641403 0.0822128009734273
2.4818581963359367 0.07615550583093586
2.5446900494077322 0.06980702067627297
2.607521902479528 0.06319198081509031
2.670353755551324 0.056335941557735345
2.7331856086231197 0.04926528621308011
2.796017461694916 0.042007132440576286
2.8588493147667116 0.034589237171709905
2.9216811678385075 0.027039900304778642
2.9845130209103035 0.019387867370919656
3.047344873982099 0.011662231364506287
3.1101767270538954 0.0038923339272725426
3.173008580125691 -0.0038923339272725426
3.2358404331974873 -0.011662231364506287
3.2986722862692828 -0.019387867370919656
3.3615041393410787 -0.027039900304778642
3.4243359924128747 -0.034589237171709905
3.48716784548467 -0.042007132440576286
3.549999698556466 -0.04926528621308011
3.612831551628262 -0.056335941557735345
3.675663404700058 -0.06319198081509031
3.7384952577718535 -0.06980702067627298
3.8013271108436495 -0.07615550583093586
3.8641589639154454 -0.08221280097342719
3.9269908169872414 -0.08795528094738406
3.989822670059038 -0.09336041879890025
4.052654523130833 -0.09840687149692516
4.115486376202629 -0.10307456306662156
4.178318229274425 -0.10734476486714613
4.241150082346222 -0.11120017272985358
4.303981935418017 -0.11462498065650167
4.366813788489813 -0.11760495075994927
4.429645641561608 -0.12012747911249333
4.4924774946334045 -0.12218165714986126
4.5553093477052 -0.12375832826251483
4.618141200776996 -0.12485013919096842
4.680973053848792 -0.12545158582898883
4.743804906920587 -0.12555905302854975
4.806636759992383 -0.12517084799408282
4.869468613064179 -0.12428722685165604
4.932300466135976 -0.12291041398205185
4.995132319207771 -0.12104461371602035
5.057964172279567 -0.11869601400597624
5.120796025351362 -0.11587278171166054
5.183627878423159 -0.11258504916829191
5.246459731494955 -0.10884489174481954
5.3092915845667505 -0.10466629614719843
5.372123437638546 -0.10006511927713299
5.434955290710342 -0.09505903752019158
5.497787143782137 -0.08966748640813811
5.560618996853934 -0.08391159067804028
5.62345084992573 -0.0778140848342778
5.686282702997525 -0.07139922440783186
5.749114556069321 -0.0646926881988652
5.811946409141116 -0.05772147188206427
5.874778262212914 -0.050513773447865284
5.937610115284709 -0.043098871044776686
6.000441968356505 -0.03550699387671838
6.0632738214283 -0.027769186892831827
6.126105674500097 -0.019917170083791753
6.188937527571893 -0.011983193266636043
6.2517693806436885 -0.00399988729798936