0.031415926535897934 0.0027482379014953213
0.0942477796076938 0.008236294428451987
0.15707963267948966 0.013699097151372389
0.21991148575128552 0.019119823805308547
0.2827433388230814 0.024481673201526492
0.34557519189487723 0.029767875002851916
0.4084070449666731 0.03496170085672949
0.47123889803846897 0.040046477291346076
0.5340707511102649 0.04500560079162594
0.5969026041820606 0.0498225554840874
0.6597344572538566 0.05448093387137109
0.7225663103256523 0.05896446106739463
0.7853981633974483 0.06325702299105845
0.8482300164692442 0.06734269897852142
0.91106186954104 0.07120579926938646
0.9738937226128359 0.07483090780866097
1.0367255756846319 0.0782029307818971
1.0995574287564276 0.08130715126323361
1.1623892818282235 0.08412929030288611
1.2252211349000193 0.0866555747097499
1.2880529879718152 0.08887281169416794
1.350884841043611 0.09076847042379929
1.413716694115407 0.0923307704105813
1.4765485471872026 0.09354877648825757
1.5393804002589986 0.09441249995785965
1.6022122533307945 0.09491300527383295
1.6650441064025903 0.09504252141827277
1.7278759594743862 0.09479455686834894
1.7907078125461822 0.09416401680725234
1.853539665617978 0.09314732096825006
1.9163715186897736 0.09174252024256219
1.9792033717615696 0.0899494099342089
2.0420352248333655 0.08776963731948263
2.104867077905162 0.08520680097711415
2.1676989309769574 0.0822665392100696
2.230530784048753 0.0789566047938764
2.2933626371205493 0.07528692327160183
2.356194490192345 0.07126963208294992
2.4190263432641403 0.06691909797319623
2.4818581963359367 0.0622519103826774
2.5446900494077322 0.057286848871406504
2.607521902479528 0.05204482308384389
2.670353755551324 0.04654878429873092
2.7331856086231197 0.04082360822594952
2.796017461694916 0.03489594938934342
2.8588493147667116 0.02879406814949691
2.9216811678385075 0.02254763214804643
2.9845130209103035 0.016187494667073487
3.047344873982099 0.009745453064135056
3.1101767270538954 0.0032539910367718147
3.173008580125691 -0.0032539910367718147
3.2358404331974873 -0.009745453064135056
3.2986722862692828 -0.016187494667073487
3.3615041393410787 -0.02254763214804643
3.4243359924128747 -0.02879406814949691
3.48716784548467 -0.03489594938934342
3.549999698556466 -0.040823608225949465
3.612831551628262 -0.04654878429873092
3.675663404700058 -0.05204482308384389
3.7384952577718535 -0.05728684887140647
3.8013271108436495 -0.0622519103826774
3.8641589639154454 -0.06691909797319623
3.9269908169872414 -0.07126963208294992
3.989822670059038 -0.07528692327160197
4.052654523130833 -0.0789566047938764
4.115486376202629 -0.0822665392100696
4.178318229274425 -0.08520680097711414
4.241150082346222 -0.08776963731948251
4.303981935418017 -0.08994940993420898
4.366813788489813 -0.09174252024256219
4.429645641561608 -0.09314732096825006
4.4924774946334045 -0.09416401680725234
4.5553093477052 -0.09479455686834894
4.618141200776996 -0.09504252141827287
4.680973053848792 -0.09491300527383278
4.743804906920587 -0.09441249995785965
4.806636759992383 -0.09354877648825757
4.869468613064179 -0.0923307704105813
4.932300466135976 -0.09076847042379929
4.995132319207771 -0.08887281169416794
5.057964172279567 -0.08665557470974998
5.120796025351362 -0.08412929030288611
5.183627878423159 -0.08130715126323361
5.246459731494955 -0.07820293078189701
5.3092915845667505 -0.07483090780866097
5.372123437638546 -0.07120579926938646
5.434955290710342 -0.06734269897852138
5.497787143782137 -0.06325702299105859
5.560618996853934 -0.05896446106739463
5.62345084992573 -0.05448093387137109
5.686282702997525 -0.0498225554840874
5.749114556069321 -0.04500560079162594
5.811946409141116 -0.04004647729134621
5.874778262212914 -0.03496170085672949
5.937610115284709 -0.029767875002851916
6.000441968356505 -0.024481673201526492
6.0632738214283 -0.01911982380530861
6.126105674500097 -0.013699097151372389
6.188937527571893 -0.008236294428451987
6.2517693806436885 -0.0027482379014953213