0.031415926535897934 0.006266952533278895
0.0942477796076938 0.018776992625620218
0.15707963267948966 0.031215523851891976
0.21991148575128552 0.04353516009191078
0.2827433388230814 0.05568894352663018
0.34557519189487723 0.06763051321985007
0.4084070449666731 0.07931427103127765
0.47123889803846897 0.09069554419548576
0.5340707511102649 0.10173074396874295
0.5969026041820606 0.11237751982241617
0.6597344572538566 0.12259490874461527
0.7225663103256523 0.1323434792976005
0.7853981633974483 0.14158547016372947
0.8482300164692442 0.15028492299386512
0.91106186954104 0.15840780944579563
0.9738937226128359 0.16592215236316024
1.0367255756846319 0.17279814109481334
1.0995574287564276 0.17900824098811052
1.1623892818282235 0.184527297105462
1.2252211349000193 0.18933263221044197
1.2880529879718152 0.19340413904728818
1.350884841043611 0.19672436689592498
1.413716694115407 0.19927860232469263
1.4765485471872026 0.20105494398640672
1.5393804002589986 0.20204437121263846
1.6022122533307945 0.2022408060592744
1.6650441064025903 0.2016411683471798
1.7278759594743862 0.20024542312939753
1.7907078125461822 0.19805661990541146
1.853539665617978 0.19508092279855652
1.9163715186897736 0.19132763081977028
1.9792033717615696 0.1868091872646812
2.0420352248333655 0.18154117723640095
2.104867077905162 0.17554231225794023
2.1676989309769574 0.16883440093983781
2.230530784048753 0.16144230470367524
2.2933626371205493 0.1533938776329382
2.356194490192345 0.1447198896304276
2.4190263432641403 0.1354539322061382
2.4818581963359367 0.12563230639992035
2.5446900494077322 0.1152938925566615
2.607521902479528 0.10448000191416702
2.670353755551324 0.09323421023008367
2.7331856086231197 0.08160217395760679
2.796017461694916 0.06963142977289208
2.8588493147667116 0.05737117855183564
2.9216811678385075 0.04487205518152478
2.9845130209103035 0.03218588586338231
3.047344873982099 0.01936543481224354
3.1101767270538954 0.006464142470280895
3.173008580125691 -0.006464142470280895
3.2358404331974873 -0.01936543481224354
3.2986722862692828 -0.03218588586338231
3.3615041393410787 -0.04487205518152478
3.4243359924128747 -0.05737117855183564
3.48716784548467 -0.06963142977289208
3.549999698556466 -0.08160217395760665
3.612831551628262 -0.09323421023008367
3.675663404700058 -0.10448000191416702
3.7384952577718535 -0.1152938925566615
3.8013271108436495 -0.12563230639992035
3.8641589639154454 -0.135453932206138
3.9269908169872414 -0.1447198896304276
3.989822670059038 -0.1533938776329384
4.052654523130833 -0.16144230470367524
4.115486376202629 -0.16883440093983781
4.178318229274425 -0.17554231225794037
4.241150082346222 -0.18154117723640098
4.303981935418017 -0.18680918726468104
4.366813788489813 -0.19132763081977028
4.429645641561608 -0.19508092279855632
4.4924774946334045 -0.19805661990541157
4.5553093477052 -0.20024542312939753
4.618141200776996 -0.2016411683471799
4.680973053848792 -0.20224080605927444
4.743804906920587 -0.20204437121263846
4.806636759992383 -0.20105494398640672
4.869468613064179 -0.19927860232469263
4.932300466135976 -0.19672436689592498
4.995132319207771 -0.19340413904728818
5.057964172279567 -0.1893326322104421
5.120796025351362 -0.18452729710546206
5.183627878423159 -0.17900824098811052
5.246459731494955 -0.1727981410948132
5.3092915845667505 -0.16592215236316024
5.372123437638546 -0.15840780944579563
5.434955290710342 -0.15028492299386517
5.497787143782137 -0.1415854701637295
5.560618996853934 -0.13234347929760032
5.62345084992573 -0.12259490874461527
5.686282702997525 -0.11237751982241617
5.749114556069321 -0.10173074396874303
5.811946409141116 -0.09069554419548582
5.874778262212914 -0.07931427103127747
5.937610115284709 -0.06763051321985007
6.000441968356505 -0.05568894352663018
6.0632738214283 -0.04353516009191085
6.126105674500097 -0.031215523851891976
6.188937527571893 -0.01877699262562007
6.2517693806436885 -0.006266952533278895