0.031415926535897934 0.005751382263810767
0.0942477796076938 0.017234403870747633
0.15707963267948966 0.02865824595038446
0.21991148575128552 0.03998361933322573
0.2827433388230814 0.05117147970339185
0.34557519189487723 0.06218312375663732
0.4084070449666731 0.07298028370228148
0.47123889803846897 0.08352521981257313
0.5340707511102649 0.09378081084656807
0.5969026041820606 0.10371064231695708
0.6597344572538566 0.11327909272210766
0.7225663103256523 0.12245141802590212
0.7853981633974483 0.13119383482833716
0.8482300164692442 0.13947360282358426
0.91106186954104 0.1472591072823894
0.9738937226128359 0.15451994241545794
1.0367255756846319 0.16122699656709036
1.0995574287564276 0.1673525402473663
1.1623892818282235 0.1728703180306713
1.2252211349000193 0.17775564532290197
1.2880529879718152 0.1819855109247116
1.350884841043611 0.18553868618996794
1.413716694115407 0.1883958413947163
1.4765485471872026 0.1905396696912085
1.5393804002589986 0.19195501872445866
1.6022122533307945 0.19262902963767306
1.6650441064025903 0.1925512827922112
1.7278759594743862 0.19171394908435524
1.7907078125461822 0.19011194526447805
1.853539665617978 0.1877430911663967
1.9163715186897736 0.18460826625066543
1.9792033717615696 0.18071156237293334
2.0420352248333655 0.17606042922727388
2.104867077905162 0.1706658085065514
2.1676989309769574 0.16454225249069931
2.230530784048753 0.1577080225427638
2.2933626371205493 0.15018516288454772
2.356194490192345 0.14199954505921586
2.4190263432641403 0.1331808786843312
2.4818581963359367 0.12376268446730418
2.5446900494077322 0.11378222600139747
2.607521902479528 0.10328039758165379
2.670353755551324 0.0923015661650145
2.7331856086231197 0.08089336662683146
2.796017461694916 0.06910645060719225
2.8588493147667116 0.056994190456797836
2.9216811678385075 0.044612341038408374
2.9845130209103035 0.03201866336609413
3.047344873982099 0.019272515218293942
3.1101767270538954 0.006434414890331258
3.173008580125691 -0.006434414890331258
3.2358404331974873 -0.019272515218293942
3.2986722862692828 -0.03201866336609413
3.3615041393410787 -0.044612341038408374
3.4243359924128747 -0.056994190456797836
3.48716784548467 -0.06910645060719225
3.549999698556466 -0.08089336662683128
3.612831551628262 -0.0923015661650145
3.675663404700058 -0.10328039758165379
3.7384952577718535 -0.11378222600139742
3.8013271108436495 -0.12376268446730418
3.8641589639154454 -0.13318087868433118
3.9269908169872414 -0.14199954505921586
3.989822670059038 -0.1501851628845478
4.052654523130833 -0.1577080225427638
4.115486376202629 -0.16454225249069931
4.178318229274425 -0.17066580850655147
4.241150082346222 -0.1760604292272738
4.303981935418017 -0.1807115623729334
4.366813788489813 -0.18460826625066543
4.429645641561608 -0.1877430911663967
4.4924774946334045 -0.19011194526447794
4.5553093477052 -0.19171394908435524
4.618141200776996 -0.1925512827922113
4.680973053848792 -0.19262902963767314
4.743804906920587 -0.19195501872445866
4.806636759992383 -0.19053966969120853
4.869468613064179 -0.1883958413947163
4.932300466135976 -0.1855386861899678
4.995132319207771 -0.1819855109247116
5.057964172279567 -0.17775564532290206
5.120796025351362 -0.17287031803067138
5.183627878423159 -0.1673525402473663
5.246459731494955 -0.16122699656709014
5.3092915845667505 -0.15451994241545794
5.372123437638546 -0.1472591072823894
5.434955290710342 -0.13947360282358423
5.497787143782137 -0.1311938348283373
5.560618996853934 -0.12245141802590208
5.62345084992573 -0.11327909272210766
5.686282702997525 -0.10371064231695708
5.749114556069321 -0.09378081084656813
5.811946409141116 -0.08352521981257319
5.874778262212914 -0.07298028370228139
5.937610115284709 -0.06218312375663732
6.000441968356505 -0.05117147970339185
6.0632738214283 -0.03998361933322586
6.126105674500097 -0.02865824595038446
6.188937527571893 -0.017234403870747435
6.2517693806436885 -0.005751382263810767