0.031415926535897934 0.004109173620194709
0.0942477796076938 0.012316056204212856
0.15707963267948966 0.020488539174567173
0.21991148575128552 0.028603670852391513
0.2827433388230814 0.03663847240339727
0.34557519189487723 0.04456992849894567
0.4084070449666731 0.05237497955775689
0.47123889803846897 0.060030516100517343
0.5340707511102649 0.06751337580773921
0.5969026041820606 0.0748003439394645
0.6597344572538566 0.08186815785201042
0.7225663103256523 0.0886935164296652
0.7853981633974483 0.09525309533534973
0.8482300164692442 0.10152356907044871
0.91106186954104 0.10748164091636868
0.9738937226128359 0.11310408190433305
1.0367255756846319 0.11836778002014678
1.0995574287564276 0.12324980089116976
1.1623892818282235 0.12772746121675133
1.2252211349000193 0.13177841618349617
1.2880529879718152 0.1353807620450311
1.350884841043611 0.13851315493405075
1.413716694115407 0.14115494680401158
1.4765485471872026 0.1432863391607651
1.5393804002589986 0.14488855493342034
1.6022122533307945 0.14594402844288845
1.6650441064025903 0.14643661295216684
1.7278759594743862 0.14635180472369091
1.7907078125461822 0.14567698186911648
1.853539665617978 0.14440165556360002
1.9163715186897736 0.1425177304235295
1.9792033717615696 0.14001977003362986
2.0420352248333655 0.13690526278312426
2.104867077905162 0.13317488236475203
2.1676989309769574 0.12883273654499777
2.230530784048753 0.12388659717429447
2.2933626371205493 0.11834810392136356
2.356194490192345 0.1122329339364789
2.4190263432641403 0.10556092962255276
2.4818581963359367 0.09835617696295036
2.5446900494077322 0.09064702745336486
2.607521902479528 0.08246605763035626
2.670353755551324 0.07384996148185817
2.7331856086231197 0.06483937264482321
2.796017461694916 0.05547861519948462
2.8588493147667116 0.04581538399318868
2.9216811678385075 0.035900357683586626
2.9845130209103035 0.025786749978771197
3.047344873982099 0.015529806757595663
3.1101767270538954 0.005186258760600844
3.173008580125691 -0.005186258760600844
3.2358404331974873 -0.015529806757595663
3.2986722862692828 -0.025786749978771197
3.3615041393410787 -0.035900357683586626
3.4243359924128747 -0.04581538399318868
3.48716784548467 -0.05547861519948462
3.549999698556466 -0.06483937264482315
3.612831551628262 -0.07384996148185817
3.675663404700058 -0.08246605763035626
3.7384952577718535 -0.09064702745336477
3.8013271108436495 -0.09835617696295036
3.8641589639154454 -0.10556092962255262
3.9269908169872414 -0.1122329339364789
3.989822670059038 -0.11834810392136375
4.052654523130833 -0.12388659717429447
4.115486376202629 -0.12883273654499777
4.178318229274425 -0.13317488236475203
4.241150082346222 -0.13690526278312434
4.303981935418017 -0.14001977003362992
4.366813788489813 -0.1425177304235295
4.429645641561608 -0.14440165556360013
4.4924774946334045 -0.14567698186911657
4.5553093477052 -0.14635180472369091
4.618141200776996 -0.1464366129521669
4.680973053848792 -0.14594402844288848
4.743804906920587 -0.14488855493342043
4.806636759992383 -0.14328633916076516
4.869468613064179 -0.14115494680401158
4.932300466135976 -0.13851315493405078
4.995132319207771 -0.1353807620450311
5.057964172279567 -0.13177841618349612
5.120796025351362 -0.12772746121675127
5.183627878423159 -0.12324980089116976
5.246459731494955 -0.11836778002014661
5.3092915845667505 -0.11310408190433305
5.372123437638546 -0.10748164091636868
5.434955290710342 -0.10152356907044871
5.497787143782137 -0.09525309533534998
5.560618996853934 -0.0886935164296652
5.62345084992573 -0.08186815785201042
5.686282702997525 -0.0748003439394645
5.749114556069321 -0.06751337580773921
5.811946409141116 -0.060030516100517496
5.874778262212914 -0.05237497955775667
5.937610115284709 -0.04456992849894567
6.000441968356505 -0.03663847240339727
6.0632738214283 -0.028603670852391513
6.126105674500097 -0.020488539174567173
6.188937527571893 -0.012316056204212856
6.2517693806436885 -0.004109173620194709