0.031415926535897934 0.005454501910862008
0.0942477796076938 0.0163452077344987
0.15707963267948966 0.027181059511808405
0.21991148575128552 0.03792562085597133
0.2827433388230814 0.04854265422186231
0.34557519189487723 0.058996199243656726
0.4084070449666731 0.06925064998763025
0.47123889803846897 0.07927083096893281
0.5340707511102649 0.08902207189237822
0.5969026041820606 0.09847028120487618
0.6597344572538566 0.1075820186863199
0.7225663103256523 0.1163245674512208
0.7853981633974483 0.12466600587936884
0.8482300164692442 0.13257528013415235
0.91106186954104 0.14002227805551143
0.9738937226128359 0.14697790532432542
1.0367255756846319 0.15341416487983137
1.0995574287564276 0.1593042406250941
1.1623892818282235 0.16462258647144237
1.2252211349000193 0.16934502174547636
1.2880529879718152 0.1734488339065914
1.350884841043611 0.17691288939459132
1.413716694115407 0.17971775324251063
1.4765485471872026 0.18184581784711135
1.5393804002589986 0.18328144098807864
1.6022122533307945 0.18401109282798728
1.6650441064025903 0.18402351121211613
1.7278759594743862 0.18330986412610634
1.7907078125461822 0.18186391766910884
1.853539665617978 0.17968220737226898
1.9163715186897736 0.17676421015218147
1.9792033717615696 0.17311251365454094
2.0420352248333655 0.1687329792357619
2.104867077905162 0.16363489437358783
2.1676989309769574 0.15783110991720933
2.230530784048753 0.15133815730958644
2.2933626371205493 0.14417634076555233
2.356194490192345 0.1363697993929709
2.4190263432641403 0.1279465344212497
2.4818581963359367 0.11893839706700382
2.5446900494077322 0.10938103312858535
2.607521902479528 0.09931378115885413
2.670353755551324 0.08877952200833619
2.7331856086231197 0.0778244786375759
2.796017461694916 0.06649796633619494
2.8588493147667116 0.05485209481519366
2.9216811678385075 0.04294142500822397
2.9845130209103035 0.030822584770807335
3.047344873982099 0.018553848944482327
3.1101767270538954 0.006194690396807509
3.173008580125691 -0.006194690396807509
3.2358404331974873 -0.018553848944482327
3.2986722862692828 -0.030822584770807335
3.3615041393410787 -0.04294142500822397
3.4243359924128747 -0.05485209481519366
3.48716784548467 -0.06649796633619494
3.549999698556466 -0.07782447863757579
3.612831551628262 -0.08877952200833619
3.675663404700058 -0.09931378115885413
3.7384952577718535 -0.10938103312858535
3.8013271108436495 -0.11893839706700382
3.8641589639154454 -0.12794653442124954
3.9269908169872414 -0.1363697993929709
3.989822670059038 -0.1441763407655524
4.052654523130833 -0.15133815730958644
4.115486376202629 -0.15783110991720933
4.178318229274425 -0.16363489437358805
4.241150082346222 -0.16873297923576208
4.303981935418017 -0.17311251365454092
4.366813788489813 -0.17676421015218147
4.429645641561608 -0.17968220737226898
4.4924774946334045 -0.18186391766910884
4.5553093477052 -0.18330986412610634
4.618141200776996 -0.18402351121211616
4.680973053848792 -0.1840110928279874
4.743804906920587 -0.18328144098807858
4.806636759992383 -0.18184581784711132
4.869468613064179 -0.17971775324251063
4.932300466135976 -0.17691288939459124
4.995132319207771 -0.1734488339065914
5.057964172279567 -0.16934502174547642
5.120796025351362 -0.1646225864714423
5.183627878423159 -0.1593042406250941
5.246459731494955 -0.15341416487983128
5.3092915845667505 -0.14697790532432542
5.372123437638546 -0.14002227805551143
5.434955290710342 -0.13257528013415232
5.497787143782137 -0.12466600587936905
5.560618996853934 -0.11632456745122079
5.62345084992573 -0.1075820186863199
5.686282702997525 -0.09847028120487618
5.749114556069321 -0.08902207189237833
5.811946409141116 -0.07927083096893299
5.874778262212914 -0.06925064998763007
5.937610115284709 -0.058996199243656726
6.000441968356505 -0.04854265422186231
6.0632738214283 -0.03792562085597142
6.126105674500097 -0.027181059511808405
6.188937527571893 -0.0163452077344987
6.2517693806436885 -0.005454501910862008