0.031415926535897934 0.008955952363109173
0.0942477796076938 0.026830464948364382
0.15707963267948966 0.04459298904915368
0.21991148575128552 0.06216949044941221
0.2827433388230814 0.07948686622023109
0.34557519189487723 0.09647330561027245
0.4084070449666731 0.11305863959223326
0.47123889803846897 0.12917467621446682
0.5340707511102649 0.14475551918177704
0.5969026041820606 0.15973786740658266
0.6597344572538566 0.17406129362115513
0.7225663103256523 0.18766850051275116
0.7853981633974483 0.20050555322517222
0.8482300164692442 0.21252208745170353
0.91106186954104 0.22367149271516115
0.9738937226128359 0.23391107078141407
1.0367255756846319 0.24320216947498638
1.0995574287564276 0.25151029245226175
1.1623892818282235 0.2588051857341939
1.2252211349000193 0.26506090200254195
1.2880529879718152 0.2702558438196808
1.350884841043611 0.27437278704155993
1.413716694115407 0.2773988857577105
1.4765485471872026 0.2793256601138655
1.5393804002589986 0.28014896835554515
1.6022122533307945 0.27986896437962305
1.6650441064025903 0.27849004200086086
1.7278759594743862 0.27602076703766687
1.7907078125461822 0.2724737982021117
1.853539665617978 0.2678657976497998
1.9163715186897736 0.2622173319116448
1.9792033717615696 0.25555276379770686
2.0420352248333655 0.24790013573828065
2.104867077905162 0.23929104491399014
2.1676989309769574 0.22976051042865323
2.230530784048753 0.2193468326991658
2.2933626371205493 0.20809144517785302
2.356194490192345 0.1960387584858963
2.4190263432641403 0.1832359970220363
2.4818581963359367 0.1697330281182642
2.5446900494077322 0.15558218384242728
2.607521902479528 0.14083807559454764
2.670353755551324 0.12555740170656868
2.7331856086231197 0.10979874833098878
2.796017461694916 0.09362238398885196
2.8588493147667116 0.07709004823796523
2.9216811678385075 0.060264735014022956
2.9845130209103035 0.04321047128658918
3.047344873982099 0.025992091754807597
3.1101767270538954 0.008675010380827103
3.173008580125691 -0.008675010380827103
3.2358404331974873 -0.025992091754807597
3.2986722862692828 -0.04321047128658918
3.3615041393410787 -0.060264735014022956
3.4243359924128747 -0.07709004823796523
3.48716784548467 -0.09362238398885196
3.549999698556466 -0.10979874833098867
3.612831551628262 -0.12555740170656868
3.675663404700058 -0.14083807559454764
3.7384952577718535 -0.15558218384242722
3.8013271108436495 -0.1697330281182642
3.8641589639154454 -0.18323599702203627
3.9269908169872414 -0.1960387584858963
3.989822670059038 -0.20809144517785322
4.052654523130833 -0.2193468326991658
4.115486376202629 -0.22976051042865323
4.178318229274425 -0.2392910449139902
4.241150082346222 -0.24790013573828074
4.303981935418017 -0.255552763797707
4.366813788489813 -0.2622173319116448
4.429645641561608 -0.26786579764979973
4.4924774946334045 -0.2724737982021116
4.5553093477052 -0.27602076703766687
4.618141200776996 -0.2784900420008609
4.680973053848792 -0.27986896437962294
4.743804906920587 -0.2801489683555452
4.806636759992383 -0.2793256601138656
4.869468613064179 -0.2773988857577105
4.932300466135976 -0.27437278704156
4.995132319207771 -0.2702558438196809
5.057964172279567 -0.26506090200254195
5.120796025351362 -0.258805185734194
5.183627878423159 -0.25151029245226175
5.246459731494955 -0.24320216947498624
5.3092915845667505 -0.23391107078141407
5.372123437638546 -0.22367149271516115
5.434955290710342 -0.21252208745170367
5.497787143782137 -0.20050555322517233
5.560618996853934 -0.1876685005127511
5.62345084992573 -0.17406129362115513
5.686282702997525 -0.15973786740658266
5.749114556069321 -0.14475551918177723
5.811946409141116 -0.1291746762144671
5.874778262212914 -0.11305863959223315
5.937610115284709 -0.09647330561027245
6.000441968356505 -0.07948686622023109
6.0632738214283 -0.06216949044941241
6.126105674500097 -0.04459298904915368
6.188937527571893 -0.026830464948364278
6.2517693806436885 -0.008955952363109173