0.031415926535897934 0.007286470436610872
0.0942477796076938 0.021838013960709723
0.15707963267948966 0.036325385031019196
0.21991148575128552 0.05070586699979528
0.2827433388230814 0.0649368395951154
0.34557519189487723 0.07897581535506104
0.4084070449666731 0.09278047416891425
0.47123889803846897 0.10630869569781733
0.5340707511102649 0.119518589672809
0.5969026041820606 0.13236852433335006
0.6597344572538566 0.1448171535683839
0.7225663103256523 0.1568234436477481
0.7853981633974483 0.1683467007765281
0.8482300164692442 0.17934660106003608
0.91106186954104 0.18978322482282844
0.9738937226128359 0.19961709757091406
1.0367255756846319 0.208809240210279
1.0995574287564276 0.21732123142405688
1.1623892818282235 0.2251152853508081
1.2252211349000193 0.23215434788159264
1.2880529879718152 0.23840221498664463
1.350884841043611 0.24382367647477227
1.413716694115407 0.24838468846036738
1.4765485471872026 0.2520525775435789
1.5393804002589986 0.2547962792783801
1.6022122533307945 0.2565866128915574
1.6650441064025903 0.2573965934063296
1.7278759594743862 0.25720178130492166
1.7907078125461822 0.2559806686291722
1.853539665617978 0.25371509897039624
1.9163715186897736 0.2503907171543004
1.9792033717615696 0.24599744261328194
2.0420352248333655 0.24052995850326597
2.104867077905162 0.23398820663031672
2.1676989309769574 0.22637787628785702
2.230530784048753 0.21771087327124988
2.2933626371205493 0.20800575375145333
2.356194490192345 0.19728810648322975
2.4190263432641403 0.18559086612963274
2.4818581963359367 0.1729545404312651
2.5446900494077322 0.1594273346472901
2.607521902479528 0.14506515822725105
2.670353755551324 0.1299315010786056
2.7331856086231197 0.11409717006203637
2.796017461694916 0.09763988040191335
2.8588493147667116 0.08064370140546276
2.9216811678385075 0.06319836104193044
2.9845130209103035 0.045398419289744855
3.047344873982099 0.027342325424484268
3.1101767270538954 0.009131379284776713
3.173008580125691 -0.009131379284776713
3.2358404331974873 -0.027342325424484268
3.2986722862692828 -0.045398419289744855
3.3615041393410787 -0.06319836104193044
3.4243359924128747 -0.08064370140546276
3.48716784548467 -0.09763988040191335
3.549999698556466 -0.1140971700620363
3.612831551628262 -0.1299315010786056
3.675663404700058 -0.14506515822725105
3.7384952577718535 -0.1594273346472901
3.8013271108436495 -0.1729545404312651
3.8641589639154454 -0.18559086612963274
3.9269908169872414 -0.19728810648322975
3.989822670059038 -0.20800575375145347
4.052654523130833 -0.21771087327124988
4.115486376202629 -0.22637787628785702
4.178318229274425 -0.23398820663031683
4.241150082346222 -0.24052995850326608
4.303981935418017 -0.24599744261328194
4.366813788489813 -0.2503907171543004
4.429645641561608 -0.25371509897039624
4.4924774946334045 -0.2559806686291722
4.5553093477052 -0.25720178130492166
4.618141200776996 -0.25739659340632953
4.680973053848792 -0.2565866128915574
4.743804906920587 -0.25479627927838006
4.806636759992383 -0.25205257754357896
4.869468613064179 -0.24838468846036738
4.932300466135976 -0.24382367647477227
4.995132319207771 -0.23840221498664457
5.057964172279567 -0.23215434788159267
5.120796025351362 -0.22511528535080824
5.183627878423159 -0.21732123142405688
5.246459731494955 -0.20880924021027883
5.3092915845667505 -0.19961709757091406
5.372123437638546 -0.18978322482282844
5.434955290710342 -0.1793466010600361
5.497787143782137 -0.16834670077652825
5.560618996853934 -0.1568234436477481
5.62345084992573 -0.1448171535683839
5.686282702997525 -0.13236852433335006
5.749114556069321 -0.11951858967280916
5.811946409141116 -0.10630869569781755
5.874778262212914 -0.09278047416891419
5.937610115284709 -0.07897581535506104
6.000441968356505 -0.0649368395951154
6.0632738214283 -0.05070586699979539
6.126105674500097 -0.036325385031019196
6.188937527571893 -0.021838013960709723
6.2517693806436885 -0.007286470436610872