0.031415926535897934 0.0036017754224652926
0.0942477796076938 0.010794669441202059
0.15707963267948966 0.017955595508954127
0.21991148575128552 0.025063250257021583
0.2827433388230814 0.032096343826226725
0.34557519189487723 0.03903360651190392
0.4084070449666731 0.04585379669153983
0.47123889803846897 0.05253571045938406
0.5340707511102649 0.059058193433275466
0.5969026041820606 0.06540015524616483
0.6597344572538566 0.07154058728665173
0.7225663103256523 0.07745858430719187
0.7853981633974483 0.08313337057302657
0.8482300164692442 0.08854433127646648
0.91106186954104 0.0936710499866769
0.9738937226128359 0.09849335294087748
1.0367255756846319 0.10299136100483058
1.0995574287564276 0.10714555013419484
1.1623892818282235 0.11093682114903217
1.2252211349000193 0.11434657958648535
1.2880529879718152 0.1173568263163425
1.350884841043611 0.11995025948586995
1.413716694115407 0.12211038819926902
1.4765485471872026 0.12382165812931176
1.5393804002589986 0.1250695890010258
1.6022122533307945 0.1258409235779463
1.6650441064025903 0.1261237874204707
1.7278759594743862 0.12590785827554807
1.7907078125461822 0.12518454350235647
1.853539665617978 0.12394716344803478
1.9163715186897736 0.12219113817274464
1.9792033717615696 0.11991417439992977
2.0420352248333655 0.11711644905503037
2.104867077905162 0.11380078527707656
2.1676989309769574 0.10997281636858401
2.230530784048753 0.10564113281821452
2.2933626371205493 0.10081740731686432
2.356194490192345 0.09551649261960438
2.4190263432641403 0.08975648720898868
2.4818581963359367 0.08355876401064756
2.5446900494077322 0.0769479579137684
2.607521902479528 0.06995190856193144
2.670353755551324 0.06260155579782455
2.7331856086231197 0.054930786250514736
2.796017461694916 0.046976230815567295
2.8588493147667116 0.038777014153591326
2.9216811678385075 0.030374458768343406
2.9845130209103035 0.021811747659783137
3.047344873982099 0.013133550914130314
3.1101767270538954 0.004385622825092746
3.173008580125691 -0.004385622825092746
3.2358404331974873 -0.013133550914130314
3.2986722862692828 -0.021811747659783137
3.3615041393410787 -0.030374458768343406
3.4243359924128747 -0.038777014153591326
3.48716784548467 -0.046976230815567295
3.549999698556466 -0.054930786250514736
3.612831551628262 -0.06260155579782455
3.675663404700058 -0.06995190856193144
3.7384952577718535 -0.07694795791376834
3.8013271108436495 -0.08355876401064756
3.8641589639154454 -0.08975648720898868
3.9269908169872414 -0.09551649261960438
3.989822670059038 -0.10081740731686434
4.052654523130833 -0.10564113281821452
4.115486376202629 -0.10997281636858401
4.178318229274425 -0.11380078527707663
4.241150082346222 -0.11711644905503038
4.303981935418017 -0.1199141743999297
4.366813788489813 -0.12219113817274464
4.429645641561608 -0.12394716344803478
4.4924774946334045 -0.12518454350235647
4.5553093477052 -0.12590785827554807
4.618141200776996 -0.1261237874204707
4.680973053848792 -0.12584092357794627
4.743804906920587 -0.1250695890010258
4.806636759992383 -0.12382165812931178
4.869468613064179 -0.12211038819926902
4.932300466135976 -0.11995025948586999
4.995132319207771 -0.1173568263163425
5.057964172279567 -0.11434657958648535
5.120796025351362 -0.1109368211490322
5.183627878423159 -0.10714555013419484
5.246459731494955 -0.10299136100483049
5.3092915845667505 -0.09849335294087748
5.372123437638546 -0.0936710499866769
5.434955290710342 -0.0885443312764665
5.497787143782137 -0.08313337057302665
5.560618996853934 -0.07745858430719182
5.62345084992573 -0.07154058728665173
5.686282702997525 -0.06540015524616483
5.749114556069321 -0.059058193433275466
5.811946409141116 -0.052535710459384134
5.874778262212914 -0.04585379669153983
5.937610115284709 -0.03903360651190392
6.000441968356505 -0.032096343826226725
6.0632738214283 -0.025063250257021583
6.126105674500097 -0.017955595508954127
6.188937527571893 -0.010794669441202059
6.2517693806436885 -0.0036017754224652926