0.031415926535897934 0.009652500200582914
0.0942477796076938 0.028907300932822115
0.15707963267948966 0.04801190046307549
0.21991148575128552 0.06686748592692712
0.2827433388230814 0.08537720980200456
0.34557519189487723 0.1034469430886743
0.4084070449666731 0.1209859959399968
0.47123889803846897 0.13790779703797904
0.5340707511102649 0.15413052348976186
0.5969026041820606 0.16957767362586246
0.6597344572538566 0.18417857583107455
0.7225663103256523 0.19786882743098558
0.7853981633974483 0.21059065869116866
0.8482300164692442 0.22229321815261754
0.91106186954104 0.23293277680855537
0.9738937226128359 0.24247284999910965
1.0367255756846319 0.25088423732888077
1.0995574287564276 0.2581449823597054
1.1623892818282235 0.26424025525442985
1.2252211349000193 0.26916216290318684
1.2880529879718152 0.2729094923083378
1.350884841043611 0.2754873940981457
1.413716694115407 0.27690701394843065
1.4765485471872026 0.27718508038962325
1.5393804002589986 0.27634345794648263
1.6022122533307945 0.2744086747918063
1.6650441064025903 0.27141143409599083
1.7278759594743862 0.2673861180329222
1.7907078125461822 0.2623702929790736
1.853539665617978 0.256404223843256
1.9163715186897736 0.24953040472037316
1.9792033717615696 0.24179311220786354
2.0420352248333655 0.23323798679333435
2.104867077905162 0.2239116467505043
2.1676989309769574 0.2138613379999234
2.230530784048753 0.20313462242954772
2.2933626371205493 0.19177910625217046
2.356194490192345 0.17984220912117663
2.4190263432641403 0.16737097394721318
2.4818581963359367 0.1544119166653193
2.5446900494077322 0.1410109145993432
2.607521902479528 0.12721313155848882
2.670353755551324 0.11306297737653784
2.7331856086231197 0.09860409926175227
2.796017461694916 0.08387940205685208
2.8588493147667116 0.06893109430442167
2.9216811678385075 0.053800756863708506
2.9845130209103035 0.03852943071992687
3.047344873982099 0.02315772055715032
3.1101767270538954 0.007725910621828407
3.173008580125691 -0.007725910621828407
3.2358404331974873 -0.02315772055715032
3.2986722862692828 -0.03852943071992687
3.3615041393410787 -0.053800756863708506
3.4243359924128747 -0.06893109430442167
3.48716784548467 -0.08387940205685208
3.549999698556466 -0.09860409926175216
3.612831551628262 -0.11306297737653784
3.675663404700058 -0.12721313155848882
3.7384952577718535 -0.14101091459934298
3.8013271108436495 -0.1544119166653193
3.8641589639154454 -0.16737097394721312
3.9269908169872414 -0.17984220912117663
3.989822670059038 -0.1917791062521707
4.052654523130833 -0.20313462242954772
4.115486376202629 -0.2138613379999234
4.178318229274425 -0.22391164675050435
4.241150082346222 -0.2332379867933344
4.303981935418017 -0.24179311220786362
4.366813788489813 -0.24953040472037316
4.429645641561608 -0.25640422384325606
4.4924774946334045 -0.2623702929790737
4.5553093477052 -0.2673861180329222
4.618141200776996 -0.2714114340959909
4.680973053848792 -0.27440867479180625
4.743804906920587 -0.27634345794648274
4.806636759992383 -0.2771850803896233
4.869468613064179 -0.27690701394843065
4.932300466135976 -0.27548739409814565
4.995132319207771 -0.2729094923083379
5.057964172279567 -0.26916216290318684
5.120796025351362 -0.26424025525442996
5.183627878423159 -0.2581449823597054
5.246459731494955 -0.2508842373288807
5.3092915845667505 -0.24247284999910965
5.372123437638546 -0.23293277680855537
5.434955290710342 -0.22229321815261763
5.497787143782137 -0.21059065869116897
5.560618996853934 -0.19786882743098536
5.62345084992573 -0.18417857583107455
5.686282702997525 -0.16957767362586246
5.749114556069321 -0.15413052348976197
5.811946409141116 -0.13790779703797923
5.874778262212914 -0.12098599593999666
5.937610115284709 -0.1034469430886743
6.000441968356505 -0.08537720980200456
6.0632738214283 -0.06686748592692725
6.126105674500097 -0.04801190046307549
6.188937527571893 -0.028907300932821914
6.2517693806436885 -0.009652500200582914