0.031415926535897934 0.00507989346713508
0.0942477796076938 0.015226064739677808
0.15707963267948966 0.025331380744252424
0.21991148575128552 0.03536857709536955
0.2827433388230814 0.04531034835223745
0.34557519189487723 0.05512933215352465
0.4084070449666731 0.06479809401800159
0.47123889803846897 0.07428911315551491
0.5340707511102649 0.0835747697457204
0.5969026041820606 0.09262733427695463
0.6597344572538566 0.10141895969252901
0.7225663103256523 0.10992167726395427
0.7853981633974483 0.11810739729691289
0.8482300164692442 0.12594791597214297
0.91106186954104 0.13341492982483247
0.9738937226128359 0.14048005956664925
1.0367255756846319 0.14711488514687665
1.0995574287564276 0.1532909941246577
1.1623892818282235 0.15898004557287385
1.2252211349000193 0.16415385184386116
1.2880529879718152 0.16878448058446432
1.350884841043611 0.17284437937768124
1.413716694115407 0.1763065252937744
1.4765485471872026 0.17914460143756517
1.5393804002589986 0.18133320226263863
1.6022122533307945 0.18284806896975972
1.6650441064025903 0.18366635570002207
1.7278759594743862 0.18376692646042594
1.7907078125461822 0.18313068177305794
1.853539665617978 0.1817409129184223
1.9163715186897736 0.17958368035782915
1.9792033717615696 0.17664821149002904
2.0420352248333655 0.1729273113584112
2.104867077905162 0.16841777832759516
2.1676989309769574 0.1631208151590756
2.230530784048753 0.15704242441771366
2.2933626371205493 0.15019377583129642
2.356194490192345 0.142591532211372
2.4190263432641403 0.13425811993676393
2.4818581963359367 0.12522192990980235
2.5446900494077322 0.11551743541477685
2.607521902479528 0.10518521451040284
2.670353755551324 0.09427186651122792
2.7331856086231197 0.08282981475131561
2.796017461694916 0.07091699112106338
2.8588493147667116 0.05859640171431648
2.9216811678385075 0.04593557715513534
2.9845130209103035 0.03300591558306314
3.047344873982099 0.01988193062067282
3.1101767270538954 0.006640420669809989
3.173008580125691 -0.006640420669809989
3.2358404331974873 -0.01988193062067282
3.2986722862692828 -0.03300591558306314
3.3615041393410787 -0.04593557715513534
3.4243359924128747 -0.05859640171431648
3.48716784548467 -0.07091699112106338
3.549999698556466 -0.0828298147513155
3.612831551628262 -0.09427186651122792
3.675663404700058 -0.10518521451040284
3.7384952577718535 -0.11551743541477667
3.8013271108436495 -0.12522192990980235
3.8641589639154454 -0.13425811993676376
3.9269908169872414 -0.142591532211372
3.989822670059038 -0.15019377583129653
4.052654523130833 -0.15704242441771366
4.115486376202629 -0.1631208151590756
4.178318229274425 -0.16841777832759522
4.241150082346222 -0.1729273113584113
4.303981935418017 -0.17664821149002904
4.366813788489813 -0.17958368035782915
4.429645641561608 -0.18174091291842234
4.4924774946334045 -0.18313068177305794
4.5553093477052 -0.18376692646042594
4.618141200776996 -0.18366635570002193
4.680973053848792 -0.18284806896975972
4.743804906920587 -0.18133320226263863
4.806636759992383 -0.17914460143756514
4.869468613064179 -0.1763065252937744
4.932300466135976 -0.1728443793776812
4.995132319207771 -0.16878448058446427
5.057964172279567 -0.16415385184386116
5.120796025351362 -0.1589800455728737
5.183627878423159 -0.1532909941246577
5.246459731494955 -0.14711488514687657
5.3092915845667505 -0.14048005956664925
5.372123437638546 -0.13341492982483247
5.434955290710342 -0.125947915972143
5.497787143782137 -0.11810739729691291
5.560618996853934 -0.10992167726395422
5.62345084992573 -0.10141895969252901
5.686282702997525 -0.09262733427695463
5.749114556069321 -0.08357476974572049
5.811946409141116 -0.07428911315551516
5.874778262212914 -0.06479809401800145
5.937610115284709 -0.05512933215352465
6.000441968356505 -0.04531034835223745
6.0632738214283 -0.03536857709536955
6.126105674500097 -0.025331380744252424
6.188937527571893 -0.015226064739677806
6.2517693806436885 -0.00507989346713508