0.031415926535897934 0.00953942390627587
0.0942477796076938 0.028533840388450173
0.15707963267948966 0.04727652753147364
0.21991148575128552 0.06560483050869138
0.2827433388230814 0.08336366626963085
0.34557519189487723 0.10040821005219121
0.4084070449666731 0.11660625890317504
0.47123889803846897 0.13184020609367772
0.5340707511102649 0.14600857780531978
0.5969026041820606 0.15902710262598274
0.6597344572538566 0.1708293041254687
0.7225663103256523 0.18136662597123218
0.7853981633974483 0.190608116654295
0.8482300164692442 0.19853971603648338
0.91106186954104 0.20516319792377413
0.9738937226128359 0.2104948312913653
1.0367255756846319 0.2145638274791124
1.0995574287564276 0.21741064174830602
1.1623892818282235 0.21908519537953247
1.2252211349000193 0.21964507951301965
1.2880529879718152 0.21915379482154476
1.350884841043611 0.21767907254838945
1.413716694115407 0.21529131311773744
1.4765485471872026 0.21206216905235623
1.5393804002589986 0.20806328983804417
1.6022122533307945 0.2033652380634766
1.6650441064025903 0.19803657892046972
1.7278759594743862 0.19214313913604106
1.7907078125461822 0.18574742668051492
1.853539665617978 0.1789081991249417
1.9163715186897736 0.17168016621079105
1.9792033717615696 0.16411381090627586
2.0420352248333655 0.15625531279382898
2.104867077905162 0.1481465578916361
2.1676989309769574 0.1398252197931267
2.230530784048753 0.13132489816008835
2.2933626371205493 0.12267530199502638
2.356194490192345 0.11390246663572218
2.4190263432641403 0.10502899497109593
2.4818581963359367 0.09607431490493193
2.5446900494077322 0.08705494654410581
2.607521902479528 0.07798477392814981
2.670353755551324 0.0688753173280017
2.7331856086231197 0.05973600321468531
2.796017461694916 0.050574429932283685
2.8588493147667116 0.04139662790819123
2.9216811678385075 0.03220731390503798
2.9845130209103035 0.023010139372620992
3.047344873982099 0.013807933405003497
3.1101767270538954 0.004602941157763519
3.173008580125691 -0.004602941157763519
3.2358404331974873 -0.013807933405003497
3.2986722862692828 -0.023010139372620992
3.3615041393410787 -0.03220731390503798
3.4243359924128747 -0.04139662790819123
3.48716784548467 -0.050574429932283685
3.549999698556466 -0.059736003214685314
3.612831551628262 -0.0688753173280017
3.675663404700058 -0.07798477392814981
3.7384952577718535 -0.08705494654410581
3.8013271108436495 -0.09607431490493193
3.8641589639154454 -0.10502899497109588
3.9269908169872414 -0.11390246663572218
3.989822670059038 -0.12267530199502649
4.052654523130833 -0.13132489816008835
4.115486376202629 -0.1398252197931267
4.178318229274425 -0.1481465578916362
4.241150082346222 -0.15625531279382898
4.303981935418017 -0.16411381090627586
4.366813788489813 -0.17168016621079105
4.429645641561608 -0.17890819912494169
4.4924774946334045 -0.18574742668051505
4.5553093477052 -0.19214313913604106
4.618141200776996 -0.19803657892046983
4.680973053848792 -0.2033652380634766
4.743804906920587 -0.20806328983804415
4.806636759992383 -0.2120621690523561
4.869468613064179 -0.21529131311773744
4.932300466135976 -0.2176790725483894
4.995132319207771 -0.21915379482154476
5.057964172279567 -0.21964507951301968
5.120796025351362 -0.21908519537953233
5.183627878423159 -0.21741064174830602
5.246459731494955 -0.21456382747911243
5.3092915845667505 -0.2104948312913653
5.372123437638546 -0.20516319792377413
5.434955290710342 -0.19853971603648354
5.497787143782137 -0.19060811665429508
5.560618996853934 -0.18136662597123218
5.62345084992573 -0.1708293041254687
5.686282702997525 -0.15902710262598274
5.749114556069321 -0.1460085778053199
5.811946409141116 -0.13184020609367803
5.874778262212914 -0.11660625890317493
5.937610115284709 -0.10040821005219121
6.000441968356505 -0.08336366626963085
6.0632738214283 -0.06560483050869158
6.126105674500097 -0.04727652753147364
6.188937527571893 -0.028533840388450055
6.2517693806436885 -0.00953942390627587