0.031415926535897934 0.008748036298354958
0.0942477796076938 0.026203808735143497
0.15707963267948966 0.0435389312467283
0.21991148575128552 0.060673803338465906
0.2827433388230814 0.07753006534969925
0.34557519189487723 0.09403107818395347
0.4084070449666731 0.1101023866579509
0.47123889803846897 0.12567216210720183
0.5340707511102649 0.1406716201252193
0.5969026041820606 0.15503540960588985
0.6597344572538566 0.16870196960326647
0.7225663103256523 0.18161385091809454
0.7853981633974483 0.19371799976266366
0.8482300164692442 0.2049660013406188
0.91106186954104 0.21531428170021102
0.9738937226128359 0.22472426677064355
1.0367255756846319 0.2331624980627791
1.0995574287564276 0.24060070509733864
1.1623892818282235 0.24701583520470094
1.2252211349000193 0.2523900419087281
1.2880529879718152 0.2567106336507056
1.350884841043611 0.2599699851167609
1.413716694115407 0.26216541389196335
1.4765485471872026 0.2632990255668274
1.5393804002589986 0.263377530758762
1.6022122533307945 0.262412037775642
1.6650441064025903 0.260417824836674
1.7278759594743862 0.25741409587489716
1.7907078125461822 0.25342372397600266
1.853539665617978 0.24847298646187352
1.9163715186897736 0.24259129550850259
1.9792033717615696 0.235810928002671
2.0420352248333655 0.22816675809729572
2.104867077905162 0.21969599563014688
2.1676989309769574 0.21043793323382748
2.230530784048753 0.2004337045960355
2.2933626371205493 0.18972605593771397
2.356194490192345 0.17835913237196274
2.4190263432641403 0.16637828039722075
2.4818581963359367 0.15382986737215007
2.5446900494077322 0.1407611184238348
2.607521902479528 0.12721997086138515
2.670353755551324 0.11325494580875343
2.7331856086231197 0.09891503643748817
2.796017461694916 0.08424961187526658
2.8588493147667116 0.06930833559149506
2.9216811678385075 0.054141096818437706
2.9845130209103035 0.03879795335601459
3.047344873982099 0.023329083930919883
3.1101767270538954 0.007784748136026083
3.173008580125691 -0.007784748136026083
3.2358404331974873 -0.023329083930919883
3.2986722862692828 -0.03879795335601459
3.3615041393410787 -0.054141096818437706
3.4243359924128747 -0.06930833559149506
3.48716784548467 -0.08424961187526658
3.549999698556466 -0.09891503643748809
3.612831551628262 -0.11325494580875343
3.675663404700058 -0.12721997086138515
3.7384952577718535 -0.1407611184238348
3.8013271108436495 -0.15382986737215007
3.8641589639154454 -0.1663782803972208
3.9269908169872414 -0.17835913237196274
3.989822670059038 -0.18972605593771422
4.052654523130833 -0.2004337045960355
4.115486376202629 -0.21043793323382748
4.178318229274425 -0.2196959956301471
4.241150082346222 -0.22816675809729575
4.303981935418017 -0.235810928002671
4.366813788489813 -0.24259129550850259
4.429645641561608 -0.24847298646187344
4.4924774946334045 -0.25342372397600277
4.5553093477052 -0.25741409587489716
4.618141200776996 -0.26041782483667403
4.680973053848792 -0.26241203777564204
4.743804906920587 -0.263377530758762
4.806636759992383 -0.2632990255668274
4.869468613064179 -0.26216541389196335
4.932300466135976 -0.25996998511676067
4.995132319207771 -0.25671063365070557
5.057964172279567 -0.25239004190872816
5.120796025351362 -0.247015835204701
5.183627878423159 -0.24060070509733864
5.246459731494955 -0.233162498062779
5.3092915845667505 -0.22472426677064355
5.372123437638546 -0.21531428170021102
5.434955290710342 -0.20496600134061901
5.497787143782137 -0.1937179997626638
5.560618996853934 -0.18161385091809448
5.62345084992573 -0.16870196960326647
5.686282702997525 -0.15503540960588985
5.749114556069321 -0.14067162012521936
5.811946409141116 -0.12567216210720197
5.874778262212914 -0.11010238665795065
5.937610115284709 -0.09403107818395347
6.000441968356505 -0.07753006534969925
6.0632738214283 -0.06067380333846603
6.126105674500097 -0.0435389312467283
6.188937527571893 -0.026203808735143483
6.2517693806436885 -0.008748036298354958