0.031415926535897934 0.008796831599252633
0.0942477796076938 0.02630765511533824
0.15707963267948966 0.043571613843749794
0.21991148575128552 0.06042958786175181
0.2827433388230814 0.07673044345559055
0.34557519189487723 0.09233384044733058
0.4084070449666731 0.10711267559228405
0.47123889803846897 0.12095508962114587
0.5340707511102649 0.13376598642564774
0.5969026041820606 0.1454680356328035
0.6597344572538566 0.15600215298464548
0.7225663103256523 0.16532747514996923
0.7853981633974483 0.17342086557025632
0.8482300164692442 0.1802760046270729
0.91106186954104 0.1859021300500918
0.9738937226128359 0.1903225016429083
1.0367255756846319 0.19357266802226264
1.0995574287564276 0.19569861241044914
1.1623892818282235 0.19675485013206398
1.2252211349000193 0.1968025430852611
1.2880529879718152 0.1959076869359953
1.350884841043611 0.1941394159971026
1.413716694115407 0.19156845952648774
1.4765485471872026 0.188265772223795
1.5393804002589986 0.18430135158888922
1.6022122533307945 0.17974324593074487
1.6650441064025903 0.17465674942285825
1.7278759594743862 0.169103774786839
1.7907078125461822 0.16314238992535432
1.853539665617978 0.15682650200483228
1.9163715186897736 0.15020567093280218
1.9792033717615696 0.14332503367686494
2.0420352248333655 0.13622532121401787
2.104867077905162 0.12894295086935306
2.1676989309769574 0.12151017820976001
2.230530784048753 0.11395529433507892
2.2933626371205493 0.10630285621926361
2.356194490192345 0.09857393959005248
2.4190263432641403 0.09078640561741028
2.4818581963359367 0.08295517435288233
2.5446900494077322 0.07509249938863433
2.607521902479528 0.06720823956745874
2.670353755551324 0.05931012476705186
2.7331856086231197 0.05140401380625498
2.796017461694916 0.043494143386821144
2.8588493147667116 0.035583367704507804
2.9216811678385075 0.027673388952809776
2.9845130209103035 0.01976497941674235
3.047344873982099 0.011858196227507996
3.1101767270538954 0.003952590134968723
3.173008580125691 -0.003952590134968723
3.2358404331974873 -0.011858196227507996
3.2986722862692828 -0.01976497941674235
3.3615041393410787 -0.027673388952809776
3.4243359924128747 -0.035583367704507804
3.48716784548467 -0.043494143386821144
3.549999698556466 -0.0514040138062549
3.612831551628262 -0.05931012476705186
3.675663404700058 -0.06720823956745874
3.7384952577718535 -0.07509249938863424
3.8013271108436495 -0.08295517435288233
3.8641589639154454 -0.09078640561741028
3.9269908169872414 -0.09857393959005248
3.989822670059038 -0.10630285621926375
4.052654523130833 -0.11395529433507892
4.115486376202629 -0.12151017820976001
4.178318229274425 -0.12894295086935317
4.241150082346222 -0.13622532121401792
4.303981935418017 -0.14332503367686508
4.366813788489813 -0.15020567093280218
4.429645641561608 -0.15682650200483217
4.4924774946334045 -0.16314238992535451
4.5553093477052 -0.169103774786839
4.618141200776996 -0.17465674942285825
4.680973053848792 -0.17974324593074498
4.743804906920587 -0.18430135158888922
4.806636759992383 -0.18826577222379506
4.869468613064179 -0.19156845952648774
4.932300466135976 -0.19413941599710247
4.995132319207771 -0.1959076869359953
5.057964172279567 -0.1968025430852611
5.120796025351362 -0.19675485013206387
5.183627878423159 -0.19569861241044914
5.246459731494955 -0.1935726680222625
5.3092915845667505 -0.1903225016429083
5.372123437638546 -0.1859021300500918
5.434955290710342 -0.18027600462707305
5.497787143782137 -0.1734208655702566
5.560618996853934 -0.16532747514996918
5.62345084992573 -0.15600215298464548
5.686282702997525 -0.1454680356328035
5.749114556069321 -0.1337659864256478
5.811946409141116 -0.12095508962114596
5.874778262212914 -0.10711267559228384
5.937610115284709 -0.09233384044733058
6.000441968356505 -0.07673044345559055
6.0632738214283 -0.060429587861751996
6.126105674500097 -0.043571613843749794
6.188937527571893 -0.02630765511533824
6.2517693806436885 -0.008796831599252633