0.031415926535897934 0.0031290548073310905
0.0942477796076938 0.009377749726044066
0.15707963267948966 0.015598203711635554
0.21991148575128552 0.021771600180228508
0.2827433388230814 0.027879139270206518
0.34557519189487723 0.03390204587186919
0.4084070449666731 0.03982157902269883
0.47123889803846897 0.045619043092783126
0.5340707511102649 0.05127580120871904
0.5969026041820606 0.05677329139111785
0.6597344572538566 0.062093045909287506
0.7225663103256523 0.0672167143850931
0.7853981633974483 0.0721260912044731
0.8482300164692442 0.07680314781737227
0.91106186954104 0.08123007052243947
0.9738937226128359 0.0853893043389518
1.0367255756846319 0.08926360356204059
1.0995574287564276 0.09283608957520346
1.1623892818282235 0.09609031645291645
1.2252211349000193 0.09901034482253429
1.2880529879718152 0.10158082436523523
1.350884841043611 0.10378708521744139
1.413716694115407 0.10561523838422181
1.4765485471872026 0.10705228509258878
1.5393804002589986 0.10808623479415652
1.6022122533307945 0.1087062312732982
1.6650441064025903 0.10890268603014495
1.7278759594743862 0.10866741779068934
1.7907078125461822 0.1079937966540658
1.853539665617978 0.10687689102724082
1.9163715186897736 0.10531361512966679
1.9792033717615696 0.1033028744872429
2.0420352248333655 0.10084570649076333
2.104867077905162 0.09794541278560677
2.1676989309769574 0.09460768000492677
2.230530784048753 0.09084068517713684
2.2933626371205493 0.08665518204903669
2.356194490192345 0.08206456458632314
2.4190263432641403 0.07708490405880192
2.4818581963359367 0.07173495639990664
2.5446900494077322 0.06603613695550084
2.607521902479528 0.060012460305392465
2.670353755551324 0.05369044354522175
2.7331856086231197 0.047098972241199334
2.796017461694916 0.040269129192410186
2.8588493147667116 0.033233987124466235
2.9216811678385075 0.026028367457218076
2.9845130209103035 0.018688568296438078
3.047344873982099 0.011252065750853978
3.1101767270538954 0.0037571935278044744
3.173008580125691 -0.0037571935278044744
3.2358404331974873 -0.011252065750853978
3.2986722862692828 -0.018688568296438078
3.3615041393410787 -0.026028367457218076
3.4243359924128747 -0.033233987124466235
3.48716784548467 -0.040269129192410186
3.549999698556466 -0.047098972241199334
3.612831551628262 -0.05369044354522175
3.675663404700058 -0.060012460305392465
3.7384952577718535 -0.06603613695550084
3.8013271108436495 -0.07173495639990664
3.8641589639154454 -0.07708490405880192
3.9269908169872414 -0.08206456458632314
3.989822670059038 -0.08665518204903667
4.052654523130833 -0.09084068517713684
4.115486376202629 -0.09460768000492677
4.178318229274425 -0.09794541278560677
4.241150082346222 -0.10084570649076342
4.303981935418017 -0.103302874487243
4.366813788489813 -0.10531361512966679
4.429645641561608 -0.10687689102724082
4.4924774946334045 -0.10799379665406578
4.5553093477052 -0.10866741779068934
4.618141200776996 -0.1089026860301449
4.680973053848792 -0.1087062312732982
4.743804906920587 -0.10808623479415652
4.806636759992383 -0.10705228509258875
4.869468613064179 -0.10561523838422181
4.932300466135976 -0.10378708521744123
4.995132319207771 -0.10158082436523523
5.057964172279567 -0.09901034482253429
5.120796025351362 -0.09609031645291645
5.183627878423159 -0.09283608957520346
5.246459731494955 -0.08926360356204066
5.3092915845667505 -0.0853893043389518
5.372123437638546 -0.08123007052243947
5.434955290710342 -0.07680314781737237
5.497787143782137 -0.0721260912044731
5.560618996853934 -0.06721671438509298
5.62345084992573 -0.062093045909287506
5.686282702997525 -0.05677329139111785
5.749114556069321 -0.05127580120871904
5.811946409141116 -0.045619043092783286
5.874778262212914 -0.03982157902269874
5.937610115284709 -0.03390204587186919
6.000441968356505 -0.027879139270206518
6.0632738214283 -0.021771600180228664
6.126105674500097 -0.015598203711635554
6.188937527571893 -0.00937774972604399
6.2517693806436885 -0.0031290548073310905