0.031415926535897934 0.007408559225719016
0.0942477796076938 0.022125915222221553
0.15707963267948966 0.036547186644430456
0.21991148575128552 0.05048546606652068
0.2827433388230814 0.0637689104616297
0.34557519189487723 0.0762455140175331
0.4084070449666731 0.08778677066729199
0.47123889803846897 0.09829009078239481
0.5340707511102649 0.1076799385322332
0.5969026041820606 0.11590775101998106
0.6597344572538566 0.12295077818453701
0.7225663103256523 0.12881003777765224
0.7853981633974483 0.13350761038538103
0.8482300164692442 0.1370835067101111
0.91106186954104 0.1395923269037384
0.9738937226128359 0.1410999048238953
1.0367255756846319 0.1416800942751195
1.0995574287564276 0.14141181480249398
1.1623892818282235 0.14037643570317004
1.2252211349000193 0.13865554170522432
1.2880529879718152 0.13632909412742
1.350884841043611 0.13347397811587772
1.413716694115407 0.1301629097682938
1.4765485471872026 0.12646366604837145
1.5393804002589986 0.12243859447606029
1.6022122533307945 0.11814435762846884
1.6650441064025903 0.11363186848090509
1.7278759594743862 0.10894637563127432
1.7907078125461822 0.1041276617019983
1.853539665617978 0.09921032308094939
1.9163715186897736 0.09422410418278121
1.9792033717615696 0.08919426426025973
2.0420352248333655 0.08414195926372087
2.104867077905162 0.07908462521893823
2.1676989309769574 0.07403635302083607
2.230530784048753 0.06900824742181721
2.2933626371205493 0.06400876535948272
2.356194490192345 0.05904403066821393
2.4190263432641403 0.054118123710569094
2.4818581963359367 0.04923334560827985
2.5446900494077322 0.04439045760744695
2.607521902479528 0.03958889673245738
2.670353755551324 0.03482696931631376
2.7331856086231197 0.03010202428318256
2.796017461694916 0.025410608237321802
2.8588493147667116 0.02074860451043892
2.9216811678385075 0.01611135836084108
2.9845130209103035 0.011493790521651785
3.047344873982099 0.006890501276990656
3.1101767270538954 0.002295867216022327
3.173008580125691 -0.002295867216022327
3.2358404331974873 -0.006890501276990656
3.2986722862692828 -0.011493790521651785
3.3615041393410787 -0.01611135836084108
3.4243359924128747 -0.02074860451043892
3.48716784548467 -0.025410608237321802
3.549999698556466 -0.03010202428318256
3.612831551628262 -0.03482696931631376
3.675663404700058 -0.03958889673245738
3.7384952577718535 -0.04439045760744685
3.8013271108436495 -0.04923334560827985
3.8641589639154454 -0.05411812371056899
3.9269908169872414 -0.05904403066821393
3.989822670059038 -0.06400876535948283
4.052654523130833 -0.06900824742181721
4.115486376202629 -0.07403635302083607
4.178318229274425 -0.07908462521893833
4.241150082346222 -0.08414195926372095
4.303981935418017 -0.08919426426025973
4.366813788489813 -0.09422410418278121
4.429645641561608 -0.09921032308094935
4.4924774946334045 -0.1041276617019984
4.5553093477052 -0.10894637563127432
4.618141200776996 -0.11363186848090515
4.680973053848792 -0.11814435762846877
4.743804906920587 -0.12243859447606022
4.806636759992383 -0.12646366604837145
4.869468613064179 -0.1301629097682938
4.932300466135976 -0.13347397811587772
4.995132319207771 -0.13632909412741995
5.057964172279567 -0.13865554170522443
5.120796025351362 -0.14037643570317007
5.183627878423159 -0.14141181480249398
5.246459731494955 -0.14168009427511954
5.3092915845667505 -0.1410999048238953
5.372123437638546 -0.1395923269037384
5.434955290710342 -0.13708350671011102
5.497787143782137 -0.13350761038538103
5.560618996853934 -0.12881003777765201
5.62345084992573 -0.12295077818453701
5.686282702997525 -0.11590775101998106
5.749114556069321 -0.10767993853223344
5.811946409141116 -0.09829009078239498
5.874778262212914 -0.0877867706672918
5.937610115284709 -0.0762455140175331
6.000441968356505 -0.0637689104616297
6.0632738214283 -0.05048546606652077
6.126105674500097 -0.036547186644430456
6.188937527571893 -0.022125915222221473
6.2517693806436885 -0.007408559225719016