0.031415926535897934 0.004029620318139779
0.0942477796076938 0.012077595531681409
0.15707963267948966 0.0200917698043954
0.21991148575128552 0.028049593784913777
0.2827433388230814 0.03592849568883946
0.34557519189487723 0.043705873657813844
0.4084070449666731 0.05135908951075464
0.47123889803846897 0.05886546436923687
0.5340707511102649 0.06620227669974796
0.5969026041820606 0.07334676338704395
0.6597344572538566 0.0802761245332743
0.7225663103256523 0.08696753276471983
0.7853981633974483 0.09339814791914852
0.8482300164692442 0.09954513807868738
0.91106186954104 0.10538570800182134
0.9738937226128359 0.11089713608911725
1.0367255756846319 0.11605682108524208
1.0995574287564276 0.1208423397688098
1.1623892818282235 0.12523151690477297
1.2252211349000193 0.129202508724066
1.2880529879718152 0.1327339011439749
1.350884841043611 0.13580482384183126
1.413716694115407 0.1383950811355474
1.4765485471872026 0.14048530039889107
1.5393804002589986 0.14205709843963665
1.6022122533307945 0.14309326588853394
1.6650441064025903 0.14357796918222354
1.7278759594743862 0.14349696917244684
1.7907078125461822 0.1428378547597236
1.853539665617978 0.1415902892393342
1.9163715186897736 0.13974626627393627
1.9792033717615696 0.13730037158984687
2.0420352248333655 0.13425004565925494
2.104867077905162 0.13059584181183437
2.1676989309769574 0.1263416734565227
2.230530784048753 0.12149504343347345
2.2933626371205493 0.11606724800720337
2.356194490192345 0.11007354770608654
2.4190263432641403 0.1035332971601866
2.4818581963359367 0.09647002633301514
2.5446900494077322 0.08891146611739296
2.607521902479528 0.08088951219128776
2.670353755551324 0.0724401223083949
2.7331856086231197 0.0636031438111714
2.796017461694916 0.05442207005888909
2.8588493147667116 0.04494372659468225
2.9216811678385075 0.0352178901469675
2.9845130209103035 0.02529684586812428
3.047344873982099 0.015234890441829458
3.1101767270538954 0.005087790721170587
3.173008580125691 -0.005087790721170587
3.2358404331974873 -0.015234890441829458
3.2986722862692828 -0.02529684586812428
3.3615041393410787 -0.0352178901469675
3.4243359924128747 -0.04494372659468225
3.48716784548467 -0.05442207005888909
3.549999698556466 -0.06360314381117127
3.612831551628262 -0.0724401223083949
3.675663404700058 -0.08088951219128776
3.7384952577718535 -0.08891146611739276
3.8013271108436495 -0.09647002633301514
3.8641589639154454 -0.1035332971601866
3.9269908169872414 -0.11007354770608654
3.989822670059038 -0.11606724800720337
4.052654523130833 -0.12149504343347345
4.115486376202629 -0.1263416734565227
4.178318229274425 -0.13059584181183434
4.241150082346222 -0.1342500456592549
4.303981935418017 -0.13730037158984687
4.366813788489813 -0.13974626627393627
4.429645641561608 -0.1415902892393342
4.4924774946334045 -0.14283785475972371
4.5553093477052 -0.14349696917244684
4.618141200776996 -0.1435779691822236
4.680973053848792 -0.14309326588853402
4.743804906920587 -0.14205709843963665
4.806636759992383 -0.1404853003988912
4.869468613064179 -0.1383950811355474
4.932300466135976 -0.13580482384183126
4.995132319207771 -0.13273390114397504
5.057964172279567 -0.12920250872406608
5.120796025351362 -0.125231516904773
5.183627878423159 -0.1208423397688098
5.246459731494955 -0.116056821085242
5.3092915845667505 -0.11089713608911725
5.372123437638546 -0.10538570800182134
5.434955290710342 -0.09954513807868738
5.497787143782137 -0.0933981479191486
5.560618996853934 -0.08696753276471983
5.62345084992573 -0.0802761245332743
5.686282702997525 -0.07334676338704395
5.749114556069321 -0.06620227669974807
5.811946409141116 -0.05886546436923693
5.874778262212914 -0.05135908951075464
5.937610115284709 -0.043705873657813844
6.000441968356505 -0.03592849568883946
6.0632738214283 -0.028049593784913777
6.126105674500097 -0.0200917698043954
6.188937527571893 -0.012077595531681409
6.2517693806436885 -0.004029620318139779