0.031415926535897934 0.006892983387144342
0.0942477796076938 0.02065649081711238
0.15707963267948966 0.034352667503152454
0.21991148575128552 0.04793678346041603
0.2827433388230814 0.06136434291403182
0.34557519189487723 0.07459117496443125
0.4084070449666731 0.08757352145191609
0.47123889803846897 0.10026812152384576
0.5340707511102649 0.11263229262228618
0.5969026041820606 0.1246240078578574
0.6597344572538566 0.13620197000895262
0.7225663103256523 0.14732568267562166
0.7853981633974483 0.15795551941468258
0.8482300164692442 0.168052791976877
0.91106186954104 0.17757981904762385
0.9738937226128359 0.18649999714936485
1.0367255756846319 0.19477787558470705
1.0995574287564276 0.20237923747461486
1.1623892818282235 0.2092711890639293
1.2252211349000193 0.2154222595167887
1.2880529879718152 0.22080251339679033
1.350884841043611 0.22538367791116526
1.413716694115407 0.22913928678589812
1.4765485471872026 0.2320448423219036
1.5393804002589986 0.23407799675508045
1.6022122533307945 0.23521875350169602
1.6650441064025903 0.23544968821462486
1.7278759594743862 0.23475618880897148
1.7907078125461822 0.23312671274596033
1.853539665617978 0.23055305890592845
1.9163715186897736 0.22703065035571438
1.9792033717615696 0.222558823250989
2.0420352248333655 0.21714111604598202
2.104867077905162 0.21078555215511963
2.1676989309769574 0.20350490827351064
2.230530784048753 0.1953169597716541
2.2933626371205493 0.18624469399296453
2.356194490192345 0.17631648195961425
2.4190263432641403 0.16556619898802527
2.4818581963359367 0.15403328507731892
2.5446900494077322 0.14176273669670286
2.607521902479528 0.1288050227783683
2.670353755551324 0.11521591931688105
2.7331856086231197 0.10105625895568762
2.796017461694916 0.08639159425163974
2.8588493147667116 0.0712917758691672
2.9216811678385075 0.055830449663561696
2.9845130209103035 0.04008447934623673
3.047344873982099 0.024133304050826074
3.1101767270538954 0.008058242501838293
3.173008580125691 -0.008058242501838293
3.2358404331974873 -0.024133304050826074
3.2986722862692828 -0.04008447934623673
3.3615041393410787 -0.055830449663561696
3.4243359924128747 -0.0712917758691672
3.48716784548467 -0.08639159425163974
3.549999698556466 -0.10105625895568762
3.612831551628262 -0.11521591931688105
3.675663404700058 -0.1288050227783683
3.7384952577718535 -0.14176273669670286
3.8013271108436495 -0.15403328507731892
3.8641589639154454 -0.16556619898802521
3.9269908169872414 -0.17631648195961425
3.989822670059038 -0.1862446939929646
4.052654523130833 -0.1953169597716541
4.115486376202629 -0.20350490827351064
4.178318229274425 -0.21078555215511968
4.241150082346222 -0.21714111604598216
4.303981935418017 -0.22255882325098902
4.366813788489813 -0.22703065035571438
4.429645641561608 -0.2305530589059284
4.4924774946334045 -0.2331267127459604
4.5553093477052 -0.23475618880897148
4.618141200776996 -0.23544968821462492
4.680973053848792 -0.23521875350169613
4.743804906920587 -0.23407799675508045
4.806636759992383 -0.23204484232190345
4.869468613064179 -0.22913928678589812
4.932300466135976 -0.2253836779111654
4.995132319207771 -0.22080251339679033
5.057964172279567 -0.2154222595167886
5.120796025351362 -0.20927118906392927
5.183627878423159 -0.20237923747461486
5.246459731494955 -0.19477787558470713
5.3092915845667505 -0.18649999714936485
5.372123437638546 -0.17757981904762385
5.434955290710342 -0.16805279197687706
5.497787143782137 -0.15795551941468275
5.560618996853934 -0.14732568267562157
5.62345084992573 -0.13620197000895262
5.686282702997525 -0.1246240078578574
5.749114556069321 -0.11263229262228622
5.811946409141116 -0.1002681215238459
5.874778262212914 -0.08757352145191606
5.937610115284709 -0.07459117496443125
6.000441968356505 -0.06136434291403182
6.0632738214283 -0.04793678346041603
6.126105674500097 -0.034352667503152454
6.188937527571893 -0.020656490817112218
6.2517693806436885 -0.006892983387144342