0.031415926535897934 0.00869528909407396
0.0942477796076938 0.025997833344831214
0.15707963267948966 0.043038260662367496
0.21991148575128552 0.059648360541346965
0.2827433388230814 0.07566944143705999
0.34557519189487723 0.09095559250775524
0.4084070449666731 0.10537644116834974
0.47123889803846897 0.11881931770021997
0.5340707511102649 0.131190772817919
0.5969026041820606 0.14241742987524278
0.6597344572538566 0.1524461875800746
0.7225663103256523 0.16124381933037393
0.7853981633974483 0.16879603980183658
0.8482300164692442 0.17510612711155138
0.91106186954104 0.18019319935543676
0.9738937226128359 0.18409024781930455
1.0367255756846319 0.1868420264678393
1.0995574287564276 0.1885028895640921
1.1623892818282235 0.1891346578051767
1.2252211349000193 0.18880457956054214
1.2880529879718152 0.18758343896209587
1.350884841043611 0.1855438478331289
1.413716694115407 0.18275874463090847
1.4765485471872026 0.179300111335007
1.5393804002589986 0.17523790891213306
1.6022122533307945 0.17063922378373744
1.6650441064025903 0.16556761159541428
1.7278759594743862 0.16008262038869409
1.7907078125461822 0.15423947277384126
1.853539665617978 0.148088885619495
1.9163715186897736 0.14167700582124768
1.9792033717615696 0.13504544160688464
2.0420352248333655 0.12823137032774334
2.104867077905162 0.12126770555558196
2.1676989309769574 0.11418330837368551
2.230530784048753 0.10700322987964188
2.2933626371205493 0.09974897400114634
2.356194490192345 0.092438771692578
2.4190263432641403 0.08508785938238952
2.4818581963359367 0.07770875615400981
2.5446900494077322 0.07031153555646029
2.607521902479528 0.0629040891574755
2.670353755551324 0.055492379981828203
2.7331856086231197 0.04808068483613152
2.796017461694916 0.04067182522668071
2.8588493147667116 0.033267387147912816
2.9216811678385075 0.025867930474521624
2.9845130209103035 0.018473189047692826
3.047344873982099 0.011082262821019914
3.1101767270538954 0.003693803638018187
3.173008580125691 -0.003693803638018187
3.2358404331974873 -0.011082262821019914
3.2986722862692828 -0.018473189047692826
3.3615041393410787 -0.025867930474521624
3.4243359924128747 -0.033267387147912816
3.48716784548467 -0.04067182522668071
3.549999698556466 -0.04808068483613153
3.612831551628262 -0.055492379981828203
3.675663404700058 -0.0629040891574755
3.7384952577718535 -0.07031153555646007
3.8013271108436495 -0.07770875615400981
3.8641589639154454 -0.08508785938238952
3.9269908169872414 -0.092438771692578
3.989822670059038 -0.09974897400114643
4.052654523130833 -0.10700322987964188
4.115486376202629 -0.11418330837368551
4.178318229274425 -0.12126770555558207
4.241150082346222 -0.12823137032774354
4.303981935418017 -0.13504544160688461
4.366813788489813 -0.14167700582124768
4.429645641561608 -0.14808888561949496
4.4924774946334045 -0.15423947277384123
4.5553093477052 -0.16008262038869409
4.618141200776996 -0.16556761159541442
4.680973053848792 -0.17063922378373744
4.743804906920587 -0.175237908912133
4.806636759992383 -0.17930011133500715
4.869468613064179 -0.18275874463090847
4.932300466135976 -0.18554384783312894
4.995132319207771 -0.18758343896209587
5.057964172279567 -0.18880457956054228
5.120796025351362 -0.1891346578051767
5.183627878423159 -0.1885028895640921
5.246459731494955 -0.1868420264678393
5.3092915845667505 -0.18409024781930455
5.372123437638546 -0.18019319935543676
5.434955290710342 -0.17510612711155144
5.497787143782137 -0.16879603980183674
5.560618996853934 -0.16124381933037374
5.62345084992573 -0.1524461875800746
5.686282702997525 -0.14241742987524278
5.749114556069321 -0.131190772817919
5.811946409141116 -0.11881931770022033
5.874778262212914 -0.10537644116834977
5.937610115284709 -0.09095559250775524
6.000441968356505 -0.07566944143705999
6.0632738214283 -0.05964836054134714
6.126105674500097 -0.043038260662367496
6.188937527571893 -0.025997833344831127
6.2517693806436885 -0.00869528909407396