0.031415926535897934 0.007354641846714667
0.0942477796076938 0.02204269790768743
0.15707963267948966 0.03666708864832458
0.21991148575128552 0.05118542870861699
0.2827433388230814 0.0655554186269227
0.34557519189487723 0.07973487654053105
0.4084070449666731 0.09368176747052857
0.47123889803846897 0.10735422984240917
0.5340707511102649 0.12071059914039496
0.5969026041820606 0.13370942888417145
0.6597344572538566 0.14630950944565338
0.7225663103256523 0.1584698855835057
0.7853981633974483 0.1701498739565916
0.8482300164692442 0.1813090822755779
0.91106186954104 0.19190743215485434
0.9738937226128359 0.20190518812398092
1.0367255756846319 0.21126299563705764
1.0995574287564276 0.2199419312662949
1.1623892818282235 0.22790356856765506
1.2252211349000193 0.2351100633448385
1.2880529879718152 0.2415242621943117
1.350884841043611 0.24710983826766708
1.413716694115407 0.25183145811567403
1.4765485471872026 0.25565498325670205
1.5393804002589986 0.2585477097157497
1.6022122533307945 0.2604786481843611
1.6650441064025903 0.2614188466333079
1.7278759594743862 0.2613417561500317
1.7907078125461822 0.2602236394588801
1.853539665617978 0.258044020011029
1.9163715186897736 0.2547861677124215
1.9792033717615696 0.2504376153182544
2.0420352248333655 0.2449906973073804
2.104867077905162 0.23844310072789324
2.1676989309769574 0.23079841516862615
2.230530784048753 0.22206666677695563
2.2933626371205493 0.21226481924964022
2.356194490192345 0.20141722312567245
2.4190263432641403 0.18955599367231002
2.4818581963359367 0.176721297339161
2.5446900494077322 0.1629615273057814
2.607521902479528 0.14833335017915053
2.670353755551324 0.13290160847401808
2.7331856086231197 0.11673906713391657
2.796017461694916 0.09992599695172213
2.8588493147667116 0.08254959317362023
2.9216811678385075 0.06470323358753932
2.9845130209103035 0.046485586705166344
3.047344873982099 0.027999586892391952
3.1101767270538954 0.0093512991072567
3.173008580125691 -0.0093512991072567
3.2358404331974873 -0.027999586892391952
3.2986722862692828 -0.046485586705166344
3.3615041393410787 -0.06470323358753932
3.4243359924128747 -0.08254959317362023
3.48716784548467 -0.09992599695172213
3.549999698556466 -0.1167390671339164
3.612831551628262 -0.13290160847401808
3.675663404700058 -0.14833335017915053
3.7384952577718535 -0.1629615273057813
3.8013271108436495 -0.176721297339161
3.8641589639154454 -0.1895559936723099
3.9269908169872414 -0.20141722312567245
3.989822670059038 -0.21226481924964039
4.052654523130833 -0.22206666677695563
4.115486376202629 -0.23079841516862615
4.178318229274425 -0.23844310072789335
4.241150082346222 -0.2449906973073804
4.303981935418017 -0.25043761531825454
4.366813788489813 -0.2547861677124215
4.429645641561608 -0.25804402001102905
4.4924774946334045 -0.2602236394588802
4.5553093477052 -0.2613417561500317
4.618141200776996 -0.261418846633308
4.680973053848792 -0.26047864818436106
4.743804906920587 -0.2585477097157497
4.806636759992383 -0.25565498325670216
4.869468613064179 -0.25183145811567403
4.932300466135976 -0.24710983826766708
4.995132319207771 -0.24152426219431183
5.057964172279567 -0.2351100633448387
5.120796025351362 -0.22790356856765512
5.183627878423159 -0.2199419312662949
5.246459731494955 -0.2112629956370576
5.3092915845667505 -0.20190518812398092
5.372123437638546 -0.19190743215485434
5.434955290710342 -0.18130908227557796
5.497787143782137 -0.17014987395659167
5.560618996853934 -0.1584698855835055
5.62345084992573 -0.14630950944565338
5.686282702997525 -0.13370942888417145
5.749114556069321 -0.12071059914039496
5.811946409141116 -0.10735422984240937
5.874778262212914 -0.0936817674705285
5.937610115284709 -0.07973487654053105
6.000441968356505 -0.0655554186269227
6.0632738214283 -0.05118542870861708
6.126105674500097 -0.03666708864832458
6.188937527571893 -0.02204269790768727
6.2517693806436885 -0.007354641846714667