0.031415926535897934 0.009978418520187677
0.0942477796076938 0.029850543734256874
0.15707963267948966 0.049469983722046744
0.21991148575128552 0.06867307454836848
0.2827433388230814 0.08730319859851383
0.34557519189487723 0.10521332253678425
0.4084070449666731 0.12226826720671513
0.47123889803846897 0.13834665029933468
0.5340707511102649 0.1533424548444188
0.5969026041820606 0.16716619055889442
0.6597344572538566 0.17974563020757975
0.7225663103256523 0.19102611868888733
0.7853981633974483 0.20097046778876917
0.8482300164692442 0.2095584636822618
0.91106186954104 0.21678602659256538
0.9738937226128359 0.2226640719496041
1.0367255756846319 0.2272171294998574
1.0995574287564276 0.2304817808871645
1.1623892818282235 0.23250497724678146
1.2252211349000193 0.23334229653437336
1.2880529879718152 0.23305619602427974
1.350884841043611 0.23171430916133057
1.413716694115407 0.2293878283146283
1.4765485471872026 0.22615000655446366
1.5393804002589986 0.2220748029171622
1.6022122533307945 0.21723568722833064
1.6650441064025903 0.21170461281671002
1.7278759594743862 0.20555115865310686
1.7907078125461822 0.19884183676617814
1.853539665617978 0.19163955629300025
1.9163715186897736 0.1840032322062699
1.9792033717615696 0.1759875245449307
2.0420352248333655 0.16764269273865862
2.104867077905162 0.15901454920983502
2.1676989309769574 0.15014449669955182
2.230530784048753 0.14106963453907934
2.2933626371205493 0.13182292022869477
2.356194490192345 0.12243337406263878
2.4190263432641403 0.11292631604346175
2.4818581963359367 0.10332362587351004
2.5446900494077322 0.09364401832848601
2.607521902479528 0.08390332775907122
2.670353755551324 0.0741147967985275
2.7331856086231197 0.06428936555708648
2.796017461694916 0.05443595864818028
2.8588493147667116 0.044561768315208944
2.9216811678385075 0.034672532713998394
2.9845130209103035 0.024772809062238218
3.047344873982099 0.014866241901596562
3.1101767270538954 0.004955827140058574
3.173008580125691 -0.004955827140058574
3.2358404331974873 -0.014866241901596562
3.2986722862692828 -0.024772809062238218
3.3615041393410787 -0.034672532713998394
3.4243359924128747 -0.044561768315208944
3.48716784548467 -0.05443595864818028
3.549999698556466 -0.06428936555708648
3.612831551628262 -0.0741147967985275
3.675663404700058 -0.08390332775907122
3.7384952577718535 -0.09364401832848594
3.8013271108436495 -0.10332362587351004
3.8641589639154454 -0.11292631604346172
3.9269908169872414 -0.12243337406263878
3.989822670059038 -0.13182292022869507
4.052654523130833 -0.14106963453907934
4.115486376202629 -0.15014449669955182
4.178318229274425 -0.15901454920983535
4.241150082346222 -0.1676426927386587
4.303981935418017 -0.17598752454493086
4.366813788489813 -0.1840032322062699
4.429645641561608 -0.1916395562930004
4.4924774946334045 -0.19884183676617836
4.5553093477052 -0.20555115865310686
4.618141200776996 -0.21170461281671007
4.680973053848792 -0.21723568722833064
4.743804906920587 -0.22207480291716214
4.806636759992383 -0.22615000655446368
4.869468613064179 -0.2293878283146283
4.932300466135976 -0.23171430916133065
4.995132319207771 -0.23305619602427974
5.057964172279567 -0.23334229653437338
5.120796025351362 -0.23250497724678146
5.183627878423159 -0.2304817808871645
5.246459731494955 -0.22721712949985734
5.3092915845667505 -0.2226640719496041
5.372123437638546 -0.21678602659256538
5.434955290710342 -0.20955846368226178
5.497787143782137 -0.20097046778876934
5.560618996853934 -0.19102611868888722
5.62345084992573 -0.17974563020757975
5.686282702997525 -0.16716619055889442
5.749114556069321 -0.15334245484441894
5.811946409141116 -0.1383466502993349
5.874778262212914 -0.122268267206715
5.937610115284709 -0.10521332253678425
6.000441968356505 -0.08730319859851383
6.0632738214283 -0.0686730745483687
6.126105674500097 -0.049469983722046744
6.188937527571893 -0.02985054373425677
6.2517693806436885 -0.009978418520187677