0.031415926535897934 0.006449408187522311
0.0942477796076938 0.01932355135332401
0.15707963267948966 0.032123769546207395
0.21991148575128552 0.04480109431282771
0.2827433388230814 0.057307027221217194
0.34557519189487723 0.06959372338977865
0.4084070449666731 0.08161417068238538
0.47123889803846897 0.09332236353310736
0.5340707511102649 0.10467347050468312
0.5969026041820606 0.11562399484526369
0.6597344572538566 0.1261319274821232
0.7225663103256523 0.13615689207228351
0.7853981633974483 0.14566028191151503
0.8482300164692442 0.15460538867807394
0.91106186954104 0.16295752314920509
0.9738937226128359 0.1706841281707348
1.0367255756846319 0.1777548842775436
1.0995574287564276 0.18414180845073455
1.1623892818282235 0.18981934655228624
1.2252211349000193 0.1947644599974019
1.2880529879718152 0.19895670720732453
1.350884841043611 0.2023783203309816
1.413716694115407 0.20501427763363483
1.4765485471872026 0.2068523718270999
1.5393804002589986 0.20788327446268376
1.6022122533307945 0.20810059632945307
1.6650441064025903 0.2075009436025611
1.7278759594743862 0.20608396927579978
1.7907078125461822 0.2038524191967641
1.853539665617978 0.20081217181011077
1.9163715186897736 0.1969722705128328
1.9792033717615696 0.1923449473439602
2.0420352248333655 0.18694563657821317
2.104867077905162 0.18079297667713604
2.1676989309769574 0.17390879897968672
2.230530784048753 0.16631810149371204
2.2933626371205493 0.15804900618546222
2.356194490192345 0.14913269825987205
2.4190263432641403 0.13960334608145486
2.4818581963359367 0.1294980006038375
2.5446900494077322 0.11885647345238302
2.607521902479528 0.10772119313379706
2.670353755551324 0.09613703922150439
2.7331856086231197 0.0841511547760345
2.796017461694916 0.07181273769389883
2.8588493147667116 0.0591728121230274
2.9216811678385075 0.046283981523257224
2.9845130209103035 0.03320016537160707
3.047344873982099 0.019976321899195397
3.1101767270538954 0.006668159585585843
3.173008580125691 -0.006668159585585843
3.2358404331974873 -0.019976321899195397
3.2986722862692828 -0.03320016537160707
3.3615041393410787 -0.046283981523257224
3.4243359924128747 -0.0591728121230274
3.48716784548467 -0.07181273769389883
3.549999698556466 -0.08415115477603435
3.612831551628262 -0.09613703922150439
3.675663404700058 -0.10772119313379706
3.7384952577718535 -0.11885647345238302
3.8013271108436495 -0.1294980006038375
3.8641589639154454 -0.13960334608145472
3.9269908169872414 -0.14913269825987205
3.989822670059038 -0.1580490061854624
4.052654523130833 -0.16631810149371204
4.115486376202629 -0.17390879897968672
4.178318229274425 -0.18079297667713617
4.241150082346222 -0.1869456365782132
4.303981935418017 -0.19234494734396007
4.366813788489813 -0.1969722705128328
4.429645641561608 -0.20081217181011074
4.4924774946334045 -0.20385241919676417
4.5553093477052 -0.20608396927579978
4.618141200776996 -0.20750094360256113
4.680973053848792 -0.20810059632945305
4.743804906920587 -0.20788327446268368
4.806636759992383 -0.20685237182709995
4.869468613064179 -0.20501427763363483
4.932300466135976 -0.2023783203309816
4.995132319207771 -0.19895670720732458
5.057964172279567 -0.1947644599974019
5.120796025351362 -0.18981934655228622
5.183627878423159 -0.18414180845073455
5.246459731494955 -0.17775488427754352
5.3092915845667505 -0.1706841281707348
5.372123437638546 -0.16295752314920509
5.434955290710342 -0.1546053886780739
5.497787143782137 -0.1456602819115151
5.560618996853934 -0.1361568920722835
5.62345084992573 -0.1261319274821232
5.686282702997525 -0.11562399484526369
5.749114556069321 -0.10467347050468342
5.811946409141116 -0.09332236353310765
5.874778262212914 -0.08161417068238515
5.937610115284709 -0.06959372338977865
6.000441968356505 -0.057307027221217194
6.0632738214283 -0.044801094312827784
6.126105674500097 -0.032123769546207395
6.188937527571893 -0.019323551353323743
6.2517693806436885 -0.006449408187522311