0.031415926535897934 0.005684076385300701
0.0942477796076938 0.017037285370210327
0.15707963267948966 0.028345653039267095
0.21991148575128552 0.0395792519700293
0.2827433388230814 0.05070810488299011
0.34557519189487723 0.061702164679711305
0.4084070449666731 0.07253129460007404
0.47123889803846897 0.08316524872849812
0.5340707511102649 0.09357365322304251
0.5969026041820606 0.10372598881417312
0.6597344572538566 0.11359157531950176
0.7225663103256523 0.12313955914429757
0.7853981633974483 0.13233890498161183
0.8482300164692442 0.14115839318619483
0.91106186954104 0.1495666245677239
0.9738937226128359 0.15753203462465332
1.0367255756846319 0.16502291951219802
1.0995574287564276 0.1720074762967715
1.1623892818282235 0.17845386028281368
1.2252211349000193 0.18433026239227615
1.2880529879718152 0.18960500971561603
1.350884841043611 0.19424669241698678
1.413716694115407 0.19822432014400587
1.4765485471872026 0.20150751094054786
1.5393804002589986 0.20406671536446658
1.6022122533307945 0.2058734780455121
1.6650441064025903 0.20690073825740235
1.7278759594743862 0.20712317020028267
1.7907078125461822 0.20651756257916914
1.853539665617978 0.20506323571208407
1.9163715186897736 0.2027424928116122
1.9792033717615696 0.19954110027370792
2.0420352248333655 0.1954487898143777
2.104867077905162 0.19045977317648757
2.1676989309769574 0.1845732579670056
2.230530784048753 0.17779395108518714
2.2933626371205493 0.17013253429268418
2.356194490192345 0.16160609490368624
2.4190263432641403 0.15223849349431948
2.4818581963359367 0.1420606501035537
2.5446900494077322 0.13111073076799795
2.607521902479528 0.11943421751741894
2.670353755551324 0.10708384722965084
2.7331856086231197 0.0941194080164804
2.796017461694916 0.08060738602832758
2.8588493147667116 0.06662046058882062
2.9216811678385075 0.052236851185993145
2.9845130209103035 0.037539525770157615
3.047344873982099 0.022615285701889046
3.1101767270538954 0.007553748191312428
3.173008580125691 -0.007553748191312428
3.2358404331974873 -0.022615285701889046
3.2986722862692828 -0.037539525770157615
3.3615041393410787 -0.052236851185993145
3.4243359924128747 -0.06662046058882062
3.48716784548467 -0.08060738602832758
3.549999698556466 -0.09411940801648033
3.612831551628262 -0.10708384722965084
3.675663404700058 -0.11943421751741894
3.7384952577718535 -0.1311107307679979
3.8013271108436495 -0.1420606501035537
3.8641589639154454 -0.15223849349431953
3.9269908169872414 -0.16160609490368624
3.989822670059038 -0.17013253429268432
4.052654523130833 -0.17779395108518714
4.115486376202629 -0.1845732579670056
4.178318229274425 -0.19045977317648763
4.241150082346222 -0.1954487898143777
4.303981935418017 -0.19954110027370794
4.366813788489813 -0.2027424928116122
4.429645641561608 -0.20506323571208407
4.4924774946334045 -0.20651756257916914
4.5553093477052 -0.20712317020028267
4.618141200776996 -0.2069007382574024
4.680973053848792 -0.2058734780455121
4.743804906920587 -0.20406671536446658
4.806636759992383 -0.20150751094054792
4.869468613064179 -0.19822432014400587
4.932300466135976 -0.19424669241698683
4.995132319207771 -0.189605009715616
5.057964172279567 -0.18433026239227612
5.120796025351362 -0.1784538602828137
5.183627878423159 -0.1720074762967715
5.246459731494955 -0.16502291951219786
5.3092915845667505 -0.15753203462465332
5.372123437638546 -0.1495666245677239
5.434955290710342 -0.14115839318619494
5.497787143782137 -0.13233890498161205
5.560618996853934 -0.12313955914429754
5.62345084992573 -0.11359157531950176
5.686282702997525 -0.10372598881417312
5.749114556069321 -0.0935736532230426
5.811946409141116 -0.08316524872849823
5.874778262212914 -0.07253129460007404
5.937610115284709 -0.061702164679711305
6.000441968356505 -0.05070810488299011
6.0632738214283 -0.03957925197002932
6.126105674500097 -0.028345653039267095
6.188937527571893 -0.017037285370210327
6.2517693806436885 -0.005684076385300701