0.031415926535897934 0.004231042864973917
0.0942477796076938 0.012681469920869975
0.15707963267948966 0.02109691458720498
0.21991148575128552 0.029454034220547126
0.2827433388230814 0.03772945522017655
0.34557519189487723 0.04589976191138056
0.4084070449666731 0.05394148676354067
0.47123889803846897 0.061831102421011176
0.5340707511102649 0.06954501609486584
0.5969026041820606 0.07705956694645323
0.6597344572538566 0.08435102718755146
0.7225663103256523 0.09139560772444838
0.7853981633974483 0.09816946928168349
0.8482300164692442 0.10464874005203317
0.91106186954104 0.11080954102848939
0.9738937226128359 0.11662802027658001
1.0367255756846319 0.12208039749570125
1.0995574287564276 0.12714302028956556
1.1623892818282235 0.131792433610901
1.2252211349000193 0.13600546385579224
1.2880529879718152 0.13975931904930167
1.350884841043611 0.14303170647645574
1.413716694115407 0.14580096896108918
1.4765485471872026 0.14804624076926096
1.5393804002589986 0.14974762380434248
1.6022122533307945 0.15088638435905055
1.6650441064025903 0.1514451701893688
1.7278759594743862 0.15140824707319672
1.7907078125461822 0.15076175331368483
1.853539665617978 0.14949396984980853
1.9163715186897736 0.14759560275764233
1.9792033717615696 0.14506007398534865
2.0420352248333655 0.1418838151918004
2.104867077905162 0.1380665585903403
2.1676989309769574 0.13361161778132077
2.230530784048753 0.12852615074303178
2.2933626371205493 0.1228213964994245
2.356194490192345 0.1165128765564163
2.4190263432641403 0.10962055205736938
2.4818581963359367 0.10216892780784938
2.5446900494077322 0.09418709490454606
2.607521902479528 0.085708704701672
2.670353755551324 0.07677186826752004
2.7331856086231197 0.06741897730600054
2.796017461694916 0.057696444696812094
2.8588493147667116 0.047654365268785054
2.9216811678385075 0.03734610006263118
2.9845130209103035 0.02682779003870332
3.047344873982099 0.016157807804457903
3.1101767270538954 0.0053961583317983335
3.173008580125691 -0.0053961583317983335
3.2358404331974873 -0.016157807804457903
3.2986722862692828 -0.02682779003870332
3.3615041393410787 -0.03734610006263118
3.4243359924128747 -0.047654365268785054
3.48716784548467 -0.057696444696812094
3.549999698556466 -0.06741897730600048
3.612831551628262 -0.07677186826752004
3.675663404700058 -0.085708704701672
3.7384952577718535 -0.09418709490454595
3.8013271108436495 -0.10216892780784938
3.8641589639154454 -0.10962055205736931
3.9269908169872414 -0.1165128765564163
3.989822670059038 -0.12282139649942447
4.052654523130833 -0.12852615074303178
4.115486376202629 -0.13361161778132077
4.178318229274425 -0.13806655859034037
4.241150082346222 -0.14188381519180027
4.303981935418017 -0.1450600739853488
4.366813788489813 -0.14759560275764233
4.429645641561608 -0.1494939698498086
4.4924774946334045 -0.15076175331368494
4.5553093477052 -0.15140824707319672
4.618141200776996 -0.1514451701893688
4.680973053848792 -0.1508863843590505
4.743804906920587 -0.14974762380434248
4.806636759992383 -0.14804624076926107
4.869468613064179 -0.14580096896108918
4.932300466135976 -0.1430317064764557
4.995132319207771 -0.13975931904930167
5.057964172279567 -0.13600546385579224
5.120796025351362 -0.1317924336109011
5.183627878423159 -0.12714302028956556
5.246459731494955 -0.12208039749570125
5.3092915845667505 -0.11662802027658001
5.372123437638546 -0.11080954102848939
5.434955290710342 -0.10464874005203331
5.497787143782137 -0.09816946928168359
5.560618996853934 -0.09139560772444831
5.62345084992573 -0.08435102718755146
5.686282702997525 -0.07705956694645323
5.749114556069321 -0.06954501609486584
5.811946409141116 -0.06183110242101136
5.874778262212914 -0.0539414867635406
5.937610115284709 -0.04589976191138056
6.000441968356505 -0.03772945522017655
6.0632738214283 -0.029454034220547126
6.126105674500097 -0.02109691458720498
6.188937527571893 -0.012681469920869975
6.2517693806436885 -0.004231042864973917