0.031415926535897934 0.0009449074246636185
0.0942477796076938 0.002831187639736584
0.15707963267948966 0.0047068750680281275
0.21991148575128552 0.006564944897979953
0.2827433388230814 0.008398427862746133
0.34557519189487723 0.010200432407512991
0.4084070449666731 0.011964166803677392
0.47123889803846897 0.013682961191015279
0.5340707511102649 0.015350289526197497
0.5969026041820606 0.01695979141262188
0.6597344572538566 0.01850529378251941
0.7225663103256523 0.01998083239767082
0.7853981633974483 0.021380673129860295
0.8482300164692442 0.02269933297641064
0.91106186954104 0.023931600759826435
0.9738937226128359 0.025072557453778652
1.0367255756846319 0.026117596070453504
1.0995574287564276 0.02706244103674176
1.1623892818282235 0.027903166978984765
1.2252211349000193 0.02863621682811799
1.2880529879718152 0.029258419149229633
1.350884841043611 0.029767004591934196
1.413716694115407 0.030159621350735424
1.4765485471872026 0.03043434951792456
1.5393804002589986 0.030589714205744845
1.6022122533307945 0.030624697309770393
1.6650441064025903 0.030538747781947692
1.7278759594743862 0.030331790279746557
1.7907078125461822 0.030004232057599375
1.853539665617978 0.02955696796849869
1.9163715186897736 0.028991383447440216
1.9792033717615696 0.028309355354542372
2.0420352248333655 0.027513250564237732
2.104867077905162 0.0266059221980317
2.1676989309769574 0.025590703411967716
2.230530784048753 0.024471398666123394
2.2933626371205493 0.02325227242208781
2.356194490192345 0.021938035235288002
2.4190263432641403 0.02053382723203081
2.4818581963359367 0.019045198985908184
2.5446900494077322 0.017478089834441716
2.607521902479528 0.01583880370409635
2.670353755551324 0.014133982539629764
2.7331856086231197 0.012370577461652063
2.796017461694916 0.010555817803729365
2.8588493147667116 0.008697178206829054
2.9216811678385075 0.006802343973832703
2.9845130209103035 0.0048791749096996385
3.047344873982099 0.00293566789316776
3.1101767270538954 0.0009799184431479066
3.173008580125691 -0.0009799184431479066
3.2358404331974873 -0.00293566789316776
3.2986722862692828 -0.0048791749096996385
3.3615041393410787 -0.006802343973832703
3.4243359924128747 -0.008697178206829054
3.48716784548467 -0.010555817803729365
3.549999698556466 -0.012370577461652063
3.612831551628262 -0.014133982539629764
3.675663404700058 -0.01583880370409635
3.7384952577718535 -0.017478089834441636
3.8013271108436495 -0.019045198985908184
3.8641589639154454 -0.020533827232030892
3.9269908169872414 -0.021938035235288002
3.989822670059038 -0.02325227242208795
4.052654523130833 -0.024471398666123394
4.115486376202629 -0.025590703411967716
4.178318229274425 -0.02660592219803175
4.241150082346222 -0.02751325056423765
4.303981935418017 -0.0283093553545423
4.366813788489813 -0.028991383447440216
4.429645641561608 -0.02955696796849875
4.4924774946334045 -0.030004232057599476
4.5553093477052 -0.030331790279746557
4.618141200776996 -0.030538747781947772
4.680973053848792 -0.030624697309770393
4.743804906920587 -0.030589714205744852
4.806636759992383 -0.030434349517924675
4.869468613064179 -0.030159621350735424
4.932300466135976 -0.029767004591934175
4.995132319207771 -0.029258419149229626
5.057964172279567 -0.028636216828117945
5.120796025351362 -0.027903166978984782
5.183627878423159 -0.02706244103674176
5.246459731494955 -0.02611759607045347
5.3092915845667505 -0.025072557453778652
5.372123437638546 -0.023931600759826435
5.434955290710342 -0.022699332976410667
5.497787143782137 -0.021380673129860337
5.560618996853934 -0.019980832397670803
5.62345084992573 -0.01850529378251941
5.686282702997525 -0.01695979141262188
5.749114556069321 -0.015350289526197429
5.811946409141116 -0.013682961191015393
5.874778262212914 -0.011964166803677364
5.937610115284709 -0.010200432407512991
6.000441968356505 -0.008398427862746133
6.0632738214283 -0.006564944897979953
6.126105674500097 -0.0047068750680281275
6.188937527571893 -0.0028311876397365426
6.2517693806436885 -0.0009449074246636185