0.031415926535897934 0.003639878169642238
0.0942477796076938 0.010908632921372821
0.15707963267948966 0.01814438880696696
0.21991148575128552 0.02532516638880558
0.2827433388230814 0.03242901647390418
0.34557519189487723 0.03943403329973191
0.4084070449666731 0.04631836884966225
0.47123889803846897 0.05306024867882984
0.5340707511102649 0.059637989672024896
0.5969026041820606 0.06603002020223225
0.6597344572538566 0.07221490320968856
0.7225663103256523 0.07817136277472975
0.7853981633974483 0.08387831481069176
0.8482300164692442 0.08931490255281434
0.91106186954104 0.09446053756221783
0.9738937226128359 0.09929494699693091
1.0367255756846319 0.10379822792070749
1.0995574287564276 0.10795090942070201
1.1623892818282235 0.1117340232825015
1.2252211349000193 0.11512918392091653
1.2880529879718152 0.11811867818268333
1.350884841043611 0.12068556551837875
1.413716694115407 0.12281378886133827
1.4765485471872026 0.12448829634779111
1.5393804002589986 0.12569517376239078
1.6022122533307945 0.12642178729573952
1.6650441064025903 0.12665693585609053
1.7278759594743862 0.1263910117889902
1.7907078125461822 0.12561616843163742
1.853539665617978 0.12432649247151709
1.9163715186897736 0.12251817860301727
1.9792033717615696 0.1201897034961627
2.0420352248333655 0.11734199562660924
2.104867077905162 0.11397859708694189
2.1676989309769574 0.11010581313001797
2.230530784048753 0.10573284491108914
2.2933626371205493 0.10087190072280935
2.356194490192345 0.09553828098100269
2.4190263432641403 0.08975043234162909
2.4818581963359367 0.08352996662846196
2.5446900494077322 0.07690164073785682
2.607521902479528 0.0698932943645446
2.670353755551324 0.06253574325377395
2.7331856086231197 0.054862626712696955
2.796017461694916 0.04691020927890625
2.8588493147667116 0.038717137707180764
2.9216811678385075 0.030324155748250196
2.9845130209103035 0.021773780500324687
3.047344873982099 0.013109945355865788
3.1101767270538954 0.0043776156829954
3.173008580125691 -0.0043776156829954
3.2358404331974873 -0.013109945355865788
3.2986722862692828 -0.021773780500324687
3.3615041393410787 -0.030324155748250196
3.4243359924128747 -0.038717137707180764
3.48716784548467 -0.04691020927890625
3.549999698556466 -0.05486262671269689
3.612831551628262 -0.06253574325377395
3.675663404700058 -0.0698932943645446
3.7384952577718535 -0.07690164073785682
3.8013271108436495 -0.08352996662846196
3.8641589639154454 -0.08975043234162906
3.9269908169872414 -0.09553828098100269
3.989822670059038 -0.1008719007228095
4.052654523130833 -0.10573284491108914
4.115486376202629 -0.11010581313001797
4.178318229274425 -0.11397859708694189
4.241150082346222 -0.1173419956266092
4.303981935418017 -0.12018970349616265
4.366813788489813 -0.12251817860301727
4.429645641561608 -0.124326492471517
4.4924774946334045 -0.12561616843163737
4.5553093477052 -0.1263910117889902
4.618141200776996 -0.12665693585609056
4.680973053848792 -0.12642178729573955
4.743804906920587 -0.12569517376239078
4.806636759992383 -0.12448829634779113
4.869468613064179 -0.12281378886133827
4.932300466135976 -0.12068556551837872
4.995132319207771 -0.11811867818268333
5.057964172279567 -0.11512918392091653
5.120796025351362 -0.11173402328250147
5.183627878423159 -0.10795090942070201
5.246459731494955 -0.10379822792070748
5.3092915845667505 -0.09929494699693091
5.372123437638546 -0.09446053756221783
5.434955290710342 -0.08931490255281434
5.497787143782137 -0.0838783148106918
5.560618996853934 -0.07817136277472975
5.62345084992573 -0.07221490320968856
5.686282702997525 -0.06603002020223225
5.749114556069321 -0.059637989672024896
5.811946409141116 -0.05306024867883001
5.874778262212914 -0.04631836884966217
5.937610115284709 -0.03943403329973191
6.000441968356505 -0.03242901647390418
6.0632738214283 -0.02532516638880558
6.126105674500097 -0.01814438880696696
6.188937527571893 -0.01090863292137274
6.2517693806436885 -0.003639878169642238