0.031415926535897934 0.0029610660059077865
0.0942477796076938 0.00887067288175337
0.15707963267948966 0.014742766864931256
0.21991148575128552 0.02055254729884407
0.2827433388230814 0.02627552387947583
0.34557519189487723 0.031887637702173496
0.4084070449666731 0.037365379251686315
0.47123889803846897 0.04268590251533368
0.5340707511102649 0.047827134438456174
0.5969026041820606 0.052767878988598915
0.6597344572538566 0.05748791514971715
0.7225663103256523 0.06196808822953755
0.7853981633974483 0.06619039393137484
0.8482300164692442 0.07013805471545348
0.91106186954104 0.0737955880532257
0.9738937226128359 0.07714886626035314
1.0367255756846319 0.08018516767887576
1.0995574287564276 0.0828932190654761
1.1623892818282235 0.08526322912948912
1.2252211349000193 0.0872869132501474
1.2880529879718152 0.08895750948626688
1.350884841043611 0.09026978607191152
1.413716694115407 0.09122004066735015
1.4765485471872026 0.09180609170469639
1.5393804002589986 0.09202726223098509
1.6022122533307945 0.09188435670716741
1.6650441064025903 0.09137963126885745
1.7278759594743862 0.09051675799300933
1.7907078125461822 0.08930078374366678
1.853539665617978 0.08773808418921884
1.9163715186897736 0.08583631359322803
1.9792033717615696 0.0836043509809674
2.0420352248333655 0.0810522432746682
2.104867077905162 0.07819114597261409
2.1676989309769574 0.07503326192128489
2.230530784048753 0.0715917786965207
2.2933626371205493 0.06788080507005823
2.356194490192345 0.06391530699274998
2.4190263432641403 0.05971104347638524
2.4818581963359367 0.05528450270336338
2.5446900494077322 0.050652838638650055
2.607521902479528 0.045833808362568056
2.670353755551324 0.040845710287135316
2.7331856086231197 0.03570732336388767
2.796017461694916 0.030437847338425174
2.8588493147667116 0.02505684405718187
2.9216811678385075 0.019584179786018365
2.9845130209103035 0.014039968458890498
3.047344873982099 0.00844451573874061
3.1101767270538954 0.002818263742441187
3.173008580125691 -0.002818263742441187
3.2358404331974873 -0.00844451573874061
3.2986722862692828 -0.014039968458890498
3.3615041393410787 -0.019584179786018365
3.4243359924128747 -0.02505684405718187
3.48716784548467 -0.030437847338425174
3.549999698556466 -0.03570732336388767
3.612831551628262 -0.040845710287135316
3.675663404700058 -0.045833808362568056
3.7384952577718535 -0.050652838638650055
3.8013271108436495 -0.05528450270336338
3.8641589639154454 -0.05971104347638526
3.9269908169872414 -0.06391530699274998
3.989822670059038 -0.06788080507005814
4.052654523130833 -0.0715917786965207
4.115486376202629 -0.07503326192128489
4.178318229274425 -0.07819114597261427
4.241150082346222 -0.08105224327466817
4.303981935418017 -0.0836043509809674
4.366813788489813 -0.08583631359322803
4.429645641561608 -0.08773808418921895
4.4924774946334045 -0.08930078374366685
4.5553093477052 -0.09051675799300933
4.618141200776996 -0.0913796312688574
4.680973053848792 -0.09188435670716756
4.743804906920587 -0.09202726223098509
4.806636759992383 -0.0918060917046965
4.869468613064179 -0.09122004066735015
4.932300466135976 -0.09026978607191147
4.995132319207771 -0.08895750948626688
5.057964172279567 -0.0872869132501474
5.120796025351362 -0.08526322912948903
5.183627878423159 -0.0828932190654761
5.246459731494955 -0.08018516767887567
5.3092915845667505 -0.07714886626035314
5.372123437638546 -0.0737955880532257
5.434955290710342 -0.07013805471545351
5.497787143782137 -0.06619039393137491
5.560618996853934 -0.06196808822953755
5.62345084992573 -0.05748791514971715
5.686282702997525 -0.052767878988598915
5.749114556069321 -0.04782713443845628
5.811946409141116 -0.04268590251533368
5.874778262212914 -0.037365379251686204
5.937610115284709 -0.031887637702173496
6.000441968356505 -0.02627552387947583
6.0632738214283 -0.02055254729884407
6.126105674500097 -0.014742766864931256
6.188937527571893 -0.00887067288175337
6.2517693806436885 -0.0029610660059077865