0.031415926535897934 0.009878619428756874
0.0942477796076938 0.029580579453042963
0.15707963267948966 0.04911720157112774
0.21991148575128552 0.06837991574785247
0.2827433388230814 0.08726261127343331
0.34557519189487723 0.10566257369779467
0.4084070449666731 0.12348137559163606
0.47123889803846897 0.1406257088673577
0.5340707511102649 0.1570081471436735
0.5969026041820606 0.17254782760551693
0.6597344572538566 0.1871710430100675
0.7225663103256523 0.20081173592540622
0.7853981633974483 0.21341188895303645
0.8482300164692442 0.2249218065572013
0.91106186954104 0.2353002861650633
0.9738937226128359 0.2445146783602601
1.0367255756846319 0.252540838203555
1.0995574287564276 0.25936297190499213
1.1623892818282235 0.2649733851646337
1.2252211349000193 0.26937214141703203
1.2880529879718152 0.27256663988758917
1.350884841043611 0.2745711247371696
1.413716694115407 0.27540613758969995
1.4765485471872026 0.2750979263782064
1.5393804002589986 0.27367782369855936
1.6022122533307945 0.27118160773621836
1.6650441064025903 0.26764885835556024
1.7278759594743862 0.2631223201542966
1.7907078125461822 0.2576472832384398
1.853539665617978 0.25127099122488294
1.9163715186897736 0.24404208459080687
1.9792033717615696 0.23601008602338208
2.0420352248333655 0.2272249329375384
2.104867077905162 0.21773656087569376
2.1676989309769574 0.20759454012499462
2.230530784048753 0.19684776661937653
2.2933626371205493 0.18554420706063254
2.356194490192345 0.17373069721031528
2.4190263432641403 0.16145279147969516
2.4818581963359367 0.1487546612775494
2.5446900494077322 0.13567903905829215
2.607521902479528 0.12226720463397492
2.670353755551324 0.10855901005745254
2.7331856086231197 0.09459293923267753
2.796017461694916 0.08040619834265568
2.8588493147667116 0.06603483318685874
2.9216811678385075 0.05151386956925718
2.9845130209103035 0.03687747295830856
3.047344873982099 0.02215912373554331
3.1101767270538954 0.007391804446333433
3.173008580125691 -0.007391804446333433
3.2358404331974873 -0.02215912373554331
3.2986722862692828 -0.03687747295830856
3.3615041393410787 -0.05151386956925718
3.4243359924128747 -0.06603483318685874
3.48716784548467 -0.08040619834265568
3.549999698556466 -0.09459293923267742
3.612831551628262 -0.10855901005745254
3.675663404700058 -0.12226720463397492
3.7384952577718535 -0.13567903905829215
3.8013271108436495 -0.1487546612775494
3.8641589639154454 -0.16145279147969516
3.9269908169872414 -0.17373069721031528
3.989822670059038 -0.18554420706063268
4.052654523130833 -0.19684776661937653
4.115486376202629 -0.20759454012499462
4.178318229274425 -0.21773656087569382
4.241150082346222 -0.2272249329375384
4.303981935418017 -0.2360100860233823
4.366813788489813 -0.24404208459080687
4.429645641561608 -0.25127099122488283
4.4924774946334045 -0.2576472832384399
4.5553093477052 -0.2631223201542966
4.618141200776996 -0.26764885835556035
4.680973053848792 -0.27118160773621836
4.743804906920587 -0.2736778236985594
4.806636759992383 -0.27509792637820646
4.869468613064179 -0.27540613758969995
4.932300466135976 -0.27457112473716977
4.995132319207771 -0.2725666398875893
5.057964172279567 -0.26937214141703214
5.120796025351362 -0.26497338516463365
5.183627878423159 -0.25936297190499213
5.246459731494955 -0.252540838203555
5.3092915845667505 -0.2445146783602601
5.372123437638546 -0.2353002861650633
5.434955290710342 -0.22492180655720134
5.497787143782137 -0.2134118889530367
5.560618996853934 -0.20081173592540613
5.62345084992573 -0.1871710430100675
5.686282702997525 -0.17254782760551693
5.749114556069321 -0.1570081471436736
5.811946409141116 -0.1406257088673579
5.874778262212914 -0.12348137559163581
5.937610115284709 -0.10566257369779467
6.000441968356505 -0.08726261127343331
6.0632738214283 -0.06837991574785263
6.126105674500097 -0.04911720157112774
6.188937527571893 -0.02958057945304275
6.2517693806436885 -0.009878619428756874