0.031415926535897934 0.008297930171233254
0.0942477796076938 0.02486475434138793
0.15707963267948966 0.0413445597250834
0.21991148575128552 0.05767963193659546
0.2827433388230814 0.07381270046816421
0.34557519189487723 0.08968710972609097
0.4084070449666731 0.1052469838840405
0.47123889803846897 0.12043738424809002
0.5340707511102649 0.13520445815056736
0.5969026041820606 0.14949557875916059
0.6597344572538566 0.16325947559088372
0.7225663103256523 0.1764463559427605
0.7853981633974483 0.18900801787739505
0.8482300164692442 0.2008979558165514
0.91106186954104 0.2120714601842258
0.9738937226128359 0.2224857128878476
1.0367255756846319 0.23209988071831728
1.0995574287564276 0.24087520897389092
1.1623892818282235 0.24877511775797675
1.2252211349000193 0.2557653034566993
1.2880529879718152 0.26181384786018363
1.350884841043611 0.26689133724519604
1.413716694115407 0.2709709934812687
1.4765485471872026 0.2740288188551171
1.5393804002589986 0.27604375582888335
1.6022122533307945 0.276997862359245
1.6650441064025903 0.27687650271278186
1.7278759594743862 0.2756685529280813
1.7907078125461822 0.2733666192111647
1.853539665617978 0.2699672666270305
1.9163715186897736 0.2654712544907149
1.9792033717615696 0.25988377389598305
2.0420352248333655 0.25321468188346846
2.104867077905162 0.2454787258824843
2.1676989309769574 0.2366957513053345
2.230530784048753 0.22689088457555115
2.2933626371205493 0.21609468347826669
2.356194490192345 0.2043432465758178
2.4190263432641403 0.19167827357350328
2.4818581963359367 0.17814706897965812
2.5446900494077322 0.1638024821996538
2.607521902479528 0.1487027783393107
2.670353755551324 0.13291143545650855
2.7331856086231197 0.11649686575869925
2.796017461694916 0.09953206024757429
2.8588493147667116 0.08209415849090258
2.9216811678385075 0.06426394747032275
2.9845130209103035 0.04612529571549746
3.047344873982099 0.027764531085707967
3.1101767270538954 0.009269772495575765
3.173008580125691 -0.009269772495575765
3.2358404331974873 -0.027764531085707967
3.2986722862692828 -0.04612529571549746
3.3615041393410787 -0.06426394747032275
3.4243359924128747 -0.08209415849090258
3.48716784548467 -0.09953206024757429
3.549999698556466 -0.11649686575869915
3.612831551628262 -0.13291143545650855
3.675663404700058 -0.1487027783393107
3.7384952577718535 -0.1638024821996537
3.8013271108436495 -0.17814706897965812
3.8641589639154454 -0.19167827357350306
3.9269908169872414 -0.2043432465758178
3.989822670059038 -0.21609468347826702
4.052654523130833 -0.22689088457555115
4.115486376202629 -0.2366957513053345
4.178318229274425 -0.2454787258824845
4.241150082346222 -0.25321468188346846
4.303981935418017 -0.25988377389598316
4.366813788489813 -0.2654712544907149
4.429645641561608 -0.2699672666270304
4.4924774946334045 -0.27336661921116473
4.5553093477052 -0.2756685529280813
4.618141200776996 -0.2768765027127819
4.680973053848792 -0.276997862359245
4.743804906920587 -0.27604375582888335
4.806636759992383 -0.27402881885511726
4.869468613064179 -0.2709709934812687
4.932300466135976 -0.26689133724519587
4.995132319207771 -0.26181384786018363
5.057964172279567 -0.2557653034566992
5.120796025351362 -0.24877511775797684
5.183627878423159 -0.24087520897389092
5.246459731494955 -0.23209988071831725
5.3092915845667505 -0.2224857128878476
5.372123437638546 -0.2120714601842258
5.434955290710342 -0.2008979558165515
5.497787143782137 -0.18900801787739527
5.560618996853934 -0.17644635594276034
5.62345084992573 -0.16325947559088372
5.686282702997525 -0.14949557875916059
5.749114556069321 -0.13520445815056747
5.811946409141116 -0.12043738424809033
5.874778262212914 -0.10524698388404041
5.937610115284709 -0.08968710972609097
6.000441968356505 -0.07381270046816421
6.0632738214283 -0.05767963193659556
6.126105674500097 -0.0413445597250834
6.188937527571893 -0.024864754341387737
6.2517693806436885 -0.008297930171233254