0.031415926535897934 0.009866093409669353
0.0942477796076938 0.029497898889084623
0.15707963267948966 0.04883076772347392
0.21991148575128552 0.0676726817025407
0.2827433388230814 0.0858422391238059
0.34557519189487723 0.10317233262281593
0.4084070449666731 0.11951329636712822
0.47123889803846897 0.13473542242078643
0.5340707511102649 0.14873077954224082
0.5969026041820606 0.1614143033955461
0.6597344572538566 0.17272416269825913
0.7225663103256523 0.18262143887546783
0.7853981633974483 0.19108918532180078
0.8482300164692442 0.1981309548498931
0.91106186954104 0.20376889936814865
0.9738937226128359 0.20804155395674118
1.0367255756846319 0.2110014185774713
1.0995574287564276 0.21271244545571308
1.1623892818282235 0.21324752988849371
1.2252211349000193 0.21268608826223867
1.2880529879718152 0.21111179087074275
1.350884841043611 0.2086105000946297
1.413716694115407 0.20526844783824394
1.4765485471872026 0.20117067076434736
1.5393804002589986 0.19639970848358534
1.6022122533307945 0.19103455882877016
1.6650441064025903 0.18514987581097359
1.7278759594743862 0.17881538975255237
1.7907078125461822 0.17209552521265475
1.853539665617978 0.16504919036120858
1.9163715186897736 0.15772971106936592
1.9792033717615696 0.15018488381091016
2.0420352248333655 0.14245712317282896
2.104867077905162 0.13458368205437565
2.1676989309769574 0.1265969252402181
2.230530784048753 0.11852463976306474
2.2933626371205493 0.11039036817174566
2.356194490192345 0.10221375338360814
2.4190263432641403 0.09401088615447714
2.4818581963359367 0.08579464830522218
2.5446900494077322 0.07757504668484799
2.607521902479528 0.06935953442712157
2.670353755551324 0.06115331738432526
2.7331856086231197 0.05295964471867707
2.796017461694916 0.044780083524360255
2.8588493147667116 0.03661477806756887
2.9216811678385075 0.02846269479474043
2.9845130209103035 0.020321854694777767
3.047344873982099 0.012189554931572913
3.1101767270538954 0.004062581907512552
3.173008580125691 -0.004062581907512552
3.2358404331974873 -0.012189554931572913
3.2986722862692828 -0.020321854694777767
3.3615041393410787 -0.02846269479474043
3.4243359924128747 -0.03661477806756887
3.48716784548467 -0.044780083524360255
3.549999698556466 -0.05295964471867707
3.612831551628262 -0.06115331738432526
3.675663404700058 -0.06935953442712157
3.7384952577718535 -0.07757504668484799
3.8013271108436495 -0.08579464830522218
3.8641589639154454 -0.09401088615447714
3.9269908169872414 -0.10221375338360814
3.989822670059038 -0.11039036817174575
4.052654523130833 -0.11852463976306474
4.115486376202629 -0.1265969252402181
4.178318229274425 -0.13458368205437565
4.241150082346222 -0.1424571231728291
4.303981935418017 -0.1501848838109103
4.366813788489813 -0.15772971106936592
4.429645641561608 -0.16504919036120858
4.4924774946334045 -0.17209552521265475
4.5553093477052 -0.17881538975255237
4.618141200776996 -0.1851498758109736
4.680973053848792 -0.1910345588287702
4.743804906920587 -0.19639970848358534
4.806636759992383 -0.20117067076434736
4.869468613064179 -0.20526844783824394
4.932300466135976 -0.20861050009462964
4.995132319207771 -0.21111179087074272
5.057964172279567 -0.21268608826223875
5.120796025351362 -0.21324752988849377
5.183627878423159 -0.21271244545571308
5.246459731494955 -0.21100141857747118
5.3092915845667505 -0.20804155395674118
5.372123437638546 -0.20376889936814865
5.434955290710342 -0.1981309548498932
5.497787143782137 -0.19108918532180094
5.560618996853934 -0.1826214388754677
5.62345084992573 -0.17272416269825913
5.686282702997525 -0.1614143033955461
5.749114556069321 -0.14873077954224087
5.811946409141116 -0.13473542242078668
5.874778262212914 -0.11951329636712815
5.937610115284709 -0.10317233262281593
6.000441968356505 -0.0858422391238059
6.0632738214283 -0.0676726817025408
6.126105674500097 -0.04883076772347392
6.188937527571893 -0.029497898889084433
6.2517693806436885 -0.009866093409669353