0.031415926535897934 0.002754066995906633
0.0942477796076938 0.00825231589940734
0.15707963267948966 0.013720935203542818
0.21991148575128552 0.019140257434105187
0.2827433388230814 0.024490743645010693
0.34557519189487723 0.029753035108265376
0.4084070449666731 0.03490800527917212
0.47123889803846897 0.03993681211005719
0.5340707511102649 0.0448209507811026
0.5969026041820606 0.049542306910406
0.6597344572538566 0.054083210296779385
0.7225663103256523 0.05842648923760791
0.7853981633974483 0.06255552544988102
0.8482300164692442 0.06645430960486107
0.91106186954104 0.07010749746535201
0.9738937226128359 0.07350046658882162
1.0367255756846319 0.07661937352946242
1.0995574287564276 0.07945121143744037
1.1623892818282235 0.08198386791407809
1.2252211349000193 0.08420618293762648
1.2880529879718152 0.08610800662591638
1.350884841043611 0.0876802565500062
1.413716694115407 0.08891497425768728
1.4765485471872026 0.08980538060826648
1.5393804002589986 0.09034592946160129
1.6022122533307945 0.09053235920626641
1.6650441064025903 0.09036174155559493
1.7278759594743862 0.08983252698793556
1.7907078125461822 0.08894458616072141
1.853539665617978 0.08769924658893026
1.9163715186897736 0.08609932384928927
1.9792033717615696 0.08414914655425931
2.0420352248333655 0.08185457433637018
2.104867077905162 0.07922300809571736
2.1676989309769574 0.07626339179287747
2.230530784048753 0.07298620511735389
2.2933626371205493 0.069403446428649
2.356194490192345 0.06552860545337706
2.4190263432641403 0.061376625327106436
2.4818581963359367 0.05696385369279644
2.5446900494077322 0.052307982707099854
2.607521902479528 0.047427977959044326
2.670353755551324 0.042343996469703854
2.7331856086231197 0.037077294112832594
2.796017461694916 0.031650122970999575
2.8588493147667116 0.026085619315134347
2.9216811678385075 0.0204076830629058
2.9845130209103035 0.0146408497283771
3.047344873982099 0.008810156017318573
3.1101767270538954 0.0029410003452331732
3.173008580125691 -0.0029410003452331732
3.2358404331974873 -0.008810156017318573
3.2986722862692828 -0.0146408497283771
3.3615041393410787 -0.0204076830629058
3.4243359924128747 -0.026085619315134347
3.48716784548467 -0.031650122970999575
3.549999698556466 -0.037077294112832504
3.612831551628262 -0.042343996469703854
3.675663404700058 -0.047427977959044326
3.7384952577718535 -0.052307982707099854
3.8013271108436495 -0.05696385369279644
3.8641589639154454 -0.06137662532710634
3.9269908169872414 -0.06552860545337706
3.989822670059038 -0.06940344642864908
4.052654523130833 -0.07298620511735389
4.115486376202629 -0.07626339179287747
4.178318229274425 -0.07922300809571736
4.241150082346222 -0.08185457433637018
4.303981935418017 -0.08414914655425931
4.366813788489813 -0.08609932384928927
4.429645641561608 -0.08769924658893012
4.4924774946334045 -0.08894458616072155
4.5553093477052 -0.08983252698793556
4.618141200776996 -0.090361741555595
4.680973053848792 -0.09053235920626641
4.743804906920587 -0.09034592946160129
4.806636759992383 -0.08980538060826651
4.869468613064179 -0.08891497425768728
4.932300466135976 -0.08768025655000618
4.995132319207771 -0.08610800662591638
5.057964172279567 -0.08420618293762648
5.120796025351362 -0.08198386791407809
5.183627878423159 -0.07945121143744037
5.246459731494955 -0.07661937352946234
5.3092915845667505 -0.07350046658882162
5.372123437638546 -0.07010749746535201
5.434955290710342 -0.06645430960486107
5.497787143782137 -0.0625555254498811
5.560618996853934 -0.05842648923760791
5.62345084992573 -0.054083210296779385
5.686282702997525 -0.049542306910406
5.749114556069321 -0.0448209507811026
5.811946409141116 -0.039936812110057326
5.874778262212914 -0.03490800527917212
5.937610115284709 -0.029753035108265376
6.000441968356505 -0.024490743645010693
6.0632738214283 -0.019140257434105325
6.126105674500097 -0.013720935203542818
6.188937527571893 -0.00825231589940734
6.2517693806436885 -0.002754066995906633