0.031415926535897934 0.005292549893621343
0.0942477796076938 0.015857344590193306
0.15707963267948966 0.026361300416334964
0.21991148575128552 0.03676411236954522
0.2827433388230814 0.04702585532765244
0.34557519189487723 0.057107133063335355
0.4084070449666731 0.06696922440154375
0.47123889803846897 0.07657422581506151
0.5340707511102649 0.08588518983121712
0.5969026041820606 0.09486625871152479
0.6597344572538566 0.1034827929624314
0.7225663103256523 0.11170149433571169
0.7853981633974483 0.11949052307754562
0.8482300164692442 0.12681960928212252
0.91106186954104 0.13366015829501857
0.9738937226128359 0.1399853501901509
1.0367255756846319 0.14577023340876535
1.0995574287564276 0.15099181269706183
1.1623892818282235 0.1556291315087307
1.2252211349000193 0.15966334904849458
1.2880529879718152 0.16307781212207215
1.350884841043611 0.1658581219269233
1.413716694115407 0.16799219586747896
1.4765485471872026 0.1694703244099309
1.5393804002589986 0.1702852229073057
1.6022122533307945 0.17043207822844017
1.6650441064025903 0.1699085899181538
1.7278759594743862 0.16871500550445193
1.7907078125461822 0.16685414945646024
1.853539665617978 0.16433144518876153
1.9163715186897736 0.16115492940882278
1.9792033717615696 0.1573352580191731
2.0420352248333655 0.15288570271973762
2.104867077905162 0.1478221374126698
2.1676989309769574 0.14216301349611277
2.230530784048753 0.13592932314782885
2.2933626371205493 0.1291445497469488
2.356194490192345 0.12183460466365303
2.4190263432641403 0.11402774976264123
2.4818581963359367 0.10575450511586668
2.5446900494077322 0.09704754160093366
2.607521902479528 0.08794155827032109
2.670353755551324 0.07847314460841462
2.7331856086231197 0.06868062804237926
2.796017461694916 0.058603907332346314
2.8588493147667116 0.04828427272868271
2.9216811678385075 0.03776421404124149
2.9845130209103035 0.02708721800929061
3.047344873982099 0.01629755658327894
3.1101767270538954 0.005440067923236015
3.173008580125691 -0.005440067923236015
3.2358404331974873 -0.01629755658327894
3.2986722862692828 -0.02708721800929061
3.3615041393410787 -0.03776421404124149
3.4243359924128747 -0.04828427272868271
3.48716784548467 -0.058603907332346314
3.549999698556466 -0.0686806280423792
3.612831551628262 -0.07847314460841462
3.675663404700058 -0.08794155827032109
3.7384952577718535 -0.0970475416009337
3.8013271108436495 -0.10575450511586668
3.8641589639154454 -0.11402774976264125
3.9269908169872414 -0.12183460466365303
3.989822670059038 -0.12914454974694883
4.052654523130833 -0.13592932314782885
4.115486376202629 -0.14216301349611277
4.178318229274425 -0.14782213741266986
4.241150082346222 -0.15288570271973767
4.303981935418017 -0.1573352580191731
4.366813788489813 -0.16115492940882278
4.429645641561608 -0.1643314451887615
4.4924774946334045 -0.16685414945646032
4.5553093477052 -0.16871500550445193
4.618141200776996 -0.1699085899181538
4.680973053848792 -0.17043207822844017
4.743804906920587 -0.1702852229073058
4.806636759992383 -0.1694703244099309
4.869468613064179 -0.16799219586747896
4.932300466135976 -0.16585812192692326
4.995132319207771 -0.16307781212207223
5.057964172279567 -0.1596633490484945
5.120796025351362 -0.15562913150873067
5.183627878423159 -0.15099181269706183
5.246459731494955 -0.14577023340876535
5.3092915845667505 -0.1399853501901509
5.372123437638546 -0.13366015829501857
5.434955290710342 -0.12681960928212258
5.497787143782137 -0.11949052307754561
5.560618996853934 -0.11170149433571169
5.62345084992573 -0.1034827929624314
5.686282702997525 -0.09486625871152479
5.749114556069321 -0.0858851898312172
5.811946409141116 -0.07657422581506157
5.874778262212914 -0.06696922440154372
5.937610115284709 -0.057107133063335355
6.000441968356505 -0.04702585532765244
6.0632738214283 -0.03676411236954538
6.126105674500097 -0.026361300416334964
6.188937527571893 -0.015857344590193306
6.2517693806436885 -0.005292549893621343