0.031415926535897934 0.0070323240032391645
0.0942477796076938 0.021065566735133056
0.15707963267948966 0.0350047797014794
0.21991148575128552 0.04878789470190924
0.2827433388230814 0.062353764439217384
0.34557519189487723 0.07564251787225983
0.4084070449666731 0.08859590282660157
0.47123889803846897 0.10115761259506124
0.5340707511102649 0.11327359352726551
0.5969026041820606 0.12489233092008854
0.6597344572538566 0.13596511087202098
0.7225663103256523 0.14644625614592083
0.7853981633974483 0.15629333448759997
0.8482300164692442 0.1654673382634014
0.91106186954104 0.17393283469946325
0.9738937226128359 0.18165808642014233
1.0367255756846319 0.18861514238499621
1.0995574287564276 0.19477989970535745
1.1623892818282235 0.20013213717637354
1.2252211349000193 0.20465552168278905
1.2880529879718152 0.2083375889222943
1.350884841043611 0.21116970013549852
1.413716694115407 0.21314697673431063
1.4765485471872026 0.21426821487953188
1.5393804002589986 0.2145357821737102
1.6022122533307945 0.2139554987075947
1.6650441064025903 0.21253650472960164
1.7278759594743862 0.21029111719997284
1.7907078125461822 0.2072346774478465
1.853539665617978 0.2033853920737681
1.9163715186897736 0.1987641691360972
1.9792033717615696 0.19339445153140478
2.0420352248333655 0.18730204933039488
2.104867077905162 0.18051497266633235
2.1676989309769574 0.17306326659635896
2.230530784048753 0.16497884917132327
2.2933626371205493 0.15629535376037412
2.356194490192345 0.1470479764858804
2.4190263432641403 0.1372733294351753
2.4818581963359367 0.12700930013081727
2.5446900494077322 0.11629491756274077
2.607521902479528 0.10517022491578337
2.670353755551324 0.09367615896622133
2.7331856086231197 0.08185443597238644
2.796017461694916 0.0697474437482347
2.8588493147667116 0.057398139485664176
2.9216811678385075 0.04484995278198767
2.9845130209103035 0.03214669323373431
3.047344873982099 0.01933246187707987
3.1101767270538954 0.006451565688929459
3.173008580125691 -0.006451565688929459
3.2358404331974873 -0.01933246187707987
3.2986722862692828 -0.03214669323373431
3.3615041393410787 -0.04484995278198767
3.4243359924128747 -0.057398139485664176
3.48716784548467 -0.0697474437482347
3.549999698556466 -0.08185443597238624
3.612831551628262 -0.09367615896622133
3.675663404700058 -0.10517022491578337
3.7384952577718535 -0.11629491756274077
3.8013271108436495 -0.12700930013081727
3.8641589639154454 -0.13727332943517515
3.9269908169872414 -0.1470479764858804
3.989822670059038 -0.15629535376037443
4.052654523130833 -0.16497884917132327
4.115486376202629 -0.17306326659635896
4.178318229274425 -0.18051497266633237
4.241150082346222 -0.18730204933039496
4.303981935418017 -0.19339445153140483
4.366813788489813 -0.1987641691360972
4.429645641561608 -0.2033853920737679
4.4924774946334045 -0.20723467744784654
4.5553093477052 -0.21029111719997284
4.618141200776996 -0.2125365047296017
4.680973053848792 -0.21395549870759473
4.743804906920587 -0.21453578217371017
4.806636759992383 -0.21426821487953188
4.869468613064179 -0.21314697673431063
4.932300466135976 -0.21116970013549846
4.995132319207771 -0.2083375889222943
5.057964172279567 -0.2046555216827892
5.120796025351362 -0.20013213717637346
5.183627878423159 -0.19477989970535745
5.246459731494955 -0.18861514238499594
5.3092915845667505 -0.18165808642014233
5.372123437638546 -0.17393283469946325
5.434955290710342 -0.16546733826340143
5.497787143782137 -0.15629333448760013
5.560618996853934 -0.14644625614592083
5.62345084992573 -0.13596511087202098
5.686282702997525 -0.12489233092008854
5.749114556069321 -0.11327359352726558
5.811946409141116 -0.1011576125950615
5.874778262212914 -0.08859590282660144
5.937610115284709 -0.07564251787225983
6.000441968356505 -0.062353764439217384
6.0632738214283 -0.048787894701909494
6.126105674500097 -0.0350047797014794
6.188937527571893 -0.021065566735132976
6.2517693806436885 -0.0070323240032391645