0.031415926535897934 0.007162289164167283
0.0942477796076938 0.02146658592829869
0.15707963267948966 0.035710050104312135
0.21991148575128552 0.04985216661974678
0.2827433388230814 0.06385247914242113
0.34557519189487723 0.07767061119830282
0.4084070449666731 0.09126628514268462
0.47123889803846897 0.1045993386972551
0.5340707511102649 0.11762973900170114
0.5969026041820606 0.13031759440780952
0.6597344572538566 0.14262316456134502
0.7225663103256523 0.15450686966610921
0.7853981633974483 0.1659293001985225
0.8482300164692442 0.17685122873188383
0.91106186954104 0.1872336259282621
0.9738937226128359 0.19703768315268133
1.0367255756846319 0.20622484454748372
1.0995574287564276 0.21475685176153894
1.1623892818282235 0.22259580484448518
1.2252211349000193 0.22970424307357698
1.2880529879718152 0.236045249660829
1.350884841043611 0.2415825843694395
1.413716694115407 0.24628084802719666
1.4765485471872026 0.2501056827349109
1.5393804002589986 0.253024011202864
1.6022122533307945 0.2550043180805194
1.6650441064025903 0.2560169753483954
1.7278759594743862 0.2560346127936331
1.7907078125461822 0.2550325332761226
1.853539665617978 0.25298917090329104
1.9163715186897736 0.24988658837506678
1.9792033717615696 0.24571100765939588
2.0420352248333655 0.24045336585706292
2.104867077905162 0.23410988568054075
2.1676989309769574 0.226682647499414
2.230530784048753 0.21818014751543435
2.2933626371205493 0.20861782446890093
2.356194490192345 0.19801853550994533
2.4190263432641403 0.18641296066992358
2.4818581963359367 0.17383991491560302
2.5446900494077322 0.1603465472230594
2.607521902479528 0.14598840759774798
2.670353755551324 0.13082936557049302
2.7331856086231197 0.1149413674276326
2.796017461694916 0.09840402421865277
2.8588493147667116 0.08130402827015384
2.9216811678385075 0.06373440227755776
2.9845130209103035 0.04579359172487525
3.047344873982099 0.02758441801906678
3.1101767270538954 0.009212915909664237
3.173008580125691 -0.009212915909664237
3.2358404331974873 -0.02758441801906678
3.2986722862692828 -0.04579359172487525
3.3615041393410787 -0.06373440227755776
3.4243359924128747 -0.08130402827015384
3.48716784548467 -0.09840402421865277
3.549999698556466 -0.11494136742763249
3.612831551628262 -0.13082936557049302
3.675663404700058 -0.14598840759774798
3.7384952577718535 -0.16034654722305933
3.8013271108436495 -0.17383991491560302
3.8641589639154454 -0.18641296066992333
3.9269908169872414 -0.19801853550994533
3.989822670059038 -0.20861782446890104
4.052654523130833 -0.21818014751543435
4.115486376202629 -0.226682647499414
4.178318229274425 -0.23410988568054075
4.241150082346222 -0.24045336585706306
4.303981935418017 -0.24571100765939588
4.366813788489813 -0.24988658837506678
4.429645641561608 -0.2529891709032908
4.4924774946334045 -0.2550325332761226
4.5553093477052 -0.2560346127936331
4.618141200776996 -0.25601697534839524
4.680973053848792 -0.25500431808051927
4.743804906920587 -0.2530240112028642
4.806636759992383 -0.2501056827349109
4.869468613064179 -0.24628084802719666
4.932300466135976 -0.24158258436943952
4.995132319207771 -0.2360452496608289
5.057964172279567 -0.22970424307357704
5.120796025351362 -0.22259580484448516
5.183627878423159 -0.21475685176153894
5.246459731494955 -0.2062248445474835
5.3092915845667505 -0.19703768315268133
5.372123437638546 -0.1872336259282621
5.434955290710342 -0.17685122873188386
5.497787143782137 -0.16592930019852273
5.560618996853934 -0.15450686966610921
5.62345084992573 -0.14262316456134502
5.686282702997525 -0.13031759440780952
5.749114556069321 -0.11762973900170119
5.811946409141116 -0.10459933869725536
5.874778262212914 -0.09126628514268452
5.937610115284709 -0.07767061119830282
6.000441968356505 -0.06385247914242113
6.0632738214283 -0.04985216661974693
6.126105674500097 -0.035710050104312135
6.188937527571893 -0.021466585928298535
6.2517693806436885 -0.007162289164167283