0.031415926535897934 0.0026858468708433054
0.0942477796076938 0.008048283289765394
0.15707963267948966 0.013382967442095162
0.21991148575128552 0.018671463545438235
0.2827433388230814 0.023895434608684853
0.34557519189487723 0.029036682349060972
0.4084070449666731 0.03407718751865361
0.47123889803846897 0.03899915076930597
0.5340707511102649 0.04378503419224183
0.5969026041820606 0.04841760367628073
0.6597344572538566 0.05287997223517924
0.7225663103256523 0.0571556444594187
0.7853981633974483 0.0612285622495868
0.8482300164692442 0.06508315198617448
0.91106186954104 0.06870437328295181
0.9738937226128359 0.07207776945690816
1.0367255756846319 0.07518951982592009
1.0995574287564276 0.07802649391480942
1.1623892818282235 0.08057630761040344
1.2252211349000193 0.08282738125591885
1.2880529879718152 0.08476899961405544
1.350884841043611 0.08639137355647439
1.413716694115407 0.08768570325514938
1.4765485471872026 0.08864424255905688
1.5393804002589986 0.08926036413901142
1.6022122533307945 0.08952862487579921
1.6650441064025903 0.08944483085432729
1.7278759594743862 0.08900610121203097
1.7907078125461822 0.08821092997655176
1.853539665617978 0.08705924491948035
1.9163715186897736 0.08555246235394273
1.9792033717615696 0.08369353671852305
2.0420352248333655 0.08148700372313993
2.104867077905162 0.0789390157887696
2.1676989309769574 0.07605736849684659
2.230530784048753 0.07285151677989715
2.2933626371205493 0.06933257963594984
2.356194490192345 0.06551333223806283
2.4190263432641403 0.061408184438356946
2.4818581963359367 0.05703314483329718
2.5446900494077322 0.052405769762191946
2.607521902479528 0.04754509685086642
2.670353755551324 0.042471562982490316
2.7331856086231197 0.03720690687119521
2.796017461694916 0.03177405672358519
2.8588493147667116 0.026197003789436235
2.9216811678385075 0.02050066291584142
2.9845130209103035 0.014710721518323406
3.047344873982099 0.008853478657551818
3.1101767270538954 0.0029556761512575785
3.173008580125691 -0.0029556761512575785
3.2358404331974873 -0.008853478657551818
3.2986722862692828 -0.014710721518323406
3.3615041393410787 -0.02050066291584142
3.4243359924128747 -0.026197003789436235
3.48716784548467 -0.03177405672358519
3.549999698556466 -0.03720690687119521
3.612831551628262 -0.042471562982490316
3.675663404700058 -0.04754509685086642
3.7384952577718535 -0.05240576976219188
3.8013271108436495 -0.05703314483329718
3.8641589639154454 -0.061408184438356946
3.9269908169872414 -0.06551333223806283
3.989822670059038 -0.06933257963594994
4.052654523130833 -0.07285151677989715
4.115486376202629 -0.07605736849684659
4.178318229274425 -0.07893901578876975
4.241150082346222 -0.08148700372313987
4.303981935418017 -0.08369353671852305
4.366813788489813 -0.08555246235394273
4.429645641561608 -0.08705924491948026
4.4924774946334045 -0.08821092997655183
4.5553093477052 -0.08900610121203097
4.618141200776996 -0.08944483085432733
4.680973053848792 -0.08952862487579918
4.743804906920587 -0.08926036413901145
4.806636759992383 -0.08864424255905694
4.869468613064179 -0.08768570325514938
4.932300466135976 -0.08639137355647429
4.995132319207771 -0.08476899961405544
5.057964172279567 -0.08282738125591886
5.120796025351362 -0.08057630761040327
5.183627878423159 -0.07802649391480942
5.246459731494955 -0.07518951982592005
5.3092915845667505 -0.07207776945690816
5.372123437638546 -0.06870437328295181
5.434955290710342 -0.06508315198617452
5.497787143782137 -0.06122856224958693
5.560618996853934 -0.05715564445941869
5.62345084992573 -0.05287997223517924
5.686282702997525 -0.04841760367628073
5.749114556069321 -0.04378503419224186
5.811946409141116 -0.03899915076930618
5.874778262212914 -0.0340771875186536
5.937610115284709 -0.029036682349060972
6.000441968356505 -0.023895434608684853
6.0632738214283 -0.018671463545438235
6.126105674500097 -0.013382967442095162
6.188937527571893 -0.00804828328976539
6.2517693806436885 -0.0026858468708433054