0.031415926535897934 0.008959511586277905
0.0942477796076938 0.026844324097144868
0.15707963267948966 0.0446266441040943
0.21991148575128552 0.06223860682747725
0.2827433388230814 0.07961303803344164
0.34557519189487723 0.09668372083296792
0.4084070449666731 0.11338565342393024
0.47123889803846897 0.12965529568990886
0.5340707511102649 0.1454308029181269
0.5969026041820606 0.160652245296064
0.6597344572538566 0.1752618122767369
0.7225663103256523 0.18920400134996385
0.7853981633974483 0.2024257912043258
0.8482300164692442 0.21487679969546558
0.91106186954104 0.2265094274350306
0.9738937226128359 0.23727898816656298
1.0367255756846319 0.24714382738730448
1.0995574287564276 0.25606543089766204
1.1623892818282235 0.26400852510476286
1.2252211349000193 0.27094117096740783
1.2880529879718152 0.2768348534436811
1.350884841043611 0.2816645681889354
1.413716694115407 0.28540890705285815
1.4765485471872026 0.2880501436443403
1.5393804002589986 0.2895743198787889
1.6022122533307945 0.28997133400356845
1.6650441064025903 0.2892350301248044
1.7278759594743862 0.28736328874625805
1.7907078125461822 0.2843581172937656
1.853539665617978 0.2802257390538229
1.9163715186897736 0.2749766784208016
1.9792033717615696 0.26862583984354643
2.0420352248333655 0.2611925774089607
2.104867077905162 0.25270075161794586
2.1676989309769574 0.2431787696174875
2.230530784048753 0.23265960497015448
2.2933626371205493 0.2211807929850285
2.356194490192345 0.20878439771511517
2.4190263432641403 0.19551694695461516
2.4818581963359367 0.18142933194904107
2.5446900494077322 0.16657666906033816
2.607521902479528 0.15101812129987807
2.670353755551324 0.13481667843986078
2.7331856086231197 0.11803889531706652
2.796017461694916 0.10075458892478739
2.8588493147667116 0.08303649591651209
2.9216811678385075 0.06495989318183013
2.9845130209103035 0.0466021851619
3.047344873982099 0.02804246250880067
3.1101767270538954 0.00936103752173003
3.173008580125691 -0.00936103752173003
3.2358404331974873 -0.02804246250880067
3.2986722862692828 -0.0466021851619
3.3615041393410787 -0.06495989318183013
3.4243359924128747 -0.08303649591651209
3.48716784548467 -0.10075458892478739
3.549999698556466 -0.11803889531706642
3.612831551628262 -0.13481667843986078
3.675663404700058 -0.15101812129987807
3.7384952577718535 -0.166576669060338
3.8013271108436495 -0.18142933194904107
3.8641589639154454 -0.195516946954615
3.9269908169872414 -0.20878439771511517
3.989822670059038 -0.2211807929850287
4.052654523130833 -0.23265960497015448
4.115486376202629 -0.2431787696174875
4.178318229274425 -0.25270075161794603
4.241150082346222 -0.2611925774089608
4.303981935418017 -0.2686258398435465
4.366813788489813 -0.2749766784208016
4.429645641561608 -0.2802257390538229
4.4924774946334045 -0.28435811729376553
4.5553093477052 -0.28736328874625805
4.618141200776996 -0.2892350301248044
4.680973053848792 -0.28997133400356845
4.743804906920587 -0.2895743198787889
4.806636759992383 -0.28805014364434045
4.869468613064179 -0.28540890705285815
4.932300466135976 -0.2816645681889354
4.995132319207771 -0.27683485344368114
5.057964172279567 -0.27094117096740783
5.120796025351362 -0.2640085251047629
5.183627878423159 -0.25606543089766204
5.246459731494955 -0.24714382738730442
5.3092915845667505 -0.23727898816656298
5.372123437638546 -0.2265094274350306
5.434955290710342 -0.21487679969546553
5.497787143782137 -0.2024257912043258
5.560618996853934 -0.18920400134996376
5.62345084992573 -0.1752618122767369
5.686282702997525 -0.160652245296064
5.749114556069321 -0.14543080291812713
5.811946409141116 -0.12965529568990905
5.874778262212914 -0.11338565342393014
5.937610115284709 -0.09668372083296792
6.000441968356505 -0.07961303803344164
6.0632738214283 -0.0622386068274774
6.126105674500097 -0.0446266441040943
6.188937527571893 -0.0268443240971448
6.2517693806436885 -0.008959511586277905