0.031415926535897934 0.0038774907281980543
0.0942477796076938 0.011621238977756063
0.15707963267948966 0.019331287955007083
0.21991148575128552 0.026985172806693606
0.2827433388230814 0.03456043126496092
0.34557519189487723 0.04203460589039851
0.4084070449666731 0.049385247576875006
0.47123889803846897 0.05658992075278258
0.5340707511102649 0.06362621076628118
0.5969026041820606 0.0704717340038966
0.6597344572538566 0.077104151360539
0.7225663103256523 0.08350118575238231
0.7853981633974483 0.08964064443936336
0.8482300164692442 0.09550044699812142
0.91106186954104 0.101058659855306
0.9738937226128359 0.10629353835108048
1.0367255756846319 0.11118357734858253
1.0995574287564276 0.1157075714317357
1.1623892818282235 0.11984468573534825
1.2252211349000193 0.12357453842164984
1.2880529879718152 0.1268772957497748
1.350884841043611 0.12973378057258328
1.413716694115407 0.1321255949321028
1.4765485471872026 0.13403525720478257
1.5393804002589986 0.13544635396554935
1.6022122533307945 0.13634370639163626
1.6650441064025903 0.13671355061160614
1.7278759594743862 0.13654373092281924
1.7907078125461822 0.1358239042560347
1.853539665617978 0.1345457536670866
1.9163715186897736 0.13270320799541743
1.9792033717615696 0.13029266416547056
2.0420352248333655 0.1273132079425797
2.104867077905162 0.12376682831822561
2.1676989309769574 0.1196586201231909
2.230530784048753 0.11499696898770984
2.2933626371205493 0.10979371242385198
2.356194490192345 0.1040642706358305
2.4190263432641403 0.09782774070503295
2.4818581963359367 0.09110694807933055
2.5446900494077322 0.08392844984318303
2.607521902479528 0.07632248506727324
2.670353755551324 0.06832286863076667
2.7331856086231197 0.05996682625643523
2.796017461694916 0.05129477006229753
2.8588493147667116 0.04235001565960085
2.9216811678385075 0.03317844364722262
2.9845130209103035 0.02382811018616838
3.047344873982099 0.014348813096648318
3.1101767270538954 0.004791621514269977
3.173008580125691 -0.004791621514269977
3.2358404331974873 -0.014348813096648318
3.2986722862692828 -0.02382811018616838
3.3615041393410787 -0.03317844364722262
3.4243359924128747 -0.04235001565960085
3.48716784548467 -0.05129477006229753
3.549999698556466 -0.059966826256435145
3.612831551628262 -0.06832286863076667
3.675663404700058 -0.07632248506727324
3.7384952577718535 -0.08392844984318289
3.8013271108436495 -0.09110694807933055
3.8641589639154454 -0.09782774070503295
3.9269908169872414 -0.1040642706358305
3.989822670059038 -0.10979371242385204
4.052654523130833 -0.11499696898770984
4.115486376202629 -0.1196586201231909
4.178318229274425 -0.12376682831822579
4.241150082346222 -0.12731320794257964
4.303981935418017 -0.13029266416547053
4.366813788489813 -0.13270320799541743
4.429645641561608 -0.1345457536670866
4.4924774946334045 -0.13582390425603483
4.5553093477052 -0.13654373092281924
4.618141200776996 -0.13671355061160614
4.680973053848792 -0.13634370639163626
4.743804906920587 -0.13544635396554938
4.806636759992383 -0.1340352572047826
4.869468613064179 -0.1321255949321028
4.932300466135976 -0.1297337805725834
4.995132319207771 -0.1268772957497749
5.057964172279567 -0.12357453842164993
5.120796025351362 -0.11984468573534827
5.183627878423159 -0.1157075714317357
5.246459731494955 -0.11118357734858259
5.3092915845667505 -0.10629353835108048
5.372123437638546 -0.101058659855306
5.434955290710342 -0.09550044699812145
5.497787143782137 -0.08964064443936336
5.560618996853934 -0.08350118575238231
5.62345084992573 -0.077104151360539
5.686282702997525 -0.0704717340038966
5.749114556069321 -0.06362621076628118
5.811946409141116 -0.05658992075278268
5.874778262212914 -0.049385247576875006
5.937610115284709 -0.04203460589039851
6.000441968356505 -0.03456043126496092
6.0632738214283 -0.02698517280669368
6.126105674500097 -0.019331287955007083
6.188937527571893 -0.011621238977756063
6.2517693806436885 -0.0038774907281980543