0.031415926535897934 0.0050159769477370626
0.0942477796076938 0.015029122666309904
0.15707963267948966 0.02498590880452567
0.21991148575128552 0.03484897849315546
0.2827433388230814 0.044581298039338885
0.34557519189487723 0.054146284027872936
0.4084070449666731 0.06350792832436858
0.47123889803846897 0.0726309204791956
0.5340707511102649 0.0814807670994123
0.5969026041820606 0.09002390783345329
0.6597344572538566 0.0982278276970345
0.7225663103256523 0.1060611655550634
0.7853981633974483 0.11349381865967421
0.8482300164692442 0.12049704322514647
0.91106186954104 0.12704355109284618
0.9738937226128359 0.13310760260004792
1.0367255756846319 0.1386650958125276
1.0995574287564276 0.14369365230953268
1.1623892818282235 0.14817269971908834
1.2252211349000193 0.15208355119008457
1.2880529879718152 0.15540948195449072
1.350884841043611 0.1581358030782575
1.413716694115407 0.16024993242376545
1.4765485471872026 0.1617414627515555
1.5393804002589986 0.1626022267768319
1.6022122533307945 0.16282635886994562
1.6650441064025903 0.16241035295352865
1.7278759594743862 0.16135311600662677
1.7907078125461822 0.1596560164431104
1.853539665617978 0.15732292649333768
1.9163715186897736 0.15436025759032937
1.9792033717615696 0.15077698765058878
2.0420352248333655 0.14658467905112058
2.104867077905162 0.14179748604388534
2.1676989309769574 0.1364321503221073
2.230530784048753 0.13050798346404463
2.2933626371205493 0.124046835032585
2.356194490192345 0.11707304520569012
2.4190263432641403 0.10961338095422574
2.4818581963359367 0.10169695496943774
2.5446900494077322 0.0933551267699349
2.607521902479528 0.08462138568341791
2.670353755551324 0.0755312156957619
2.7331856086231197 0.06612194248195379
2.796017461694916 0.056432563270997334
2.8588493147667116 0.04650356054021832
2.9216811678385075 0.03637670087270757
2.9845130209103035 0.026094820633828446
3.047344873982099 0.01570160041782188
3.1101767270538954 0.005241330473221275
3.173008580125691 -0.005241330473221275
3.2358404331974873 -0.01570160041782188
3.2986722862692828 -0.026094820633828446
3.3615041393410787 -0.03637670087270757
3.4243359924128747 -0.04650356054021832
3.48716784548467 -0.056432563270997334
3.549999698556466 -0.06612194248195372
3.612831551628262 -0.0755312156957619
3.675663404700058 -0.08462138568341791
3.7384952577718535 -0.09335512676993483
3.8013271108436495 -0.10169695496943774
3.8641589639154454 -0.1096133809542256
3.9269908169872414 -0.11707304520569012
3.989822670059038 -0.1240468350325851
4.052654523130833 -0.13050798346404463
4.115486376202629 -0.1364321503221073
4.178318229274425 -0.1417974860438854
4.241150082346222 -0.14658467905112071
4.303981935418017 -0.1507769876505888
4.366813788489813 -0.15436025759032937
4.429645641561608 -0.15732292649333757
4.4924774946334045 -0.15965601644311045
4.5553093477052 -0.16135311600662677
4.618141200776996 -0.16241035295352862
4.680973053848792 -0.16282635886994554
4.743804906920587 -0.1626022267768319
4.806636759992383 -0.16174146275155568
4.869468613064179 -0.16024993242376545
4.932300466135976 -0.15813580307825734
4.995132319207771 -0.15540948195449072
5.057964172279567 -0.15208355119008446
5.120796025351362 -0.1481726997190884
5.183627878423159 -0.14369365230953268
5.246459731494955 -0.1386650958125274
5.3092915845667505 -0.13310760260004792
5.372123437638546 -0.12704355109284618
5.434955290710342 -0.12049704322514641
5.497787143782137 -0.11349381865967437
5.560618996853934 -0.10606116555506333
5.62345084992573 -0.0982278276970345
5.686282702997525 -0.09002390783345329
5.749114556069321 -0.08148076709941234
5.811946409141116 -0.07263092047919574
5.874778262212914 -0.0635079283243686
5.937610115284709 -0.054146284027872936
6.000441968356505 -0.044581298039338885
6.0632738214283 -0.03484897849315558
6.126105674500097 -0.02498590880452567
6.188937527571893 -0.015029122666309904
6.2517693806436885 -0.0050159769477370626