0.031415926535897934 0.005190220381231585
0.0942477796076938 0.015492424282006654
0.15707963267948966 0.02556283771156573
0.21991148575128552 0.035256457215901975
0.2827433388230814 0.044441853770326195
0.34557519189487723 0.053005265738515626
0.4084070449666731 0.06085353829170847
0.47123889803846897 0.06791580690400925
0.5340707511102649 0.07414394103411581
0.5969026041820606 0.07951186583273112
0.6597344572538566 0.0840139542058143
0.7225663103256523 0.08766272430140652
0.7853981633974483 0.09048608949431897
0.8482300164692442 0.09252439435340412
0.91106186954104 0.0938274382834367
0.9738937226128359 0.0944516464252248
1.0367255756846319 0.09445750202117983
1.0995574287564276 0.09390731124245001
1.1623892818282235 0.09286333399081716
1.2252211349000193 0.09138628425468251
1.2880529879718152 0.08953418164070244
1.350884841043611 0.08736152118073841
1.413716694115407 0.08491872032469969
1.4765485471872026 0.08225179883515776
1.5393804002589986 0.07940224775792605
1.6022122533307945 0.07640704655214837
1.6650441064025903 0.07329879183116328
1.7278759594743862 0.07010590622645818
1.7907078125461822 0.06685290108999539
1.853539665617978 0.06356067172648718
1.9163715186897736 0.06024680837394089
1.9792033717615696 0.05692591011454384
2.0420352248333655 0.053609892262552125
2.104867077905162 0.050308280556369614
2.1676989309769574 0.04702848772441287
2.230530784048753 0.043776069760930056
2.2933626371205493 0.04055496060687987
2.356194490192345 0.0373676849498624
2.4190263432641403 0.034215549598783396
2.4818581963359367 0.031098814409542454
2.5446900494077322 0.028016844085978026
2.607521902479528 0.024968242396425987
2.670353755551324 0.021950970464244844
2.7331856086231197 0.018962450837822713
2.796017461694916 0.015999659043716787
2.8588493147667116 0.013059204292822797
2.9216811678385075 0.0101374009570912
2.9845130209103035 0.007230332373485763
3.047344873982099 0.004333908470242737
3.1101767270538954 0.0014439186537170644
3.173008580125691 -0.0014439186537170644
3.2358404331974873 -0.004333908470242737
3.2986722862692828 -0.007230332373485763
3.3615041393410787 -0.0101374009570912
3.4243359924128747 -0.013059204292822797
3.48716784548467 -0.015999659043716787
3.549999698556466 -0.018962450837822713
3.612831551628262 -0.021950970464244844
3.675663404700058 -0.024968242396425987
3.7384952577718535 -0.028016844085978026
3.8013271108436495 -0.031098814409542454
3.8641589639154454 -0.034215549598783306
3.9269908169872414 -0.0373676849498624
3.989822670059038 -0.04055496060687987
4.052654523130833 -0.043776069760930056
4.115486376202629 -0.04702848772441287
4.178318229274425 -0.050308280556369614
4.241150082346222 -0.05360989226255222
4.303981935418017 -0.05692591011454393
4.366813788489813 -0.06024680837394089
4.429645641561608 -0.06356067172648709
4.4924774946334045 -0.06685290108999546
4.5553093477052 -0.07010590622645818
4.618141200776996 -0.07329879183116328
4.680973053848792 -0.07640704655214837
4.743804906920587 -0.07940224775792598
4.806636759992383 -0.08225179883515767
4.869468613064179 -0.08491872032469969
4.932300466135976 -0.08736152118073849
4.995132319207771 -0.08953418164070244
5.057964172279567 -0.09138628425468243
5.120796025351362 -0.09286333399081716
5.183627878423159 -0.09390731124245001
5.246459731494955 -0.09445750202117974
5.3092915845667505 -0.0944516464252248
5.372123437638546 -0.0938274382834367
5.434955290710342 -0.0925243943534042
5.497787143782137 -0.09048608949431916
5.560618996853934 -0.08766272430140652
5.62345084992573 -0.0840139542058143
5.686282702997525 -0.07951186583273112
5.749114556069321 -0.07414394103411583
5.811946409141116 -0.06791580690400945
5.874778262212914 -0.06085353829170855
5.937610115284709 -0.053005265738515626
6.000441968356505 -0.044441853770326195
6.0632738214283 -0.035256457215901975
6.126105674500097 -0.02556283771156573
6.188937527571893 -0.015492424282006654
6.2517693806436885 -0.005190220381231585