0.031415926535897934 0.0022665390554998895
0.0942477796076938 0.0067914653297496234
0.15707963267948966 0.011291957861191238
0.21991148575128552 0.015751800057681613
0.2827433388230814 0.020154884222573104
0.34557519189487723 0.024485255195862275
0.4084070449666731 0.028727154080790983
0.47123889803846897 0.032865062083381524
0.5340707511102649 0.036883744493877345
0.5969026041820606 0.04076829483994907
0.6597344572538566 0.04450417924137879
0.7225663103256523 0.04807728099417281
0.7853981633974483 0.05147394540813021
0.8482300164692442 0.05468102491521996
0.91106186954104 0.05768592445614086
0.9738937226128359 0.060476647138634876
1.0367255756846319 0.06304184014304344
1.0995574287564276 0.06537084082787727
1.1623892818282235 0.06745372296059252
1.2252211349000193 0.06928134296620948
1.2880529879718152 0.07084538604900566
1.350884841043611 0.0721384120004873
1.413716694115407 0.07315390046072731
1.4765485471872026 0.07388629535064466
1.5393804002589986 0.07433104814085517
1.6022122533307945 0.07448465956952623
1.6650441064025903 0.0743447193686446
1.7278759594743862 0.07390994350687498
1.7907078125461822 0.07318020840955576
1.853539665617978 0.07215658157431018
1.9163715186897736 0.07084134796626505
1.9792033717615696 0.06923803155205789
2.0420352248333655 0.0673514113186726
2.104867077905162 0.06518753112358916
2.1676989309769574 0.06275370273841914
2.230530784048753 0.06005850148049332
2.2933626371205493 0.05711175387673984
2.356194490192345 0.05392451687209649
2.4190263432641403 0.050509048180575354
2.4818581963359367 0.0468787674802157
2.5446900494077322 0.04304820827217862
2.607521902479528 0.03903296035713462
2.670353755551324 0.03484960302619802
2.7331856086231197 0.03051562921573686
2.796017461694916 0.026049361031661028
2.8588493147667116 0.02146985720513366
2.9216811678385075 0.016796813193656942
2.9845130209103035 0.012050454784693297
3.047344873982099 0.007251426189004678
3.1101767270538954 0.0024206737236449954
3.173008580125691 -0.0024206737236449954
3.2358404331974873 -0.007251426189004678
3.2986722862692828 -0.012050454784693297
3.3615041393410787 -0.016796813193656942
3.4243359924128747 -0.02146985720513366
3.48716784548467 -0.026049361031661028
3.549999698556466 -0.03051562921573678
3.612831551628262 -0.03484960302619802
3.675663404700058 -0.03903296035713462
3.7384952577718535 -0.04304820827217862
3.8013271108436495 -0.0468787674802157
3.8641589639154454 -0.050509048180575354
3.9269908169872414 -0.05392451687209649
3.989822670059038 -0.05711175387673989
4.052654523130833 -0.06005850148049332
4.115486376202629 -0.06275370273841914
4.178318229274425 -0.06518753112358917
4.241150082346222 -0.06735141131867257
4.303981935418017 -0.06923803155205799
4.366813788489813 -0.07084134796626505
4.429645641561608 -0.07215658157431018
4.4924774946334045 -0.07318020840955584
4.5553093477052 -0.07390994350687498
4.618141200776996 -0.07434471936864458
4.680973053848792 -0.07448465956952623
4.743804906920587 -0.07433104814085519
4.806636759992383 -0.0738862953506446
4.869468613064179 -0.07315390046072731
4.932300466135976 -0.07213841200048732
4.995132319207771 -0.07084538604900563
5.057964172279567 -0.06928134296620933
5.120796025351362 -0.06745372296059254
5.183627878423159 -0.06537084082787727
5.246459731494955 -0.0630418401430434
5.3092915845667505 -0.060476647138634876
5.372123437638546 -0.05768592445614086
5.434955290710342 -0.05468102491522001
5.497787143782137 -0.05147394540813031
5.560618996853934 -0.048077280994172786
5.62345084992573 -0.04450417924137879
5.686282702997525 -0.04076829483994907
5.749114556069321 -0.03688374449387739
5.811946409141116 -0.03286506208338158
5.874778262212914 -0.028727154080791
5.937610115284709 -0.024485255195862275
6.000441968356505 -0.020154884222573104
6.0632738214283 -0.01575180005768179
6.126105674500097 -0.011291957861191238
6.188937527571893 -0.006791465329749545
6.2517693806436885 -0.0022665390554998895