0.031415926535897934 0.01012709659475805
0.0942477796076938 0.03031132628830587
0.15707963267948966 0.05028655105311446
0.21991148575128552 0.06991636863786332
0.2827433388230814 0.08906871745726776
0.34557519189487723 0.10761749235632138
0.4084070449666731 0.12544404285900074
0.47123889803846897 0.1424385246454941
0.5340707511102649 0.1585010783070665
0.5969026041820606 0.1735428134884364
0.6597344572538566 0.18748658129632087
0.7225663103256523 0.20026752323402292
0.7853981633974483 0.21183339076787594
0.8482300164692442 0.22214463574469034
0.91106186954104 0.23117427802294083
0.9738937226128359 0.2389075625933842
1.0367255756846319 0.24534142388269378
1.0995574287564276 0.2504837796107663
1.1623892818282235 0.2543526803022837
1.2252211349000193 0.25697534318644044
1.2880529879718152 0.25838710067421145
1.350884841043611 0.2586302938717948
1.413716694115407 0.2577531407340065
1.4765485471872026 0.255808606606086
1.5393804002589986 0.2528533022183452
1.6022122533307945 0.24894643088844357
1.6650441064025903 0.244148802967879
1.7278759594743862 0.23852193165696764
1.7907078125461822 0.23212722040386682
1.853539665617978 0.22502524836834153
1.9163715186897736 0.21727515700592753
1.9792033717615696 0.20893413781148804
2.0420352248333655 0.20005701871425266
2.104867077905162 0.19069594456651692
2.1676989309769574 0.18090014561298257
2.230530784048753 0.17071578674146606
2.2933626371205493 0.1601858896552484
2.356194490192345 0.14935031981816013
2.4190263432641403 0.13824583004512028
2.4818581963359367 0.12690615288125198
2.5446900494077322 0.11536213437186194
2.607521902479528 0.10364190241792313
2.670353755551324 0.0917710635877688
2.7331856086231197 0.07977292297285622
2.796017461694916 0.06766872239815065
2.8588493147667116 0.05547789299714324
2.9216811678385075 0.043218318815179554
2.9845130209103035 0.030906608695464716
3.047344873982099 0.01855837421718664
3.1101767270538954 0.006188511885681203
3.173008580125691 -0.006188511885681203
3.2358404331974873 -0.01855837421718664
3.2986722862692828 -0.030906608695464716
3.3615041393410787 -0.043218318815179554
3.4243359924128747 -0.05547789299714324
3.48716784548467 -0.06766872239815065
3.549999698556466 -0.0797729229728561
3.612831551628262 -0.0917710635877688
3.675663404700058 -0.10364190241792313
3.7384952577718535 -0.11536213437186194
3.8013271108436495 -0.12690615288125198
3.8641589639154454 -0.13824583004512028
3.9269908169872414 -0.14935031981816013
3.989822670059038 -0.16018588965524866
4.052654523130833 -0.17071578674146606
4.115486376202629 -0.18090014561298257
4.178318229274425 -0.19069594456651706
4.241150082346222 -0.20005701871425277
4.303981935418017 -0.2089341378114882
4.366813788489813 -0.21727515700592753
4.429645641561608 -0.22502524836834145
4.4924774946334045 -0.23212722040386696
4.5553093477052 -0.23852193165696764
4.618141200776996 -0.24414880296787908
4.680973053848792 -0.24894643088844365
4.743804906920587 -0.2528533022183451
4.806636759992383 -0.25580860660608606
4.869468613064179 -0.2577531407340065
4.932300466135976 -0.2586302938717949
4.995132319207771 -0.2583871006742116
5.057964172279567 -0.2569753431864406
5.120796025351362 -0.2543526803022836
5.183627878423159 -0.2504837796107663
5.246459731494955 -0.24534142388269378
5.3092915845667505 -0.2389075625933842
5.372123437638546 -0.23117427802294083
5.434955290710342 -0.22214463574469034
5.497787143782137 -0.2118333907678762
5.560618996853934 -0.2002675232340229
5.62345084992573 -0.18748658129632087
5.686282702997525 -0.1735428134884364
5.749114556069321 -0.1585010783070665
5.811946409141116 -0.14243852464549428
5.874778262212914 -0.1254440428590007
5.937610115284709 -0.10761749235632138
6.000441968356505 -0.08906871745726776
6.0632738214283 -0.06991636863786348
6.126105674500097 -0.05028655105311446
6.188937527571893 -0.030311326288305785
6.2517693806436885 -0.01012709659475805