0.031415926535897934 0.007450846280377219
0.0942477796076938 0.02228132607742605
0.15707963267948966 0.0368996388425284
0.21991148575128552 0.05116918968334043
0.2827433388230814 0.0649604710219846
0.34557519189487723 0.0781535334321592
0.4084070449666731 0.09064011647154079
0.47123889803846897 0.10232537476035536
0.5340707511102649 0.11312915553307386
0.5969026041820606 0.12298680621456096
0.6597344572538566 0.13184951273992357
0.7225663103256523 0.13968418994180737
0.7853981633974483 0.1464729631751438
0.8482300164692442 0.1522122945418911
0.91106186954104 0.15691181707340937
0.9738937226128359 0.1605929458471623
1.0367255756846319 0.1632873364202784
1.0995574287564276 0.16503525860464044
1.1623892818282235 0.1658839481468218
1.2252211349000193 0.16588599109624047
1.2880529879718152 0.16509778637106884
1.350884841043611 0.16357812205375988
1.413716694115407 0.16138689096397252
1.4765485471872026 0.15858396163309801
1.5393804002589986 0.15522821235949735
1.6022122533307945 0.15137672882518494
1.6650441064025903 0.14708415993415225
1.7278759594743862 0.14240222210541228
1.7907078125461822 0.13737933914638983
1.853539665617978 0.13206040290852294
1.9163715186897736 0.12648663901365062
1.9792033717615696 0.12069556184802332
2.0420352248333655 0.11472100356254968
2.104867077905162 0.10859320281818712
2.1676989309769574 0.10233894031975015
2.230530784048753 0.09598170965991526
2.2933626371205493 0.08954191354348046
2.356194490192345 0.08303707700006815
2.4190263432641403 0.07648207066367338
2.4818581963359367 0.06988933856095185
2.5446900494077322 0.06326912608368834
2.607521902479528 0.05662970491357989
2.670353755551324 0.049977592617568886
2.7331856086231197 0.043317765444276714
2.796017461694916 0.03665386353578244
2.8588493147667116 0.029988388335679968
2.9216811678385075 0.023322892436778552
2.9845130209103035 0.016658162482805973
3.047344873982099 0.009994396030074567
3.1101767270538954 0.0033313734981096255
3.173008580125691 -0.0033313734981096255
3.2358404331974873 -0.009994396030074567
3.2986722862692828 -0.016658162482805973
3.3615041393410787 -0.023322892436778552
3.4243359924128747 -0.029988388335679968
3.48716784548467 -0.03665386353578244
3.549999698556466 -0.043317765444276714
3.612831551628262 -0.049977592617568886
3.675663404700058 -0.05662970491357989
3.7384952577718535 -0.06326912608368825
3.8013271108436495 -0.06988933856095185
3.8641589639154454 -0.07648207066367338
3.9269908169872414 -0.08303707700006815
3.989822670059038 -0.08954191354348054
4.052654523130833 -0.09598170965991526
4.115486376202629 -0.10233894031975015
4.178318229274425 -0.10859320281818718
4.241150082346222 -0.11472100356254976
4.303981935418017 -0.1206955618480234
4.366813788489813 -0.12648663901365062
4.429645641561608 -0.13206040290852297
4.4924774946334045 -0.1373793391463899
4.5553093477052 -0.14240222210541228
4.618141200776996 -0.1470841599341522
4.680973053848792 -0.15137672882518488
4.743804906920587 -0.15522821235949735
4.806636759992383 -0.1585839616330979
4.869468613064179 -0.16138689096397252
4.932300466135976 -0.16357812205375988
4.995132319207771 -0.16509778637106892
5.057964172279567 -0.16588599109624047
5.120796025351362 -0.1658839481468218
5.183627878423159 -0.16503525860464044
5.246459731494955 -0.16328733642027857
5.3092915845667505 -0.1605929458471623
5.372123437638546 -0.15691181707340937
5.434955290710342 -0.15221229454189128
5.497787143782137 -0.14647296317514386
5.560618996853934 -0.1396841899418073
5.62345084992573 -0.13184951273992357
5.686282702997525 -0.12298680621456096
5.749114556069321 -0.11312915553307386
5.811946409141116 -0.10232537476035569
5.874778262212914 -0.09064011647154067
5.937610115284709 -0.0781535334321592
6.000441968356505 -0.0649604710219846
6.0632738214283 -0.05116918968334054
6.126105674500097 -0.0368996388425284
6.188937527571893 -0.02228132607742593
6.2517693806436885 -0.007450846280377219