0.031415926535897934 0.002754168711620751
0.0942477796076938 0.008250026791860003
0.15707963267948966 0.013708524618811883
0.21991148575128552 0.01910501372870196
0.2827433388230814 0.02441523015090682
0.34557519189487723 0.02961544213979299
0.4084070449666731 0.0346825919873695
0.47123889803846897 0.03959443042944556
0.5340707511102649 0.04432964230235361
0.5969026041820606 0.04886796227468833
0.6597344572538566 0.05319027966412302
0.7225663103256523 0.05727873154797839
0.7853981633974483 0.06111678358247919
0.8482300164692442 0.0646892981541841
0.91106186954104 0.06798258969278505
0.9738937226128359 0.07098446717258693
1.0367255756846319 0.07368426401624832
1.0995574287564276 0.07607285578517746
1.1623892818282235 0.07814266619341627
1.2252211349000193 0.07988766211371758
1.2880529879718152 0.081303338354407
1.350884841043611 0.08238669307279554
1.413716694115407 0.08313619475534273
1.4765485471872026 0.08355174173703335
1.5393804002589986 0.08363461525361124
1.6022122533307945 0.08338742702195044
1.6650441064025903 0.08281406232776714
1.7278759594743862 0.08191961956821661
1.7907078125461822 0.08071034715187171
1.853539665617978 0.07919357860246734
1.9163715186897736 0.07737766664788315
1.9792033717615696 0.07527191700431032
2.0420352248333655 0.07288652248948975
2.104867077905162 0.07023249802018124
2.1676989309769574 0.06732161696934624
2.230530784048753 0.06416634927934811
2.2933626371205493 0.06077980165006952
2.356194490192345 0.057175660046237795
2.4190263432641403 0.0533681346972665
2.4818581963359367 0.04937190769619102
2.5446900494077322 0.04520208324224579
2.607521902479528 0.040874140514599144
2.670353755551324 0.03640388911288312
2.7331856086231197 0.03180742695347797
2.796017461694916 0.02710110046899787
2.8588493147667116 0.022301466921967952
2.9216811678385075 0.017425258612122414
2.9845130209103035 0.012489348729927525
3.047344873982099 0.00751071858663378
3.1101767270538954 0.0025064259332147234
3.173008580125691 -0.0025064259332147234
3.2358404331974873 -0.00751071858663378
3.2986722862692828 -0.012489348729927525
3.3615041393410787 -0.017425258612122414
3.4243359924128747 -0.022301466921967952
3.48716784548467 -0.02710110046899787
3.549999698556466 -0.03180742695347797
3.612831551628262 -0.03640388911288312
3.675663404700058 -0.040874140514599144
3.7384952577718535 -0.04520208324224573
3.8013271108436495 -0.04937190769619102
3.8641589639154454 -0.0533681346972665
3.9269908169872414 -0.057175660046237795
3.989822670059038 -0.06077980165006949
4.052654523130833 -0.06416634927934811
4.115486376202629 -0.06732161696934624
4.178318229274425 -0.07023249802018128
4.241150082346222 -0.07288652248948976
4.303981935418017 -0.0752719170043103
4.366813788489813 -0.07737766664788315
4.429645641561608 -0.07919357860246734
4.4924774946334045 -0.0807103471518717
4.5553093477052 -0.08191961956821661
4.618141200776996 -0.08281406232776717
4.680973053848792 -0.08338742702195043
4.743804906920587 -0.08363461525361131
4.806636759992383 -0.0835517417370333
4.869468613064179 -0.08313619475534273
4.932300466135976 -0.08238669307279547
4.995132319207771 -0.0813033383544069
5.057964172279567 -0.0798876621137176
5.120796025351362 -0.07814266619341635
5.183627878423159 -0.07607285578517746
5.246459731494955 -0.07368426401624827
5.3092915845667505 -0.07098446717258693
5.372123437638546 -0.06798258969278505
5.434955290710342 -0.06468929815418416
5.497787143782137 -0.061116783582479246
5.560618996853934 -0.05727873154797835
5.62345084992573 -0.05319027966412302
5.686282702997525 -0.04886796227468833
5.749114556069321 -0.04432964230235361
5.811946409141116 -0.03959443042944559
5.874778262212914 -0.034682591987369435
5.937610115284709 -0.02961544213979299
6.000441968356505 -0.02441523015090682
6.0632738214283 -0.019105013728701988
6.126105674500097 -0.013708524618811883
6.188937527571893 -0.00825002679185992
6.2517693806436885 -0.002754168711620751