0.031415926535897934 0.009094260098234393
0.0942477796076938 0.02724540418489632
0.15707963267948966 0.045284604801556376
0.21991148575128552 0.06313784732370673
0.2827433388230814 0.08073203225694128
0.34557519189487723 0.09799532864602477
0.4084070449666731 0.11485751521571956
0.47123889803846897 0.13125030625754058
0.5340707511102649 0.14710765963909092
0.5969026041820606 0.16236606472721107
0.6597344572538566 0.17696480846792528
0.7225663103256523 0.19084621833922957
0.7853981633974483 0.20395588137097662
0.8482300164692442 0.21624283889377882
0.91106186954104 0.22765975712122577
0.9738937226128359 0.2381630740736856
1.0367255756846319 0.24771312370633097
1.0995574287564276 0.2562742383999625
1.1623892818282235 0.2638148312043412
1.2252211349000193 0.27030745938630485
1.2880529879718152 0.2757288709277608
1.350884841043611 0.28006003564295956
1.413716694115407 0.28328616254377037
1.4765485471872026 0.2853967049815331
1.5393804002589986 0.28638535494165096
1.6022122533307945 0.2862500276710328
1.6650441064025903 0.2849928375884501
1.7278759594743862 0.28262006617417473
1.7907078125461822 0.27914212226867613
1.853539665617978 0.27457349494146815
1.9163715186897736 0.26893269883095
1.9792033717615696 0.26224221161433636
2.0420352248333655 0.25452840305275365
2.104867077905162 0.24582145487848858
2.1676989309769574 0.23615527065621422
2.230530784048753 0.22556737466324706
2.2933626371205493 0.21409879879946575
2.356194490192345 0.20179395655753485
2.4190263432641403 0.18870050315889453
2.4818581963359367 0.17486918108897784
2.5446900494077322 0.16035365044284586
2.607521902479528 0.14521030371462224
2.670353755551324 0.12949806492377938
2.7331856086231197 0.11327817326002863
2.796017461694916 0.09661395173661635
2.8588493147667116 0.07957056165865169
2.9216811678385075 0.0622147440275526
2.9845130209103035 0.0446145493036031
3.047344873982099 0.02683905722502448
3.1101767270538954 0.008958088623747983
3.173008580125691 -0.008958088623747983
3.2358404331974873 -0.02683905722502448
3.2986722862692828 -0.0446145493036031
3.3615041393410787 -0.0622147440275526
3.4243359924128747 -0.07957056165865169
3.48716784548467 -0.09661395173661635
3.549999698556466 -0.11327817326002863
3.612831551628262 -0.12949806492377938
3.675663404700058 -0.14521030371462224
3.7384952577718535 -0.1603536504428459
3.8013271108436495 -0.17486918108897784
3.8641589639154454 -0.18870050315889442
3.9269908169872414 -0.20179395655753485
3.989822670059038 -0.2140987987994659
4.052654523130833 -0.22556737466324706
4.115486376202629 -0.23615527065621422
4.178318229274425 -0.24582145487848875
4.241150082346222 -0.25452840305275365
4.303981935418017 -0.26224221161433636
4.366813788489813 -0.26893269883095
4.429645641561608 -0.27457349494146815
4.4924774946334045 -0.27914212226867613
4.5553093477052 -0.28262006617417473
4.618141200776996 -0.2849928375884501
4.680973053848792 -0.2862500276710327
4.743804906920587 -0.28638535494165096
4.806636759992383 -0.28539670498153313
4.869468613064179 -0.28328616254377037
4.932300466135976 -0.28006003564295945
4.995132319207771 -0.2757288709277608
5.057964172279567 -0.2703074593863049
5.120796025351362 -0.26381483120434124
5.183627878423159 -0.2562742383999625
5.246459731494955 -0.24771312370633086
5.3092915845667505 -0.2381630740736856
5.372123437638546 -0.22765975712122577
5.434955290710342 -0.21624283889377893
5.497787143782137 -0.20395588137097687
5.560618996853934 -0.1908462183392295
5.62345084992573 -0.17696480846792528
5.686282702997525 -0.16236606472721107
5.749114556069321 -0.14710765963909106
5.811946409141116 -0.13125030625754083
5.874778262212914 -0.11485751521571956
5.937610115284709 -0.09799532864602477
6.000441968356505 -0.08073203225694128
6.0632738214283 -0.06313784732370674
6.126105674500097 -0.045284604801556376
6.188937527571893 -0.027245404184896255
6.2517693806436885 -0.009094260098234393