0.031415926535897934 0.0048066777677035774
0.0942477796076938 0.014405297044526068
0.15707963267948966 0.02395972218758034
0.21991148575128552 0.03344053926087134
0.2827433388230814 0.04281840761546792
0.34557519189487723 0.05206408935815979
0.4084070449666731 0.061148479064466674
0.47123889803846897 0.07004263393232588
0.5340707511102649 0.0787178046628201
0.5969026041820606 0.08714546745896168
0.6597344572538566 0.0952973576496607
0.7225663103256523 0.10314550556985068
0.7853981633974483 0.11066227545503828
0.8482300164692442 0.11782040823451709
0.91106186954104 0.12459306922680488
0.9738937226128359 0.13095390184772918
1.0367255756846319 0.13687708852968383
1.0995574287564276 0.14233742011318534
1.1623892818282235 0.14731037500183558
1.2252211349000193 0.1517722093617525
1.2880529879718152 0.1557000595889201
1.350884841043611 0.15907205815526482
1.413716694115407 0.16186746376946534
1.4765485471872026 0.16406680654512235
1.5393804002589986 0.16565204855172677
1.6022122533307945 0.16660675972927322
1.6650441064025903 0.166916308674195
1.7278759594743862 0.16656806725429116
1.7907078125461822 0.16555162738903242
1.853539665617978 0.1638590276490168
1.9163715186897736 0.1614849865994355
1.9792033717615696 0.15842713905774702
2.0420352248333655 0.15468627068162447
2.104867077905162 0.1502665455815186
2.1676989309769574 0.14517572099972068
2.230530784048753 0.13942534255539707
2.2933626371205493 0.1330309131656234
2.356194490192345 0.1260120285588855
2.4190263432641403 0.11839247233978419
2.4818581963359367 0.11020026387574292
2.5446900494077322 0.10146765288276623
2.607521902479528 0.09223105549936654
2.670353755551324 0.08253092785155841
2.7331856086231197 0.07241157460529236
2.796017461694916 0.06192089173491081
2.8588493147667116 0.05111004464761816
2.9216811678385075 0.04003308481834527
2.9845130209103035 0.028746510117471324
3.047344873982099 0.017308775958275572
3.1101767270538954 0.005779766152558588
3.173008580125691 -0.005779766152558588
3.2358404331974873 -0.017308775958275572
3.2986722862692828 -0.028746510117471324
3.3615041393410787 -0.04003308481834527
3.4243359924128747 -0.05111004464761816
3.48716784548467 -0.06192089173491081
3.549999698556466 -0.07241157460529225
3.612831551628262 -0.08253092785155841
3.675663404700058 -0.09223105549936654
3.7384952577718535 -0.10146765288276623
3.8013271108436495 -0.11020026387574292
3.8641589639154454 -0.11839247233978405
3.9269908169872414 -0.1260120285588855
3.989822670059038 -0.13303091316562352
4.052654523130833 -0.13942534255539707
4.115486376202629 -0.14517572099972068
4.178318229274425 -0.15026654558151856
4.241150082346222 -0.15468627068162458
4.303981935418017 -0.15842713905774708
4.366813788489813 -0.1614849865994355
4.429645641561608 -0.16385902764901672
4.4924774946334045 -0.16555162738903256
4.5553093477052 -0.16656806725429116
4.618141200776996 -0.166916308674195
4.680973053848792 -0.16660675972927322
4.743804906920587 -0.16565204855172683
4.806636759992383 -0.16406680654512248
4.869468613064179 -0.16186746376946534
4.932300466135976 -0.1590720581552648
4.995132319207771 -0.15570005958891994
5.057964172279567 -0.15177220936175254
5.120796025351362 -0.1473103750018356
5.183627878423159 -0.14233742011318534
5.246459731494955 -0.13687708852968378
5.3092915845667505 -0.13095390184772918
5.372123437638546 -0.12459306922680488
5.434955290710342 -0.11782040823451709
5.497787143782137 -0.11066227545503843
5.560618996853934 -0.10314550556985062
5.62345084992573 -0.0952973576496607
5.686282702997525 -0.08714546745896168
5.749114556069321 -0.07871780466282029
5.811946409141116 -0.07004263393232589
5.874778262212914 -0.061148479064466674
5.937610115284709 -0.05206408935815979
6.000441968356505 -0.04281840761546792
6.0632738214283 -0.033440539260871434
6.126105674500097 -0.02395972218758034
6.188937527571893 -0.014405297044525967
6.2517693806436885 -0.0048066777677035774