0.031415926535897934 0.0012018869758161992
0.0942477796076938 0.0036014091731112496
0.15707963267948966 0.005988185986663976
0.21991148575128552 0.00835375346748197
0.2827433388230814 0.010689697275282892
0.34557519189487723 0.012987672816514835
0.4084070449666731 0.01523942567134072
0.47123889803846897 0.01743681238410164
0.5340707511102649 0.01957182168560469
0.5969026041820606 0.021636596207891247
0.6597344572538566 0.023623454742866718
0.7225663103256523 0.025524915085228986
0.7853981633974483 0.027333717487462585
0.8482300164692442 0.02904284874019818
0.91106186954104 0.030645566874940154
0.9738937226128359 0.03213542646802539
1.0367255756846319 0.03350630450471489
1.0995574287564276 0.034752426740601416
1.1623892818282235 0.03586839447416162
1.2252211349000193 0.03684921161947027
1.2880529879718152 0.03769031194206049
1.350884841043611 0.03838758629399796
1.413716694115407 0.03893740965680958
1.4765485471872026 0.03933666777346069
1.5393804002589986 0.0395827831236666
1.6022122533307945 0.03967373997106246
1.6650441064025903 0.03960810818686475
1.7278759594743862 0.0393850655333779
1.7907078125461822 0.039004418072825044
1.853539665617978 0.038466618353335404
1.9163715186897736 0.0377727810153203
1.9792033717615696 0.036924695458683376
2.0420352248333655 0.03592483521508639
2.104867077905162 0.034776363680433076
2.1676989309769574 0.03348313588136761
2.230530784048753 0.03204969597622736
2.2933626371205493 0.030481270225718237
2.356194490192345 0.02878375521149264
2.4190263432641403 0.026963701131515493
2.4818581963359367 0.025028290059024277
2.5446900494077322 0.022985309116185258
2.607521902479528 0.02084311858314278
2.670353755551324 0.018610615036719454
2.7331856086231197 0.016297189689007095
2.796017461694916 0.013912682172776405
2.8588493147667116 0.011467330096203925
2.9216811678385075 0.008971714761942924
2.9845130209103035 0.006436703513168824
3.047344873982099 0.0038733892300579975
3.1101767270538954 0.0012930275525278563
3.173008580125691 -0.0012930275525278563
3.2358404331974873 -0.0038733892300579975
3.2986722862692828 -0.006436703513168824
3.3615041393410787 -0.008971714761942924
3.4243359924128747 -0.011467330096203925
3.48716784548467 -0.013912682172776405
3.549999698556466 -0.016297189689007095
3.612831551628262 -0.018610615036719454
3.675663404700058 -0.02084311858314278
3.7384952577718535 -0.022985309116185258
3.8013271108436495 -0.025028290059024277
3.8641589639154454 -0.026963701131515385
3.9269908169872414 -0.02878375521149264
3.989822670059038 -0.030481270225718338
4.052654523130833 -0.03204969597622736
4.115486376202629 -0.03348313588136761
4.178318229274425 -0.034776363680433076
4.241150082346222 -0.03592483521508628
4.303981935418017 -0.03692469545868337
4.366813788489813 -0.0377727810153203
4.429645641561608 -0.038466618353335404
4.4924774946334045 -0.039004418072825044
4.5553093477052 -0.0393850655333779
4.618141200776996 -0.03960810818686474
4.680973053848792 -0.03967373997106254
4.743804906920587 -0.039582783123666684
4.806636759992383 -0.039336667773460704
4.869468613064179 -0.03893740965680958
4.932300466135976 -0.038387586293998036
4.995132319207771 -0.037690311942060475
5.057964172279567 -0.03684921161947027
5.120796025351362 -0.035868394474161625
5.183627878423159 -0.034752426740601416
5.246459731494955 -0.03350630450471496
5.3092915845667505 -0.03213542646802539
5.372123437638546 -0.030645566874940154
5.434955290710342 -0.029042848740198315
5.497787143782137 -0.02733371748746259
5.560618996853934 -0.02552491508522898
5.62345084992573 -0.023623454742866718
5.686282702997525 -0.021636596207891247
5.749114556069321 -0.019571821685604632
5.811946409141116 -0.017436812384101705
5.874778262212914 -0.01523942567134072
5.937610115284709 -0.012987672816514835
6.000441968356505 -0.010689697275282892
6.0632738214283 -0.00835375346748197
6.126105674500097 -0.005988185986663976
6.188937527571893 -0.0036014091731112496
6.2517693806436885 -0.0012018869758161992