0.031415926535897934 0.007409992553518239
0.0942477796076938 0.022194406059334468
0.15707963267948966 0.03687235384470093
0.21991148575128552 0.05137368602791562
0.2827433388230814 0.06562948313751579
0.34557519189487723 0.07957252749686232
0.4084070449666731 0.09313775428160928
0.47123889803846897 0.10626267707720793
0.5340707511102649 0.11888778322009108
0.5969026041820606 0.13095689474279917
0.6597344572538566 0.1424174913480079
0.7225663103256523 0.15322099249562132
0.7853981633974483 0.16332299638609693
0.8482300164692442 0.17268347434643458
0.91106186954104 0.18126691985688778
0.9738937226128359 0.18904245218059001
1.0367255756846319 0.195983875259563
1.0995574287564276 0.2020696932045365
1.1623892818282235 0.20728308431954973
1.2252211349000193 0.21161183615394075
1.2880529879718152 0.21504824455463217
1.350884841043611 0.21758898009326477
1.413716694115407 0.21923492556081028
1.4765485471872026 0.2199909884542376
1.5393804002589986 0.2198658925254184
1.6022122533307945 0.21887195252377126
1.6650441064025903 0.21702483624520316
1.7278759594743862 0.21434331790656186
1.7907078125461822 0.2108490267043321
1.853539665617978 0.20656619419712133
1.9163715186897736 0.20152140388272927
1.9792033717615696 0.1957433460318993
2.0420352248333655 0.18926258050181335
2.104867077905162 0.18211130989248184
2.1676989309769574 0.1743231650372785
2.230530784048753 0.16593300444321787
2.2933626371205493 0.15697672892446693
2.356194490192345 0.14749111231038328
2.4190263432641403 0.13751364876234123
2.4818581963359367 0.12708241690597163
2.5446900494077322 0.1162359606803606
2.607521902479528 0.10501318652543687
2.670353755551324 0.09345327627454583
2.7331856086231197 0.08159561489158199
2.796017461694916 0.06947973199097045
2.8588493147667116 0.05714525590362594
2.9216811678385075 0.04463187890180046
2.9845130209103035 0.031979332069267286
3.047344873982099 0.019227368199234103
3.1101767270538954 0.006415751019411991
3.173008580125691 -0.006415751019411991
3.2358404331974873 -0.019227368199234103
3.2986722862692828 -0.031979332069267286
3.3615041393410787 -0.04463187890180046
3.4243359924128747 -0.05714525590362594
3.48716784548467 -0.06947973199097045
3.549999698556466 -0.08159561489158182
3.612831551628262 -0.09345327627454583
3.675663404700058 -0.10501318652543687
3.7384952577718535 -0.11623596068036045
3.8013271108436495 -0.12708241690597163
3.8641589639154454 -0.13751364876234107
3.9269908169872414 -0.14749111231038328
3.989822670059038 -0.1569767289244673
4.052654523130833 -0.16593300444321787
4.115486376202629 -0.1743231650372785
4.178318229274425 -0.1821113098924819
4.241150082346222 -0.1892625805018135
4.303981935418017 -0.1957433460318993
4.366813788489813 -0.20152140388272927
4.429645641561608 -0.20656619419712116
4.4924774946334045 -0.21084902670433217
4.5553093477052 -0.21434331790656186
4.618141200776996 -0.21702483624520325
4.680973053848792 -0.21887195252377112
4.743804906920587 -0.2198658925254183
4.806636759992383 -0.21999098845423762
4.869468613064179 -0.21923492556081028
4.932300466135976 -0.21758898009326463
4.995132319207771 -0.21504824455463203
5.057964172279567 -0.21161183615394083
5.120796025351362 -0.20728308431954987
5.183627878423159 -0.2020696932045365
5.246459731494955 -0.1959838752595629
5.3092915845667505 -0.18904245218059001
5.372123437638546 -0.18126691985688778
5.434955290710342 -0.17268347434643455
5.497787143782137 -0.16332299638609707
5.560618996853934 -0.15322099249562132
5.62345084992573 -0.1424174913480079
5.686282702997525 -0.13095689474279917
5.749114556069321 -0.11888778322009118
5.811946409141116 -0.10626267707720827
5.874778262212914 -0.09313775428160913
5.937610115284709 -0.07957252749686232
6.000441968356505 -0.06562948313751579
6.0632738214283 -0.05137368602791562
6.126105674500097 -0.03687235384470093
6.188937527571893 -0.02219440605933445
6.2517693806436885 -0.007409992553518239