0.031415926535897934 0.005805677060743402
0.0942477796076938 0.01739610645954694
0.15707963267948966 0.028923825785733156
0.21991148575128552 0.04034724161432979
0.2827433388230814 0.0516250792054443
0.34557519189487723 0.06271650753013887
0.4084070449666731 0.07358126196741195
0.47123889803846897 0.08417976417202215
0.5340707511102649 0.09447323872776975
0.5969026041820606 0.10442382633165503
0.6597344572538566 0.11399469339585003
0.7225663103256523 0.12315013810086403
0.7853981633974483 0.1318556930785787
0.8482300164692442 0.14007822504173414
0.91106186954104 0.14778603180073469
0.9738937226128359 0.15494893721335531
1.0367255756846319 0.16153838469243992
1.0995574287564276 0.16752752994595688
1.1623892818282235 0.1728913336384666
1.2252211349000193 0.17760665463963726
1.2880529879718152 0.18165234446139655
1.350884841043611 0.18500934337916056
1.413716694115407 0.18766077858409022
1.4765485471872026 0.1895920645235612
1.5393804002589986 0.19079100535843996
1.6022122533307945 0.19124789920230048
1.6650441064025903 0.19095564351489133
1.7278759594743862 0.18990984070703656
1.7907078125461822 0.18810890268538832
1.853539665617978 0.1855541527331858
1.9163715186897736 0.18224992279893718
1.9792033717615696 0.17820364396140878
2.0420352248333655 0.1734259275699987
2.104867077905162 0.16793063433844108
2.1676989309769574 0.16173492851073085
2.230530784048753 0.1548593141343541
2.2933626371205493 0.14732765047921537
2.356194490192345 0.1391671437407975
2.4190263432641403 0.13040831236999664
2.4818581963359367 0.12108492368309283
2.5446900494077322 0.11123389982268046
2.607521902479528 0.1008951916586614
2.670353755551324 0.0901116198273312
2.7331856086231197 0.0789286827909836
2.796017461694916 0.06739433254056376
2.8588493147667116 0.055558719335951016
2.9216811678385075 0.04347390765557934
2.9845130209103035 0.03119356628052208
3.047344873982099 0.018772636138508488
3.1101767270538954 0.006266980152223286
3.173008580125691 -0.006266980152223286
3.2358404331974873 -0.018772636138508488
3.2986722862692828 -0.03119356628052208
3.3615041393410787 -0.04347390765557934
3.4243359924128747 -0.055558719335951016
3.48716784548467 -0.06739433254056376
3.549999698556466 -0.07892868279098361
3.612831551628262 -0.0901116198273312
3.675663404700058 -0.1008951916586614
3.7384952577718535 -0.1112338998226804
3.8013271108436495 -0.12108492368309283
3.8641589639154454 -0.1304083123699965
3.9269908169872414 -0.1391671437407975
3.989822670059038 -0.14732765047921545
4.052654523130833 -0.1548593141343541
4.115486376202629 -0.16173492851073085
4.178318229274425 -0.16793063433844116
4.241150082346222 -0.1734259275699988
4.303981935418017 -0.1782036439614089
4.366813788489813 -0.18224992279893718
4.429645641561608 -0.18555415273318587
4.4924774946334045 -0.18810890268538846
4.5553093477052 -0.18990984070703656
4.618141200776996 -0.19095564351489133
4.680973053848792 -0.19124789920230048
4.743804906920587 -0.1907910053584399
4.806636759992383 -0.1895920645235613
4.869468613064179 -0.18766077858409022
4.932300466135976 -0.18500934337916047
4.995132319207771 -0.18165234446139653
5.057964172279567 -0.17760665463963707
5.120796025351362 -0.17289133363846657
5.183627878423159 -0.16752752994595688
5.246459731494955 -0.16153838469243978
5.3092915845667505 -0.15494893721335531
5.372123437638546 -0.14778603180073469
5.434955290710342 -0.1400782250417342
5.497787143782137 -0.1318556930785788
5.560618996853934 -0.12315013810086398
5.62345084992573 -0.11399469339585003
5.686282702997525 -0.10442382633165503
5.749114556069321 -0.09447323872776985
5.811946409141116 -0.08417976417202239
5.874778262212914 -0.07358126196741192
5.937610115284709 -0.06271650753013887
6.000441968356505 -0.0516250792054443
6.0632738214283 -0.040347241614329815
6.126105674500097 -0.028923825785733156
6.188937527571893 -0.017396106459546725
6.2517693806436885 -0.005805677060743402