0.031415926535897934 0.0027291035041351534
0.0942477796076938 0.008178348378726621
0.15707963267948966 0.013600720015128439
0.21991148575128552 0.018978346911701117
0.2827433388230814 0.02429342395408286
0.34557519189487723 0.029528239778102473
0.4084070449666731 0.03466520495177342
0.47123889803846897 0.03968688122529117
0.5340707511102649 0.044576012107501596
0.5969026041820606 0.04931555503720267
0.6597344572538566 0.05388871542683251
0.7225663103256523 0.0582789828633996
0.7853981633974483 0.062470169755589
0.8482300164692442 0.06644645271537084
0.91106186954104 0.07019241695562041
0.9738937226128359 0.07369310397061928
1.0367255756846319 0.07693406274224251
1.0995574287564276 0.07990140467959818
1.1623892818282235 0.08258186245235538
1.2252211349000193 0.08496285281672951
1.2880529879718152 0.08703254345697291
1.350884841043611 0.08877992377355973
1.413716694115407 0.09019487944172237
1.4765485471872026 0.09126827044083502
1.5393804002589986 0.0919920121171738
1.6022122533307945 0.09235915869138718
1.6650441064025903 0.09236398845993811
1.7278759594743862 0.09200208977006472
1.7907078125461822 0.09127044667457812
1.853539665617978 0.09016752300111945
1.9163715186897736 0.08869334340622904
1.9792033717615696 0.08684956983439694
2.0420352248333655 0.08463957167342377
2.104867077905162 0.08206848779755155
2.1676989309769574 0.07914327862659573
2.230530784048753 0.07587276631016493
2.2933626371205493 0.07226766117764176
2.356194490192345 0.06834057268253428
2.4190263432641403 0.06410600321799191
2.4818581963359367 0.05958032339068338
2.5446900494077322 0.05478172761232009
2.607521902479528 0.04973016919867559
2.670353755551324 0.04444727454890977
2.7331856086231197 0.03895623640431802
2.796017461694916 0.033281686643567586
2.8588493147667116 0.027449549546883806
2.9216811678385075 0.021486876938486728
2.9845130209103035 0.01542166707766379
3.047344873982099 0.009282669596637993
3.1101767270538954 0.0030991791608717375
3.173008580125691 -0.0030991791608717375
3.2358404331974873 -0.009282669596637993
3.2986722862692828 -0.01542166707766379
3.3615041393410787 -0.021486876938486728
3.4243359924128747 -0.027449549546883806
3.48716784548467 -0.033281686643567586
3.549999698556466 -0.03895623640431802
3.612831551628262 -0.04444727454890977
3.675663404700058 -0.04973016919867559
3.7384952577718535 -0.05478172761232009
3.8013271108436495 -0.05958032339068338
3.8641589639154454 -0.06410600321799187
3.9269908169872414 -0.06834057268253428
3.989822670059038 -0.072267661177642
4.052654523130833 -0.07587276631016493
4.115486376202629 -0.07914327862659573
4.178318229274425 -0.08206848779755152
4.241150082346222 -0.08463957167342386
4.303981935418017 -0.08684956983439698
4.366813788489813 -0.08869334340622904
4.429645641561608 -0.09016752300111945
4.4924774946334045 -0.09127044667457808
4.5553093477052 -0.09200208977006472
4.618141200776996 -0.09236398845993805
4.680973053848792 -0.09235915869138718
4.743804906920587 -0.0919920121171738
4.806636759992383 -0.09126827044083509
4.869468613064179 -0.09019487944172237
4.932300466135976 -0.08877992377355974
4.995132319207771 -0.08703254345697291
5.057964172279567 -0.0849628528167295
5.120796025351362 -0.08258186245235542
5.183627878423159 -0.07990140467959818
5.246459731494955 -0.07693406274224235
5.3092915845667505 -0.07369310397061928
5.372123437638546 -0.07019241695562041
5.434955290710342 -0.06644645271537085
5.497787143782137 -0.06247016975558904
5.560618996853934 -0.058278982863399595
5.62345084992573 -0.05388871542683251
5.686282702997525 -0.04931555503720267
5.749114556069321 -0.04457601210750154
5.811946409141116 -0.039686881225291244
5.874778262212914 -0.034665204951773346
5.937610115284709 -0.029528239778102473
6.000441968356505 -0.02429342395408286
6.0632738214283 -0.018978346911701183
6.126105674500097 -0.013600720015128439
6.188937527571893 -0.00817834837872656
6.2517693806436885 -0.0027291035041351534