0.031415926535897934 0.0008356279621207592
0.0942477796076938 0.002503811468941029
0.15707963267948966 0.004162786539097454
0.21991148575128552 0.005806443609404421
0.2827433388230814 0.007428717240489197
0.34557519189487723 0.009023603828466632
0.4084070449666731 0.01058517937478722
0.47123889803846897 0.012107617325214924
0.5340707511102649 0.013585206484673264
0.5969026041820606 0.015012369009568387
0.6597344572538566 0.016383678473203506
0.7225663103256523 0.017693877993043963
0.7853981633974483 0.018937898400946698
0.8482300164692442 0.02011087642907205
0.91106186954104 0.021208172875113087
0.9738937226128359 0.022225390700819816
1.0367255756846319 0.023158393007623717
1.0995574287564276 0.024003320822635753
1.1623892818282235 0.02475661061752071
1.2252211349000193 0.02541501147190423
1.2880529879718152 0.02597560178222626
1.350884841043611 0.026435805406517188
1.413716694115407 0.02679340712565221
1.4765485471872026 0.027046567292474535
1.5393804002589986 0.02719383553201202
1.6022122533307945 0.027234163349098114
1.6650441064025903 0.02716691549430875
1.7278759594743862 0.026991879935499254
1.7907078125461822 0.026709276280615105
1.853539665617978 0.026319762498085528
1.9163715186897736 0.02582443978421613
1.9792033717615696 0.025224855432720954
2.0420352248333655 0.024523003570043767
2.104867077905162 0.023721323631470472
2.1676989309769574 0.022822696467281564
2.230530784048753 0.021830437985285608
2.2933626371205493 0.020748290255921002
2.356194490192345 0.019580410028536346
2.4190263432641403 0.018331354632218074
2.4818581963359367 0.01700606526129812
2.5446900494077322 0.015609847674079181
2.607521902479528 0.014148350362877206
2.670353755551324 0.012627540283734463
2.7331856086231197 0.011053676264506755
2.796017461694916 0.009433280239936677
2.8588493147667116 0.007773106491162276
2.9216811678385075 0.006080109094287724
2.9845130209103035 0.004361407807588313
3.047344873982099 0.0026242526490730944
3.1101767270538954 0.0008759874349893146
3.173008580125691 -0.0008759874349893146
3.2358404331974873 -0.0026242526490730944
3.2986722862692828 -0.004361407807588313
3.3615041393410787 -0.006080109094287724
3.4243359924128747 -0.007773106491162276
3.48716784548467 -0.009433280239936677
3.549999698556466 -0.011053676264506757
3.612831551628262 -0.012627540283734463
3.675663404700058 -0.014148350362877206
3.7384952577718535 -0.015609847674079181
3.8013271108436495 -0.01700606526129812
3.8641589639154454 -0.018331354632218074
3.9269908169872414 -0.019580410028536346
3.989822670059038 -0.020748290255921002
4.052654523130833 -0.021830437985285608
4.115486376202629 -0.022822696467281564
4.178318229274425 -0.023721323631470562
4.241150082346222 -0.024523003570043767
4.303981935418017 -0.025224855432720954
4.366813788489813 -0.02582443978421613
4.429645641561608 -0.026319762498085528
4.4924774946334045 -0.026709276280615105
4.5553093477052 -0.026991879935499254
4.618141200776996 -0.02716691549430875
4.680973053848792 -0.027234163349098114
4.743804906920587 -0.02719383553201202
4.806636759992383 -0.027046567292474535
4.869468613064179 -0.02679340712565221
4.932300466135976 -0.026435805406517188
4.995132319207771 -0.02597560178222626
5.057964172279567 -0.02541501147190423
5.120796025351362 -0.02475661061752071
5.183627878423159 -0.024003320822635753
5.246459731494955 -0.023158393007623717
5.3092915845667505 -0.022225390700819816
5.372123437638546 -0.021208172875113087
5.434955290710342 -0.02011087642907205
5.497787143782137 -0.018937898400946777
5.560618996853934 -0.017693877993043887
5.62345084992573 -0.016383678473203506
5.686282702997525 -0.015012369009568387
5.749114556069321 -0.013585206484673347
5.811946409141116 -0.012107617325215005
5.874778262212914 -0.010585179374787137
5.937610115284709 -0.009023603828466632
6.000441968356505 -0.007428717240489197
6.0632738214283 -0.005806443609404421
6.126105674500097 -0.004162786539097454
6.188937527571893 -0.002503811468941029
6.2517693806436885 -0.0008356279621207592