0.031415926535897934 0.0018957169830187228
0.0942477796076938 0.0056804270443629856
0.15707963267948966 0.009444981777980576
0.21991148575128552 0.013175998958757077
0.2827433388230814 0.01686017848747682
0.34557519189487723 0.020484335512180027
0.4084070449666731 0.024035433818777728
0.47123889803846897 0.027500619565050205
0.5340707511102649 0.030867255429489784
0.5969026041820606 0.03412295524259359
0.6597344572538566 0.037255619162847343
0.7225663103256523 0.04025346945239256
0.7853981633974483 0.043105086897866844
0.8482300164692442 0.0457994479097747
0.91106186954104 0.04832596231860358
0.9738937226128359 0.05067451186743061
1.0367255756846319 0.052835489378674765
1.0995574287564276 0.054799838546741655
1.1623892818282235 0.056559094278473825
1.2252211349000193 0.05810542346954622
1.2880529879718152 0.05943166606741673
1.350884841043611 0.06053137623040667
1.413716694115407 0.06139886334846569
1.4765485471872026 0.06202923264478386
1.5393804002589986 0.062418425029543034
1.6022122533307945 0.06256325582875408
1.6650441064025903 0.062461451963571515
1.7278759594743862 0.062111687110102565
1.7907078125461822 0.061513614328097155
1.853539665617978 0.06066789561070626
1.9163715186897736 0.059576227778455705
1.9792033717615696 0.05824136412050875
2.0420352248333655 0.05666713117686862
2.104867077905162 0.054858440058047096
2.1676989309769574 0.052821291715302435
2.230530784048753 0.05056277560596589
2.2933626371205493 0.04809106124544173
2.356194490192345 0.0454153822005322
2.4190263432641403 0.0425460121576861
2.4818581963359367 0.03949423279393183
2.5446900494077322 0.03627229328638297
2.607521902479528 0.03289336141649248
2.670353755551324 0.02937146635527704
2.7331856086231197 0.025721433352652763
2.796017461694916 0.02195881069446168
2.8588493147667116 0.018099789431057937
2.9216811678385075 0.014161116517552754
2.9845130209103035 0.010160002134036037
3.047344873982099 0.006114022070419683
3.1101767270538954 0.0020410161613445403
3.173008580125691 -0.0020410161613445403
3.2358404331974873 -0.006114022070419683
3.2986722862692828 -0.010160002134036037
3.3615041393410787 -0.014161116517552754
3.4243359924128747 -0.018099789431057937
3.48716784548467 -0.02195881069446168
3.549999698556466 -0.025721433352652763
3.612831551628262 -0.02937146635527704
3.675663404700058 -0.03289336141649248
3.7384952577718535 -0.03627229328638297
3.8013271108436495 -0.03949423279393183
3.8641589639154454 -0.04254601215768601
3.9269908169872414 -0.0454153822005322
3.989822670059038 -0.04809106124544189
4.052654523130833 -0.05056277560596589
4.115486376202629 -0.052821291715302435
4.178318229274425 -0.05485844005804704
4.241150082346222 -0.05666713117686868
4.303981935418017 -0.05824136412050882
4.366813788489813 -0.059576227778455705
4.429645641561608 -0.06066789561070627
4.4924774946334045 -0.061513614328097196
4.5553093477052 -0.062111687110102565
4.618141200776996 -0.06246145196357154
4.680973053848792 -0.06256325582875413
4.743804906920587 -0.062418425029543034
4.806636759992383 -0.0620292326447839
4.869468613064179 -0.06139886334846569
4.932300466135976 -0.060531376230406726
4.995132319207771 -0.05943166606741671
5.057964172279567 -0.05810542346954624
5.120796025351362 -0.05655909427847378
5.183627878423159 -0.054799838546741655
5.246459731494955 -0.05283548937867471
5.3092915845667505 -0.05067451186743061
5.372123437638546 -0.04832596231860358
5.434955290710342 -0.045799447909774645
5.497787143782137 -0.043105086897866816
5.560618996853934 -0.04025346945239247
5.62345084992573 -0.037255619162847343
5.686282702997525 -0.03412295524259359
5.749114556069321 -0.030867255429489912
5.811946409141116 -0.027500619565050233
5.874778262212914 -0.024035433818777614
5.937610115284709 -0.020484335512180027
6.000441968356505 -0.01686017848747682
6.0632738214283 -0.013175998958757087
6.126105674500097 -0.009444981777980576
6.188937527571893 -0.005680427044363047
6.2517693806436885 -0.0018957169830187228