0.031415926535897934 0.006040392935641183
0.0942477796076938 0.01810501291751049
0.15707963267948966 0.030121130121146523
0.21991148575128552 0.04205639222218785
0.2827433388230814 0.05387842083777529
0.34557519189487723 0.06555480047188907
0.4084070449666731 0.07705306698984994
0.47123889803846897 0.08834069571446196
0.5340707511102649 0.09938508940268861
0.5969026041820606 0.11015356656080047
0.6597344572538566 0.12061335078490788
0.7225663103256523 0.13073156206932005
0.7853981633974483 0.14047521130317883
0.8482300164692442 0.1498111994713391
0.91106186954104 0.15870632338250315
0.9738937226128359 0.1671272900589247
1.0367255756846319 0.17504074222881497
1.0995574287564276 0.18241329765440956
1.1623892818282235 0.18921160529291647
1.2252211349000193 0.19540242150941872
1.2880529879718152 0.200952709722882
1.350884841043611 0.20582976694874627
1.413716694115407 0.2100013806816979
1.4765485471872026 0.21343601941531457
1.5393804002589986 0.2161030597950345
1.6022122533307945 0.21797305292024208
1.6650441064025903 0.21901803162400071
1.7278759594743862 0.21921185964171666
1.7907078125461822 0.2185306224147436
1.853539665617978 0.21695305785211197
1.9163715186897736 0.2144610236955855
1.9792033717615696 0.21103999621835895
2.0420352248333655 0.206679592873611
2.104867077905162 0.20137410925640667
2.1676989309769574 0.19512305843672068
2.230530784048753 0.18793169847416424
2.2933626371205493 0.1798115318720897
2.356194490192345 0.17078075902583034
2.4190263432641403 0.16086466653492837
2.4818581963359367 0.15009593075157981
2.5446900494077322 0.1385148172836647
2.607521902479528 0.12616925848780922
2.670353755551324 0.11311479335648551
2.7331856086231197 0.09941435764065266
2.796017461694916 0.08513791649693601
2.8588493147667116 0.07036193726277712
2.9216811678385075 0.05516870591692724
2.9845130209103035 0.03964549707321025
3.047344873982099 0.023883613622249923
3.1101767270538954 0.007977317987797697
3.173008580125691 -0.007977317987797697
3.2358404331974873 -0.023883613622249923
3.2986722862692828 -0.03964549707321025
3.3615041393410787 -0.05516870591692724
3.4243359924128747 -0.07036193726277712
3.48716784548467 -0.08513791649693601
3.549999698556466 -0.09941435764065261
3.612831551628262 -0.11311479335648551
3.675663404700058 -0.12616925848780922
3.7384952577718535 -0.1385148172836646
3.8013271108436495 -0.15009593075157981
3.8641589639154454 -0.1608646665349284
3.9269908169872414 -0.17078075902583034
3.989822670059038 -0.17981153187208976
4.052654523130833 -0.18793169847416424
4.115486376202629 -0.19512305843672068
4.178318229274425 -0.20137410925640675
4.241150082346222 -0.20667959287361098
4.303981935418017 -0.21103999621835892
4.366813788489813 -0.2144610236955855
4.429645641561608 -0.21695305785211183
4.4924774946334045 -0.2185306224147436
4.5553093477052 -0.21921185964171666
4.618141200776996 -0.21901803162400066
4.680973053848792 -0.21797305292024208
4.743804906920587 -0.21610305979503458
4.806636759992383 -0.21343601941531462
4.869468613064179 -0.2100013806816979
4.932300466135976 -0.20582976694874616
4.995132319207771 -0.200952709722882
5.057964172279567 -0.19540242150941878
5.120796025351362 -0.18921160529291647
5.183627878423159 -0.18241329765440956
5.246459731494955 -0.17504074222881488
5.3092915845667505 -0.1671272900589247
5.372123437638546 -0.15870632338250315
5.434955290710342 -0.1498111994713391
5.497787143782137 -0.14047521130317897
5.560618996853934 -0.13073156206932
5.62345084992573 -0.12061335078490788
5.686282702997525 -0.11015356656080047
5.749114556069321 -0.09938508940268884
5.811946409141116 -0.08834069571446215
5.874778262212914 -0.07705306698984983
5.937610115284709 -0.06555480047188907
6.000441968356505 -0.05387842083777529
6.0632738214283 -0.04205639222218785
6.126105674500097 -0.030121130121146523
6.188937527571893 -0.01810501291751049
6.2517693806436885 -0.006040392935641183