0.031415926535897934 0.00680846085201413
0.0942477796076938 0.020405306827911
0.15707963267948966 0.03394194578426354
0.21991148575128552 0.04737830658274711
0.2827433388230814 0.060674417228124826
0.34557519189487723 0.07379044228114763
0.4084070449666731 0.08668671824337988
0.47123889803846897 0.09932378663799966
0.5340707511102649 0.11166242472882285
0.5969026041820606 0.12366367407625234
0.6597344572538566 0.1352888674176698
0.7225663103256523 0.14649965467423542
0.7853981633974483 0.15725802921853693
0.8482300164692442 0.16752635587965864
0.91106186954104 0.1772674025047493
0.9738937226128359 0.18644437722892448
1.0367255756846319 0.1950209739172022
1.0995574287564276 0.20296142852090776
1.1623892818282235 0.21023058932312272
1.2252211349000193 0.21679400421854636
1.2880529879718152 0.2226180282664522
1.350884841043611 0.2276699547538457
1.413716694115407 0.2319181728909903
1.4765485471872026 0.23533235501398733
1.5393804002589986 0.23788367576993888
1.6022122533307945 0.23954506519122723
1.6650441064025903 0.24029149681076864
1.7278759594743862 0.24010031101797238
1.7907078125461822 0.23895157269980913
1.853539665617978 0.23682846085568798
1.9163715186897736 0.23371768633243603
1.9792033717615696 0.22960993212392622
2.0420352248333655 0.22450030886185438
2.104867077905162 0.21838881625044157
2.1676989309769574 0.21128079934725985
2.230530784048753 0.2031873868612737
2.2933626371205493 0.1941258971390959
2.356194490192345 0.18412019636343444
2.4190263432641403 0.17320099281977755
2.4818581963359367 0.1614060510195043
2.5446900494077322 0.14878031010514084
2.607521902479528 0.1353758923843637
2.670353755551324 0.12125199008241505
2.7331856086231197 0.10647462145712208
2.796017461694916 0.09111625121883613
2.8588493147667116 0.07525527461085103
2.9216811678385075 0.058975369347132565
2.9845130209103035 0.042364724635962116
3.047344873982099 0.02551516146637239
3.1101767270538954 0.008521162908236408
3.173008580125691 -0.008521162908236408
3.2358404331974873 -0.02551516146637239
3.2986722862692828 -0.042364724635962116
3.3615041393410787 -0.058975369347132565
3.4243359924128747 -0.07525527461085103
3.48716784548467 -0.09111625121883613
3.549999698556466 -0.10647462145712203
3.612831551628262 -0.12125199008241505
3.675663404700058 -0.1353758923843637
3.7384952577718535 -0.1487803101051407
3.8013271108436495 -0.1614060510195043
3.8641589639154454 -0.1732009928197775
3.9269908169872414 -0.18412019636343444
3.989822670059038 -0.19412589713909603
4.052654523130833 -0.2031873868612737
4.115486376202629 -0.21128079934725985
4.178318229274425 -0.2183888162504417
4.241150082346222 -0.22450030886185438
4.303981935418017 -0.22960993212392633
4.366813788489813 -0.23371768633243603
4.429645641561608 -0.23682846085568798
4.4924774946334045 -0.2389515726998092
4.5553093477052 -0.24010031101797238
4.618141200776996 -0.24029149681076867
4.680973053848792 -0.23954506519122723
4.743804906920587 -0.23788367576993888
4.806636759992383 -0.23533235501398733
4.869468613064179 -0.2319181728909903
4.932300466135976 -0.22766995475384552
4.995132319207771 -0.2226180282664522
5.057964172279567 -0.21679400421854642
5.120796025351362 -0.2102305893231227
5.183627878423159 -0.20296142852090776
5.246459731494955 -0.1950209739172022
5.3092915845667505 -0.18644437722892448
5.372123437638546 -0.1772674025047493
5.434955290710342 -0.1675263558796588
5.497787143782137 -0.157258029218537
5.560618996853934 -0.14649965467423542
5.62345084992573 -0.1352888674176698
5.686282702997525 -0.12366367407625234
5.749114556069321 -0.111662424728823
5.811946409141116 -0.09932378663799989
5.874778262212914 -0.08668671824337984
5.937610115284709 -0.07379044228114763
6.000441968356505 -0.060674417228124826
6.0632738214283 -0.047378306582747214
6.126105674500097 -0.03394194578426354
6.188937527571893 -0.020405306827910738
6.2517693806436885 -0.00680846085201413