0.031415926535897934 0.008039797651265956
0.0942477796076938 0.02409019087849458
0.15707963267948966 0.04005307875986208
0.21991148575128552 0.055870459695956186
0.2827433388230814 0.07148483167922214
0.34557519189487723 0.08683938555134284
0.4084070449666731 0.10187819198044706
0.47123889803846897 0.11654638077835351
0.5340707511102649 0.13079031146701817
0.5969026041820606 0.14455773433328292
0.6597344572538566 0.1577979415694629
0.7225663103256523 0.17046190847080436
0.7853981633974483 0.18250242503535813
0.8482300164692442 0.1938742186732553
0.91106186954104 0.20453406906702062
0.9738937226128359 0.21444091651941444
1.0367255756846319 0.22355596536848102
1.0995574287564276 0.23184278423045573
1.1623892818282235 0.23926740494099874
1.2252211349000193 0.24579842209666794
1.2880529879718152 0.25140709504632924
1.350884841043611 0.2560674540429986
1.413716694115407 0.2597564120392604
1.4765485471872026 0.26245388329496916
1.5393804002589986 0.26414290956783415
1.6022122533307945 0.26480979418171396
1.6650441064025903 0.26444424372260805
1.7278759594743862 0.2630395165099628
1.7907078125461822 0.2605925763454249
1.853539665617978 0.25710424937007537
1.9163715186897736 0.25257938118493
1.9792033717615696 0.24702699073135523
2.0420352248333655 0.24046041681377667
2.104867077905162 0.23289745260418254
2.1676989309769574 0.2243604630250916
2.230530784048753 0.21487647959330924
2.2933626371205493 0.20447726714807782
2.356194490192345 0.19319935690817705
2.4190263432641403 0.18108404052260704
2.4818581963359367 0.16817732021166668
2.5446900494077322 0.15452981074451
2.607521902479528 0.14019658986112904
2.670353755551324 0.12523699480624986
2.7331856086231197 0.10971436387398681
2.796017461694916 0.09369572322873243
2.8588493147667116 0.07725142072334917
2.9216811678385075 0.06045470992595289
2.9845130209103035 0.04338128903153414
3.047344873982099 0.026108800711950063
3.1101767270538954 0.008716300186033641
3.173008580125691 -0.008716300186033641
3.2358404331974873 -0.026108800711950063
3.2986722862692828 -0.04338128903153414
3.3615041393410787 -0.06045470992595289
3.4243359924128747 -0.07725142072334917
3.48716784548467 -0.09369572322873243
3.549999698556466 -0.10971436387398681
3.612831551628262 -0.12523699480624986
3.675663404700058 -0.14019658986112904
3.7384952577718535 -0.1545298107445098
3.8013271108436495 -0.16817732021166668
3.8641589639154454 -0.18108404052260707
3.9269908169872414 -0.19319935690817705
3.989822670059038 -0.204477267148078
4.052654523130833 -0.21487647959330924
4.115486376202629 -0.2243604630250916
4.178318229274425 -0.2328974526041827
4.241150082346222 -0.24046041681377672
4.303981935418017 -0.24702699073135523
4.366813788489813 -0.25257938118493
4.429645641561608 -0.2571042493700753
4.4924774946334045 -0.26059257634542493
4.5553093477052 -0.2630395165099628
4.618141200776996 -0.264444243722608
4.680973053848792 -0.26480979418171396
4.743804906920587 -0.2641429095678342
4.806636759992383 -0.2624538832949692
4.869468613064179 -0.2597564120392604
4.932300466135976 -0.2560674540429986
4.995132319207771 -0.25140709504632924
5.057964172279567 -0.24579842209666794
5.120796025351362 -0.23926740494099868
5.183627878423159 -0.23184278423045573
5.246459731494955 -0.22355596536848094
5.3092915845667505 -0.21444091651941444
5.372123437638546 -0.20453406906702062
5.434955290710342 -0.19387421867325538
5.497787143782137 -0.18250242503535832
5.560618996853934 -0.17046190847080436
5.62345084992573 -0.1577979415694629
5.686282702997525 -0.14455773433328292
5.749114556069321 -0.13079031146701822
5.811946409141116 -0.1165463807783537
5.874778262212914 -0.10187819198044706
5.937610115284709 -0.08683938555134284
6.000441968356505 -0.07148483167922214
6.0632738214283 -0.05587045969595622
6.126105674500097 -0.04005307875986208
6.188937527571893 -0.02409019087849452
6.2517693806436885 -0.008039797651265956