0.031415926535897934 0.009573028480503204
0.0942477796076938 0.028674983198073812
0.15707963267948966 0.04764490975888802
0.21991148575128552 0.06639571507085248
0.2827433388230814 0.08484168445624092
0.34557519189487723 0.10289901296568939
0.4084070449666731 0.12048631700362634
0.47123889803846897 0.13752512115205798
0.5340707511102649 0.15394031545229825
0.5969026041820606 0.16966057884692656
0.6597344572538566 0.18461876498951016
0.7225663103256523 0.19875224718860832
0.7853981633974483 0.21200321985542456
0.8482300164692442 0.22431895446032624
0.91106186954104 0.23565200866065128
0.9738937226128359 0.24596038792862102
1.0367255756846319 0.255207659671312
1.0995574287564276 0.26336302048208116
1.1623892818282235 0.2704013177825761
1.2252211349000193 0.2763030276950276
1.2880529879718152 0.2810541915156131
1.350884841043611 0.2846463136320927
1.413716694115407 0.2870762241351339
1.4765485471872026 0.2883459097068443
1.5393804002589986 0.28846231662805927
1.6022122533307945 0.28743712992577597
1.6650441064025903 0.28528653278366933
1.7278759594743862 0.2820309503635291
1.7907078125461822 0.27769478213717885
1.853539665617978 0.27230612671187454
1.9163715186897736 0.26589650295357736
1.9792033717615696 0.2585005709791009
2.0420352248333655 0.25015585630789156
2.104867077905162 0.24090248014559135
2.1676989309769574 0.23078289842310554
2.230530784048753 0.21984165184517981
2.2933626371205493 0.20812512881967737
2.356194490192345 0.19568134275049268
2.4190263432641403 0.18255972479038202
2.4818581963359367 0.1688109327711654
2.5446900494077322 0.1544866766631623
2.607521902479528 0.1396395605679129
2.670353755551324 0.12432294092191645
2.7331856086231197 0.10859080028712918
2.796017461694916 0.0924976358284947
2.8588493147667116 0.07609836133128398
2.9216811678385075 0.059448221392456306
2.9845130209103035 0.042602716231090194
3.047344873982099 0.025617535403350877
3.1101767270538954 0.008548498577370873
3.173008580125691 -0.008548498577370873
3.2358404331974873 -0.025617535403350877
3.2986722862692828 -0.042602716231090194
3.3615041393410787 -0.059448221392456306
3.4243359924128747 -0.07609836133128398
3.48716784548467 -0.0924976358284947
3.549999698556466 -0.10859080028712911
3.612831551628262 -0.12432294092191645
3.675663404700058 -0.1396395605679129
3.7384952577718535 -0.15448667666316213
3.8013271108436495 -0.1688109327711654
3.8641589639154454 -0.18255972479038182
3.9269908169872414 -0.19568134275049268
3.989822670059038 -0.2081251288196775
4.052654523130833 -0.21984165184517981
4.115486376202629 -0.23078289842310554
4.178318229274425 -0.24090248014559143
4.241150082346222 -0.2501558563078917
4.303981935418017 -0.258500570979101
4.366813788489813 -0.26589650295357736
4.429645641561608 -0.2723061267118743
4.4924774946334045 -0.277694782137179
4.5553093477052 -0.2820309503635291
4.618141200776996 -0.28528653278366933
4.680973053848792 -0.28743712992577597
4.743804906920587 -0.2884623166280592
4.806636759992383 -0.2883459097068442
4.869468613064179 -0.2870762241351339
4.932300466135976 -0.28464631363209275
4.995132319207771 -0.2810541915156131
5.057964172279567 -0.27630302769502757
5.120796025351362 -0.27040131778257614
5.183627878423159 -0.26336302048208116
5.246459731494955 -0.2552076596713117
5.3092915845667505 -0.24596038792862102
5.372123437638546 -0.23565200866065128
5.434955290710342 -0.22431895446032635
5.497787143782137 -0.2120032198554247
5.560618996853934 -0.19875224718860812
5.62345084992573 -0.18461876498951016
5.686282702997525 -0.16966057884692656
5.749114556069321 -0.15394031545229844
5.811946409141116 -0.13752512115205826
5.874778262212914 -0.12048631700362623
5.937610115284709 -0.10289901296568939
6.000441968356505 -0.08484168445624092
6.0632738214283 -0.06639571507085265
6.126105674500097 -0.04764490975888802
6.188937527571893 -0.02867498319807371
6.2517693806436885 -0.009573028480503204