0.031415926535897934 0.004901113280089869
0.0942477796076938 0.014682026648262634
0.15707963267948966 0.02439911491743208
0.21991148575128552 0.03401020871767973
0.2827433388230814 0.04347370660275103
0.34557519189487723 0.05274879600903667
0.4084070449666731 0.0617956680751294
0.47123889803846897 0.07057572466941554
0.5340707511102649 0.07905177604937594
0.5969026041820606 0.08718822766929712
0.6597344572538566 0.09495125476263624
0.7225663103256523 0.10230896345084749
0.7853981633974483 0.10923153727126536
0.8482300164692442 0.11569136817154717
0.91106186954104 0.121663171185724
0.9738937226128359 0.1271240821852443
1.0367255756846319 0.1320537382852605
1.0995574287564276 0.1364343406792223
1.1623892818282235 0.1402506998706705
1.2252211349000193 0.14349026346678873
1.2880529879718152 0.1461431268904544
1.350884841043611 0.14820202755276218
1.413716694115407 0.14966232320293715
1.4765485471872026 0.15052195533390134
1.5393804002589986 0.15078139866652956
1.6022122533307945 0.15044359786114644
1.6650441064025903 0.14951389270882734
1.7278759594743862 0.1479999331358609
1.7907078125461822 0.14591158541108656
1.853539665617978 0.14326083097718378
1.9163715186897736 0.1400616593332926
1.9792033717615696 0.13632995637821105
2.0420352248333655 0.13208338958189808
2.104867077905162 0.12734129128974198
2.1676989309769574 0.12212454138104345
2.230530784048753 0.11645545040277284
2.2933626371205493 0.11035764418455045
2.356194490192345 0.10385595081375691
2.4190263432641403 0.09697629071366069
2.4818581963359367 0.0897455704253757
2.5446900494077322 0.08219158054923073
2.607521902479528 0.07434289815554314
2.670353755551324 0.0662287938314728
2.7331856086231197 0.05787914339202042
2.796017461694916 0.04932434415154258
2.8588493147667116 0.040595235529390504
2.9216811678385075 0.031723023651123075
2.9845130209103035 0.022739209506750423
3.047344873982099 0.013675520140832967
3.1101767270538954 0.004563842277058429
3.173008580125691 -0.004563842277058429
3.2358404331974873 -0.013675520140832967
3.2986722862692828 -0.022739209506750423
3.3615041393410787 -0.031723023651123075
3.4243359924128747 -0.040595235529390504
3.48716784548467 -0.04932434415154258
3.549999698556466 -0.05787914339202023
3.612831551628262 -0.0662287938314728
3.675663404700058 -0.07434289815554314
3.7384952577718535 -0.08219158054923073
3.8013271108436495 -0.0897455704253757
3.8641589639154454 -0.09697629071366058
3.9269908169872414 -0.10385595081375691
3.989822670059038 -0.1103576441845506
4.052654523130833 -0.11645545040277284
4.115486376202629 -0.12212454138104345
4.178318229274425 -0.12734129128974198
4.241150082346222 -0.1320833895818981
4.303981935418017 -0.13632995637821105
4.366813788489813 -0.1400616593332926
4.429645641561608 -0.14326083097718373
4.4924774946334045 -0.14591158541108673
4.5553093477052 -0.1479999331358609
4.618141200776996 -0.14951389270882734
4.680973053848792 -0.15044359786114644
4.743804906920587 -0.15078139866652956
4.806636759992383 -0.1505219553339013
4.869468613064179 -0.14966232320293715
4.932300466135976 -0.14820202755276213
4.995132319207771 -0.1461431268904544
5.057964172279567 -0.14349026346678884
5.120796025351362 -0.1402506998706705
5.183627878423159 -0.1364343406792223
5.246459731494955 -0.1320537382852604
5.3092915845667505 -0.1271240821852443
5.372123437638546 -0.121663171185724
5.434955290710342 -0.11569136817154717
5.497787143782137 -0.10923153727126553
5.560618996853934 -0.1023089634508474
5.62345084992573 -0.09495125476263624
5.686282702997525 -0.08718822766929712
5.749114556069321 -0.07905177604937605
5.811946409141116 -0.07057572466941564
5.874778262212914 -0.06179566807512931
5.937610115284709 -0.05274879600903667
6.000441968356505 -0.04347370660275103
6.0632738214283 -0.03401020871767982
6.126105674500097 -0.02439911491743208
6.188937527571893 -0.014682026648262547
6.2517693806436885 -0.004901113280089869