0.031415926535897934 0.005326036892556849
0.0942477796076938 0.015922509979477497
0.15707963267948966 0.02635349905284123
0.21991148575128552 0.03651301668590876
0.2827433388230814 0.046301378190177135
0.34557519189487723 0.055627336800955086
0.4084070449666731 0.06440986498512136
0.47123889803846897 0.07257952293155276
0.5340707511102649 0.08007938115315065
0.5969026041820606 0.08686549030476606
0.6597344572538566 0.09290691568384811
0.7225663103256523 0.0981853746968211
0.7853981633974483 0.10269453164118936
0.8482300164692442 0.10643901485784518
0.91106186954104 0.10943322660383457
0.9738937226128359 0.11170001631719538
1.0367255756846319 0.11326928407918833
1.0995574287564276 0.11417657402075541
1.1623892818282235 0.11446170823562361
1.2252211349000193 0.11416750147358062
1.2880529879718152 0.11333858638632631
1.350884841043611 0.11202036909741951
1.413716694115407 0.11025812588021158
1.4765485471872026 0.10809624407229883
1.5393804002589986 0.10557760417969496
1.6022122533307945 0.10274309543790408
1.6650441064025903 0.09963125380760851
1.7278759594743862 0.09627800932990253
1.7907078125461822 0.09271652875375799
1.853539665617978 0.0889771391687427
1.9163715186897736 0.08508731882740164
1.9792033717615696 0.08107174224105372
2.0420352248333655 0.0769523678222872
2.104867077905162 0.0727485576974974
2.1676989309769574 0.06847722072168719
2.230530784048753 0.06415297111952764
2.2933626371205493 0.05978829649801997
2.356194490192345 0.0553937301924613
2.4190263432641403 0.050978023999309355
2.4818581963359367 0.0465483183089822
2.5446900494077322 0.04211030747904761
2.607521902479528 0.03766839898988365
2.670353755551324 0.033225865510678694
2.7331856086231197 0.028784989485539328
2.796017461694916 0.02434720024032281
2.8588493147667116 0.019913203923321538
2.9216811678385075 0.015483106839159972
2.9845130209103035 0.011056532926179027
3.047344873982099 0.00663273627282264
3.1101767270538954 0.0022107096762960846
3.173008580125691 -0.0022107096762960846
3.2358404331974873 -0.00663273627282264
3.2986722862692828 -0.011056532926179027
3.3615041393410787 -0.015483106839159972
3.4243359924128747 -0.019913203923321538
3.48716784548467 -0.02434720024032281
3.549999698556466 -0.028784989485539328
3.612831551628262 -0.033225865510678694
3.675663404700058 -0.03766839898988365
3.7384952577718535 -0.04211030747904761
3.8013271108436495 -0.0465483183089822
3.8641589639154454 -0.050978023999309355
3.9269908169872414 -0.0553937301924613
3.989822670059038 -0.05978829649801997
4.052654523130833 -0.06415297111952764
4.115486376202629 -0.06847722072168719
4.178318229274425 -0.07274855769749747
4.241150082346222 -0.07695236782228729
4.303981935418017 -0.08107174224105379
4.366813788489813 -0.08508731882740164
4.429645641561608 -0.0889771391687427
4.4924774946334045 -0.09271652875375799
4.5553093477052 -0.09627800932990253
4.618141200776996 -0.09963125380760851
4.680973053848792 -0.10274309543790401
4.743804906920587 -0.1055776041796949
4.806636759992383 -0.10809624407229876
4.869468613064179 -0.11025812588021158
4.932300466135976 -0.11202036909741951
4.995132319207771 -0.11333858638632631
5.057964172279567 -0.11416750147358062
5.120796025351362 -0.11446170823562361
5.183627878423159 -0.11417657402075541
5.246459731494955 -0.11326928407918839
5.3092915845667505 -0.11170001631719538
5.372123437638546 -0.10943322660383457
5.434955290710342 -0.10643901485784518
5.497787143782137 -0.10269453164118943
5.560618996853934 -0.0981853746968211
5.62345084992573 -0.09290691568384811
5.686282702997525 -0.08686549030476606
5.749114556069321 -0.08007938115315077
5.811946409141116 -0.07257952293155279
5.874778262212914 -0.06440986498512123
5.937610115284709 -0.055627336800955086
6.000441968356505 -0.046301378190177135
6.0632738214283 -0.036513016685908825
6.126105674500097 -0.02635349905284123
6.188937527571893 -0.015922509979477497
6.2517693806436885 -0.005326036892556849