0.031415926535897934 0.0019699568773706554
0.0942477796076938 0.005903117131434398
0.15707963267948966 0.009816029725624573
0.21991148575128552 0.013695239123320288
0.2827433388230814 0.017527354478444866
0.34557519189487723 0.021299076180191237
0.4084070449666731 0.024997223059867776
0.47123889803846897 0.028608760439609342
0.5340707511102649 0.032120829195112964
0.5969026041820606 0.03552077599474389
0.6597344572538566 0.0387961848649872
0.7225663103256523 0.041934910216986275
0.7853981633974483 0.04492511145043293
0.8482300164692442 0.04775528922901445
0.91106186954104 0.05041432349562201
0.9738937226128359 0.052891513265275435
1.0367255756846319 0.0551766181989626
1.0995574287564276 0.05725990192214467
1.1623892818282235 0.05913217700746531
1.2252211349000193 0.06078485149226796
1.2880529879718152 0.06220997674807949
1.350884841043611 0.06340029646163864
1.413716694115407 0.06434929642592828
1.4765485471872026 0.06505125477580455
1.5393804002589986 0.0655012922372634
1.6022122533307945 0.0656954218934194
1.6650441064025903 0.0656305979054216
1.7278759594743862 0.06530476256457832
1.7907078125461822 0.06471689099481413
1.853539665617978 0.06386703277445087
1.9163715186897736 0.06275634970535397
1.9792033717615696 0.06138714892807533
2.0420352248333655 0.059762910565977816
2.104867077905162 0.05788830908161581
2.1676989309769574 0.055769227546756624
2.230530784048753 0.05341276406496826
2.2933626371205493 0.05082722964378645
2.356194490192345 0.04802213689270076
2.4190263432641403 0.0450081790235401
2.4818581963359367 0.041797198750487034
2.5446900494077322 0.03840214682641167
2.607521902479528 0.0348370301081761
2.670353755551324 0.0311168492128995
2.7331856086231197 0.027257526006168334
2.796017461694916 0.023275821347336936
2.8588493147667116 0.019189243701572115
2.9216811678385075 0.015015949407891143
2.9845130209103035 0.01077463556183756
3.047344873982099 0.006484426625384375
3.1101767270538954 0.0021647560102559115
3.173008580125691 -0.0021647560102559115
3.2358404331974873 -0.006484426625384375
3.2986722862692828 -0.01077463556183756
3.3615041393410787 -0.015015949407891143
3.4243359924128747 -0.019189243701572115
3.48716784548467 -0.023275821347336936
3.549999698556466 -0.02725752600616823
3.612831551628262 -0.0311168492128995
3.675663404700058 -0.0348370301081761
3.7384952577718535 -0.03840214682641167
3.8013271108436495 -0.041797198750487034
3.8641589639154454 -0.0450081790235401
3.9269908169872414 -0.04802213689270076
3.989822670059038 -0.05082722964378645
4.052654523130833 -0.05341276406496826
4.115486376202629 -0.055769227546756624
4.178318229274425 -0.0578883090816159
4.241150082346222 -0.059762910565977816
4.303981935418017 -0.061387148928075126
4.366813788489813 -0.06275634970535397
4.429645641561608 -0.06386703277445087
4.4924774946334045 -0.06471689099481431
4.5553093477052 -0.06530476256457832
4.618141200776996 -0.0656305979054216
4.680973053848792 -0.0656954218934194
4.743804906920587 -0.0655012922372634
4.806636759992383 -0.06505125477580455
4.869468613064179 -0.06434929642592828
4.932300466135976 -0.06340029646163846
4.995132319207771 -0.06220997674807949
5.057964172279567 -0.06078485149226796
5.120796025351362 -0.059132177007465155
5.183627878423159 -0.05725990192214467
5.246459731494955 -0.0551766181989626
5.3092915845667505 -0.052891513265275435
5.372123437638546 -0.05041432349562201
5.434955290710342 -0.04775528922901445
5.497787143782137 -0.0449251114504331
5.560618996853934 -0.041934910216986275
5.62345084992573 -0.0387961848649872
5.686282702997525 -0.03552077599474389
5.749114556069321 -0.032120829195112964
5.811946409141116 -0.028608760439609342
5.874778262212914 -0.024997223059867776
5.937610115284709 -0.021299076180191237
6.000441968356505 -0.017527354478444866
6.0632738214283 -0.013695239123320288
6.126105674500097 -0.009816029725624573
6.188937527571893 -0.005903117131434398
6.2517693806436885 -0.0019699568773706554