0.031415926535897934 0.004896986145223395
0.0942477796076938 0.014669949030665713
0.15707963267948966 0.02437999516992205
0.21991148575128552 0.033985550661915304
0.2827433388230814 0.04344559413296578
0.34557519189487723 0.0527198710675685
0.4084070449666731 0.06176910158403024
0.47123889803846897 0.07055517995729903
0.5340707511102649 0.07904136431691572
0.5969026041820606 0.08719245509529203
0.6597344572538566 0.09497496096706873
0.7225663103256523 0.10235725120038507
0.7853981633974483 0.10930969353151565
0.8482300164692442 0.11580477687144548
0.91106186954104 0.12181721835248226
0.9738937226128359 0.12732405442103897
1.0367255756846319 0.1323047158755357
1.0995574287564276 0.1367410869326024
1.1623892818282235 0.14061754857741843
1.2252211349000193 0.14392100661253276
1.2880529879718152 0.14664090496184165
1.350884841043611 0.14876922491094874
1.413716694115407 0.1503004710708641
1.4765485471872026 0.1512316449383228
1.5393804002589986 0.15156220699280337
1.6022122533307945 0.15129402831791197
1.6650441064025903 0.15043133276385712
1.7278759594743862 0.14898063067925474
1.7907078125461822 0.14695064523575968
1.853539665617978 0.14435223234948835
1.9163715186897736 0.1411982951704888
1.9792033717615696 0.13750369406735802
2.0420352248333655 0.1332851529802691
2.104867077905162 0.12856116295389383
2.1676989309769574 0.12335188359375178
2.230530784048753 0.11767904311699674
2.2933626371205493 0.11156583759316614
2.356194490192345 0.10503682989337675
2.4190263432641403 0.09811784878919513
2.4818581963359367 0.09083588856609832
2.5446900494077322 0.08321900944213892
2.607521902479528 0.07529623901100847
2.670353755551324 0.06709747486097187
2.7331856086231197 0.058653388457729355
2.796017461694916 0.04999533032072895
2.8588493147667116 0.04115523646921611
2.9216811678385075 0.03216553606671795
2.9845130209103035 0.023059060151010013
3.047344873982099 0.0138689513010772
3.1101767270538954 0.004628574063349874
3.173008580125691 -0.004628574063349874
3.2358404331974873 -0.0138689513010772
3.2986722862692828 -0.023059060151010013
3.3615041393410787 -0.03216553606671795
3.4243359924128747 -0.04115523646921611
3.48716784548467 -0.04999533032072895
3.549999698556466 -0.05865338845772927
3.612831551628262 -0.06709747486097187
3.675663404700058 -0.07529623901100847
3.7384952577718535 -0.08321900944213882
3.8013271108436495 -0.09083588856609832
3.8641589639154454 -0.09811784878919497
3.9269908169872414 -0.10503682989337675
3.989822670059038 -0.11156583759316609
4.052654523130833 -0.11767904311699674
4.115486376202629 -0.12335188359375178
4.178318229274425 -0.12856116295389403
4.241150082346222 -0.13328515298026916
4.303981935418017 -0.13750369406735805
4.366813788489813 -0.1411982951704888
4.429645641561608 -0.1443522323494884
4.4924774946334045 -0.14695064523575968
4.5553093477052 -0.14898063067925474
4.618141200776996 -0.15043133276385726
4.680973053848792 -0.15129402831791192
4.743804906920587 -0.1515622069928034
4.806636759992383 -0.15123164493832295
4.869468613064179 -0.1503004710708641
4.932300466135976 -0.14876922491094866
4.995132319207771 -0.14664090496184162
5.057964172279567 -0.14392100661253282
5.120796025351362 -0.14061754857741837
5.183627878423159 -0.1367410869326024
5.246459731494955 -0.13230471587553558
5.3092915845667505 -0.12732405442103897
5.372123437638546 -0.12181721835248226
5.434955290710342 -0.11580477687144548
5.497787143782137 -0.1093096935315159
5.560618996853934 -0.10235725120038502
5.62345084992573 -0.09497496096706873
5.686282702997525 -0.08719245509529203
5.749114556069321 -0.0790413643169158
5.811946409141116 -0.07055517995729911
5.874778262212914 -0.061769101584030255
5.937610115284709 -0.0527198710675685
6.000441968356505 -0.04344559413296578
6.0632738214283 -0.03398555066191534
6.126105674500097 -0.02437999516992205
6.188937527571893 -0.014669949030665689
6.2517693806436885 -0.004896986145223395