0.031415926535897934 0.008914524432513928
0.0942477796076938 0.026701028176362943
0.15707963267948966 0.04436018815403826
0.21991148575128552 0.06180807717203222
0.2827433388230814 0.07896220937447701
0.34557519189487723 0.09574209369460818
0.4084070449666731 0.11206976466967696
0.47123889803846897 0.12787028478217513
0.5340707511102649 0.14307221294872718
0.5969026041820606 0.1576080343223828
0.6597344572538566 0.171414547194722
0.7225663103256523 0.18443320346987993
0.7853981633974483 0.19661039992052734
0.8482300164692442 0.20789771821181627
0.91106186954104 0.2182521124781178
0.9738937226128359 0.22763604404303156
1.0367255756846319 0.2360175636693163
1.0995574287564276 0.24337034249586387
1.1623892818282235 0.2496736535479735
1.2252211349000193 0.25491230638039997
1.2880529879718152 0.25907653801694214
1.350884841043611 0.2621618638746012
1.413716694115407 0.2641688927957814
1.4765485471872026 0.2651031106524012
1.5393804002589986 0.26497463722756825
1.6022122533307945 0.2637979612228322
1.6650441064025903 0.26159165828382136
1.7278759594743862 0.2583780968885783
1.7907078125461822 0.2541831368076795
1.853539665617978 0.2490358246315946
1.9163715186897736 0.24296809057853913
1.9792033717615696 0.23601445045613653
2.0420352248333655 0.22821171626392506
2.104867077905162 0.21959871850273138
2.1676989309769574 0.21021604281247547
2.230530784048753 0.20010578310288876
2.2933626371205493 0.18931131288178557
2.356194490192345 0.17787707603180108
2.4190263432641403 0.16584839784649566
2.4818581963359367 0.15327131671677005
2.5446900494077322 0.14019243646363483
2.607521902479528 0.12665879894726967
2.670353755551324 0.11271777624754602
2.7331856086231197 0.09841698140922336
2.796017461694916 0.08380419647644159
2.8588493147667116 0.06892731630571303
2.9216811678385075 0.053834306443587866
2.9845130209103035 0.038573173183380036
3.047344873982099 0.023191943773358648
3.1101767270538954 0.007738654635198583
3.173008580125691 -0.007738654635198583
3.2358404331974873 -0.023191943773358648
3.2986722862692828 -0.038573173183380036
3.3615041393410787 -0.053834306443587866
3.4243359924128747 -0.06892731630571303
3.48716784548467 -0.08380419647644159
3.549999698556466 -0.09841698140922328
3.612831551628262 -0.11271777624754602
3.675663404700058 -0.12665879894726967
3.7384952577718535 -0.14019243646363477
3.8013271108436495 -0.15327131671677005
3.8641589639154454 -0.1658483978464955
3.9269908169872414 -0.17787707603180108
3.989822670059038 -0.1893113128817857
4.052654523130833 -0.20010578310288876
4.115486376202629 -0.21021604281247547
4.178318229274425 -0.21959871850273138
4.241150082346222 -0.22821171626392528
4.303981935418017 -0.23601445045613662
4.366813788489813 -0.24296809057853913
4.429645641561608 -0.24903582463159452
4.4924774946334045 -0.2541831368076795
4.5553093477052 -0.2583780968885783
4.618141200776996 -0.26159165828382136
4.680973053848792 -0.2637979612228322
4.743804906920587 -0.26497463722756825
4.806636759992383 -0.26510311065240116
4.869468613064179 -0.2641688927957814
4.932300466135976 -0.2621618638746013
4.995132319207771 -0.2590765380169422
5.057964172279567 -0.2549123063804001
5.120796025351362 -0.24967365354797363
5.183627878423159 -0.24337034249586387
5.246459731494955 -0.23601756366931617
5.3092915845667505 -0.22763604404303156
5.372123437638546 -0.2182521124781178
5.434955290710342 -0.20789771821181635
5.497787143782137 -0.19661039992052767
5.560618996853934 -0.18443320346987988
5.62345084992573 -0.171414547194722
5.686282702997525 -0.1576080343223828
5.749114556069321 -0.14307221294872724
5.811946409141116 -0.12787028478217535
5.874778262212914 -0.11206976466967696
5.937610115284709 -0.09574209369460818
6.000441968356505 -0.07896220937447701
6.0632738214283 -0.06180807717203238
6.126105674500097 -0.04436018815403826
6.188937527571893 -0.026701028176362787
6.2517693806436885 -0.008914524432513928