0.031415926535897934 0.004659435630925294
0.0942477796076938 0.013965128910501954
0.15707963267948966 0.02323128521584146
0.21991148575128552 0.03243153666201978
0.2827433388230814 0.041539501182047744
0.34557519189487723 0.05052877822696687
0.4084070449666731 0.05937294590998034
0.47123889803846897 0.06804556010713672
0.5340707511102649 0.07652015609907524
0.5969026041820606 0.08477025342296154
0.6597344572538566 0.09276936469881895
0.7225663103256523 0.1004910092973384
0.7853981633974483 0.10790873282366391
0.8482300164692442 0.11499613349977407
0.91106186954104 0.12172689663231395
0.9738937226128359 0.12807483844780684
1.0367255756846319 0.13401396065699078
1.0995574287564276 0.13951851716766336
1.1623892818282235 0.14456309439321607
1.2252211349000193 0.14912270659349416
1.2880529879718152 0.15317290762672858
1.350884841043611 0.1566899203765202
1.413716694115407 0.15965078493665916
1.4765485471872026 0.1620335263796423
1.5393804002589986 0.16381734259369354
1.6022122533307945 0.16498281224103736
1.6650441064025903 0.1655121223626185
1.7278759594743862 0.16538931453024383
1.7907078125461822 0.16460054772936272
1.853539665617978 0.16313437535296813
1.9163715186897736 0.1609820328142712
1.9792033717615696 0.15813773136501358
2.0420352248333655 0.154598952767396
2.104867077905162 0.1503667385484071
2.1676989309769574 0.14544596671102647
2.230530784048753 0.13984560803885987
2.2933626371205493 0.13357895356509805
2.356194490192345 0.12666380444063696
2.4190263432641403 0.11912261538505908
2.4818581963359367 0.1109825831868865
2.5446900494077322 0.10227567237388138
2.607521902479528 0.09303857122215728
2.670353755551324 0.08331257271617912
2.7331856086231197 0.07314337688834674
2.796017461694916 0.06258081310910375
2.8588493147667116 0.051678483292831284
2.9216811678385075 0.04049332953407427
2.9845130209103035 0.029085132276568944
3.047344873982099 0.017515947615390496
3.1101767270538954 0.0058494946076320525
3.173008580125691 -0.0058494946076320525
3.2358404331974873 -0.017515947615390496
3.2986722862692828 -0.029085132276568944
3.3615041393410787 -0.04049332953407427
3.4243359924128747 -0.051678483292831284
3.48716784548467 -0.06258081310910375
3.549999698556466 -0.07314337688834666
3.612831551628262 -0.08331257271617912
3.675663404700058 -0.09303857122215728
3.7384952577718535 -0.10227567237388138
3.8013271108436495 -0.1109825831868865
3.8641589639154454 -0.11912261538505908
3.9269908169872414 -0.12666380444063696
3.989822670059038 -0.13357895356509822
4.052654523130833 -0.13984560803885987
4.115486376202629 -0.14544596671102647
4.178318229274425 -0.15036673854840713
4.241150082346222 -0.15459895276739602
4.303981935418017 -0.15813773136501358
4.366813788489813 -0.1609820328142712
4.429645641561608 -0.16313437535296807
4.4924774946334045 -0.16460054772936283
4.5553093477052 -0.16538931453024383
4.618141200776996 -0.1655121223626185
4.680973053848792 -0.16498281224103736
4.743804906920587 -0.16381734259369354
4.806636759992383 -0.16203352637964225
4.869468613064179 -0.15965078493665916
4.932300466135976 -0.15668992037652013
4.995132319207771 -0.1531729076267285
5.057964172279567 -0.14912270659349416
5.120796025351362 -0.1445630943932162
5.183627878423159 -0.13951851716766336
5.246459731494955 -0.1340139606569907
5.3092915845667505 -0.12807483844780684
5.372123437638546 -0.12172689663231395
5.434955290710342 -0.11499613349977418
5.497787143782137 -0.10790873282366405
5.560618996853934 -0.10049100929733833
5.62345084992573 -0.09276936469881895
5.686282702997525 -0.08477025342296154
5.749114556069321 -0.07652015609907535
5.811946409141116 -0.06804556010713682
5.874778262212914 -0.059372945909980324
5.937610115284709 -0.05052877822696687
6.000441968356505 -0.041539501182047744
6.0632738214283 -0.03243153666201978
6.126105674500097 -0.02323128521584146
6.188937527571893 -0.013965128910501954
6.2517693806436885 -0.004659435630925294