0.031415926535897934 0.0050916495970190585
0.0942477796076938 0.015260898521095046
0.15707963267948966 0.025387993452809763
0.21991148575128552 0.035444821167891306
0.2827433388230814 0.045403252770697886
0.34557519189487723 0.05523513781852631
0.4084070449666731 0.06491229894888448
0.47123889803846897 0.0744065273088349
0.5340707511102649 0.08368957919871178
0.5969026041820606 0.09273317447703912
0.6597344572538566 0.10150899742690617
0.7225663103256523 0.10998870095337901
0.7853981633974483 0.11814391516308319
0.8482300164692442 0.1259462615664764
0.91106186954104 0.13336737433527499
0.9738937226128359 0.14037893023575893
1.0367255756846319 0.14695268903591152
1.0995574287564276 0.15306054634198785
1.1623892818282235 0.15867460094824745
1.2252211349000193 0.16376723887095998
1.2880529879718152 0.16831123627177097
1.350884841043611 0.17227988344212697
1.413716694115407 0.17564713190482115
1.4765485471872026 0.1783877664751793
1.5393804002589986 0.18047760379741942
1.6022122533307945 0.1818937184164835
1.6650441064025903 0.18261469684940862
1.7278759594743862 0.18262091937360883
1.7907078125461822 0.18189486834790025
1.853539665617978 0.18042146082818214
1.9163715186897736 0.1781884020446919
1.9792033717615696 0.17518655499378805
2.0420352248333655 0.17141031999880846
2.104867077905162 0.1668580166598984
2.1676989309769574 0.1615322592040445
2.230530784048753 0.15544031493948865
2.2933626371205493 0.14859443440014475
2.356194490192345 0.14101214093018627
2.4190263432641403 0.13271646700350184
2.4818581963359367 0.12373612458953134
2.5446900494077322 0.11410559744555186
2.607521902479528 0.10386514439344711
2.670353755551324 0.09306070445339437
2.7331856086231197 0.08174369714626842
2.796017461694916 0.06997071428546647
2.8588493147667116 0.057803103055413675
2.9216811678385075 0.045306443971872695
2.9845130209103035 0.03254993125378011
3.047344873982099 0.019605666995983474
3.1101767270538954 0.006547884092994849
3.173008580125691 -0.006547884092994849
3.2358404331974873 -0.019605666995983474
3.2986722862692828 -0.03254993125378011
3.3615041393410787 -0.045306443971872695
3.4243359924128747 -0.057803103055413675
3.48716784548467 -0.06997071428546647
3.549999698556466 -0.08174369714626845
3.612831551628262 -0.09306070445339437
3.675663404700058 -0.10386514439344711
3.7384952577718535 -0.11410559744555186
3.8013271108436495 -0.12373612458953134
3.8641589639154454 -0.13271646700350184
3.9269908169872414 -0.14101214093018627
3.989822670059038 -0.14859443440014486
4.052654523130833 -0.15544031493948865
4.115486376202629 -0.1615322592040445
4.178318229274425 -0.16685801665989844
4.241150082346222 -0.17141031999880857
4.303981935418017 -0.17518655499378818
4.366813788489813 -0.1781884020446919
4.429645641561608 -0.18042146082818203
4.4924774946334045 -0.1818948683479003
4.5553093477052 -0.18262091937360883
4.618141200776996 -0.18261469684940854
4.680973053848792 -0.18189371841648347
4.743804906920587 -0.18047760379741942
4.806636759992383 -0.1783877664751793
4.869468613064179 -0.17564713190482115
4.932300466135976 -0.1722798834421269
4.995132319207771 -0.16831123627177097
5.057964172279567 -0.16376723887095998
5.120796025351362 -0.15867460094824748
5.183627878423159 -0.15306054634198785
5.246459731494955 -0.14695268903591127
5.3092915845667505 -0.14037893023575893
5.372123437638546 -0.13336737433527499
5.434955290710342 -0.12594626156647643
5.497787143782137 -0.1181439151630834
5.560618996853934 -0.10998870095337891
5.62345084992573 -0.10150899742690617
5.686282702997525 -0.09273317447703912
5.749114556069321 -0.08368957919871185
5.811946409141116 -0.07440652730883499
5.874778262212914 -0.06491229894888433
5.937610115284709 -0.05523513781852631
6.000441968356505 -0.045403252770697886
6.0632738214283 -0.035444821167891376
6.126105674500097 -0.025387993452809763
6.188937527571893 -0.015260898521094905
6.2517693806436885 -0.0050916495970190585