0.031415926535897934 0.007144636531425688
0.0942477796076938 0.021413516376204818
0.15707963267948966 0.0356212288656437
0.21991148575128552 0.0497270364590484
0.2827433388230814 0.06369026163618748
0.34557519189487723 0.07747030895216794
0.4084070449666731 0.09102668535735141
0.47123889803846897 0.10431901859383858
0.5340707511102649 0.11730707370233386
0.5969026041820606 0.12995076793595456
0.6597344572538566 0.14221018467557867
0.7225663103256523 0.15404558726854992
0.7853981633974483 0.16541743406204024
0.8482300164692442 0.17628639626623463
0.91106186954104 0.18661338065186397
0.9738937226128359 0.19635955945145817
1.0367255756846319 0.20548641018269148
1.0995574287564276 0.21395576843250783
1.1623892818282235 0.22172989691784545
1.2252211349000193 0.2287715743562723
1.2880529879718152 0.2350442078193427
1.350884841043611 0.2405119722825117
1.413716694115407 0.24513998100577614
1.4765485471872026 0.24889449015510226
1.5393804002589986 0.2517431406817114
1.6022122533307945 0.2536552398903222
1.6650441064025903 0.2546020843262968
1.7278759594743862 0.25455732457701424
1.7907078125461822 0.2534973713028455
1.853539665617978 0.25140184028532936
1.9163715186897736 0.24825403251468112
1.9792033717615696 0.24404144336174566
2.0420352248333655 0.2387562927362374
2.104867077905162 0.2323960658906512
2.1676989309769574 0.2249640522778994
2.230530784048753 0.21646986772392096
2.2933626371205493 0.20692994326842193
2.356194490192345 0.1963679625075437
2.4190263432641403 0.1848152282996139
2.4818581963359367 0.1723109394243322
2.5446900494077322 0.15890235835571656
2.607521902479528 0.14464485282764886
2.670353755551324 0.12960179639896224
2.7331856086231197 0.11384431676298129
2.796017461694916 0.09745088502290317
2.8588493147667116 0.0805067444207464
2.9216811678385075 0.06310318283921772
2.9845130209103035 0.04533665950157799
3.047344873982099 0.02730780233398422
3.1101767270538954 0.00912029806290656
3.173008580125691 -0.00912029806290656
3.2358404331974873 -0.02730780233398422
3.2986722862692828 -0.04533665950157799
3.3615041393410787 -0.06310318283921772
3.4243359924128747 -0.0805067444207464
3.48716784548467 -0.09745088502290317
3.549999698556466 -0.11384431676298118
3.612831551628262 -0.12960179639896224
3.675663404700058 -0.14464485282764886
3.7384952577718535 -0.15890235835571645
3.8013271108436495 -0.1723109394243322
3.8641589639154454 -0.18481522829961378
3.9269908169872414 -0.1963679625075437
3.989822670059038 -0.2069299432684222
4.052654523130833 -0.21646986772392096
4.115486376202629 -0.2249640522778994
4.178318229274425 -0.2323960658906514
4.241150082346222 -0.2387562927362376
4.303981935418017 -0.24404144336174566
4.366813788489813 -0.24825403251468112
4.429645641561608 -0.25140184028532936
4.4924774946334045 -0.2534973713028455
4.5553093477052 -0.25455732457701424
4.618141200776996 -0.25460208432629683
4.680973053848792 -0.25365523989032207
4.743804906920587 -0.2517431406817113
4.806636759992383 -0.24889449015510234
4.869468613064179 -0.24513998100577614
4.932300466135976 -0.2405119722825117
4.995132319207771 -0.2350442078193427
5.057964172279567 -0.22877157435627238
5.120796025351362 -0.22172989691784553
5.183627878423159 -0.21395576843250783
5.246459731494955 -0.20548641018269134
5.3092915845667505 -0.19635955945145817
5.372123437638546 -0.18661338065186397
5.434955290710342 -0.1762863962662347
5.497787143782137 -0.16541743406204037
5.560618996853934 -0.15404558726854975
5.62345084992573 -0.14221018467557867
5.686282702997525 -0.12995076793595456
5.749114556069321 -0.11730707370233391
5.811946409141116 -0.1043190185938388
5.874778262212914 -0.09102668535735133
5.937610115284709 -0.07747030895216794
6.000441968356505 -0.06369026163618748
6.0632738214283 -0.0497270364590485
6.126105674500097 -0.0356212288656437
6.188937527571893 -0.021413516376204714
6.2517693806436885 -0.007144636531425688