0.031415926535897934 0.004394781478414631
0.0942477796076938 0.013169323457387147
0.15707963267948966 0.02189883627854511
0.21991148575128552 0.030553413030384377
0.2827433388230814 0.03910331539343508
0.34557519189487723 0.04751904070613898
0.4084070449666731 0.055771388719645265
0.47123889803846897 0.06383152803542559
0.5340707511102649 0.07167106227700211
0.5969026041820606 0.07926209611213791
0.6597344572538566 0.08657730131170346
0.7225663103256523 0.09358998310287188
0.7853981633974483 0.10027414714380413
0.8482300164692442 0.10660456751082296
0.91106186954104 0.11255685614341171
0.9738937226128359 0.11810753423329987
1.0367255756846319 0.12323410606760188
1.0995574287564276 0.1279151358387729
1.1623892818282235 0.13213032791264054
1.2252211349000193 0.13586061099693705
1.2880529879718152 0.13908822657408595
1.350884841043611 0.14179682185162373
1.413716694115407 0.1439715473404954
1.4765485471872026 0.1455991589954133
1.5393804002589986 0.146668124643507
1.6022122533307945 0.14716873418984014
1.6650441064025903 0.14709321282467402
1.7278759594743862 0.14643583617276928
1.7907078125461822 0.1451930460262922
1.853539665617978 0.1433635649984373
1.9163715186897736 0.14094850813462315
1.9792033717615696 0.13795148923353057
2.0420352248333655 0.13437871937390183
2.104867077905162 0.1302390949284119
2.1676989309769574 0.12554427218686376
2.230530784048753 0.12030872562104701
2.2933626371205493 0.11454978681547615
2.356194490192345 0.10828766117280246
2.4190263432641403 0.10154541968830415
2.4818581963359367 0.09434896337950326
2.5446900494077322 0.08672695835545245
2.607521902479528 0.07871074001174462
2.670353755551324 0.07033418543282827
2.7331856086231197 0.06163355375856256
2.796017461694916 0.05264729500786722
2.8588493147667116 0.04341582862509934
2.9216811678385075 0.03398129379708888
2.9845130209103035 0.024387274350906415
3.047344873982099 0.014678501753810505
3.1101767270538954 0.004900540367604605
3.173008580125691 -0.004900540367604605
3.2358404331974873 -0.014678501753810505
3.2986722862692828 -0.024387274350906415
3.3615041393410787 -0.03398129379708888
3.4243359924128747 -0.04341582862509934
3.48716784548467 -0.05264729500786722
3.549999698556466 -0.06163355375856256
3.612831551628262 -0.07033418543282827
3.675663404700058 -0.07871074001174462
3.7384952577718535 -0.08672695835545248
3.8013271108436495 -0.09434896337950326
3.8641589639154454 -0.10154541968830413
3.9269908169872414 -0.10828766117280246
3.989822670059038 -0.11454978681547621
4.052654523130833 -0.12030872562104701
4.115486376202629 -0.12554427218686376
4.178318229274425 -0.130239094928412
4.241150082346222 -0.13437871937390186
4.303981935418017 -0.13795148923353062
4.366813788489813 -0.14094850813462315
4.429645641561608 -0.14336356499843722
4.4924774946334045 -0.14519304602629224
4.5553093477052 -0.14643583617276928
4.618141200776996 -0.1470932128246741
4.680973053848792 -0.14716873418984006
4.743804906920587 -0.146668124643507
4.806636759992383 -0.14559915899541337
4.869468613064179 -0.1439715473404954
4.932300466135976 -0.14179682185162368
4.995132319207771 -0.1390882265740859
5.057964172279567 -0.13586061099693708
5.120796025351362 -0.13213032791264062
5.183627878423159 -0.1279151358387729
5.246459731494955 -0.12323410606760188
5.3092915845667505 -0.11810753423329987
5.372123437638546 -0.11255685614341171
5.434955290710342 -0.10660456751082303
5.497787143782137 -0.10027414714380418
5.560618996853934 -0.09358998310287187
5.62345084992573 -0.08657730131170346
5.686282702997525 -0.07926209611213791
5.749114556069321 -0.07167106227700214
5.811946409141116 -0.0638315280354256
5.874778262212914 -0.0557713887196453
5.937610115284709 -0.04751904070613898
6.000441968356505 -0.03910331539343508
6.0632738214283 -0.030553413030384485
6.126105674500097 -0.02189883627854511
6.188937527571893 -0.013169323457387147
6.2517693806436885 -0.004394781478414631