0.031415926535897934 0.005759911653208178
0.0942477796076938 0.01726373742849011
0.15707963267948966 0.028719571488858838
0.21991148575128552 0.040095422208385835
0.2827433388230814 0.05135930198316961
0.34557519189487723 0.06247922839550013
0.4084070449666731 0.0734232250801595
0.47123889803846897 0.08415932241483122
0.5340707511102649 0.0946555583073152
0.5969026041820606 0.10487997953132533
0.6597344572538566 0.1148006442669363
0.7225663103256523 0.12438562672743625
0.7853981633974483 0.13360302499688698
0.8482300164692442 0.1424209734567335
0.91106186954104 0.1508076614390591
0.9738937226128359 0.15873136000115104
1.0367255756846319 0.16616045896233067
1.0995574287564276 0.17306351656950203
1.1623892818282235 0.17940932435098036
1.2252211349000193 0.1851669898656503
1.2880529879718152 0.19030604014133545
1.350884841043611 0.19479654860572737
1.413716694115407 0.1986092882270921
1.4765485471872026 0.201715913380858
1.5393804002589986 0.20408917262224552
1.6022122533307945 0.2057031540549091
1.6650441064025903 0.20653356432347908
1.7278759594743862 0.20655804140968703
1.7907078125461822 0.20575650036866902
1.853539665617978 0.20411150990313048
1.9163715186897736 0.20160869624778155
1.9792033717615696 0.19823716924732815
2.0420352248333655 0.19398996379626499
2.104867077905162 0.18886448802308842
2.1676989309769574 0.18286296781900319
2.230530784048753 0.17599287562345411
2.2933626371205493 0.16826732989354748
2.356194490192345 0.15970545052116322
2.4190263432641403 0.1503326547452297
2.4818581963359367 0.14018087795892875
2.5446900494077322 0.1292887043404083
2.607521902479528 0.11770139352315155
2.670353755551324 0.10547079161317767
2.7331856086231197 0.09265511775087272
2.796017461694916 0.07931862104501246
2.8588493147667116 0.06553110695426646
2.9216811678385075 0.051367336876656455
2.9845130209103035 0.03690630959798532
3.047344873982099 0.022230438076174468
3.1101767270538954 0.007424639511425758
3.173008580125691 -0.007424639511425758
3.2358404331974873 -0.022230438076174468
3.2986722862692828 -0.03690630959798532
3.3615041393410787 -0.051367336876656455
3.4243359924128747 -0.06553110695426646
3.48716784548467 -0.07931862104501246
3.549999698556466 -0.09265511775087254
3.612831551628262 -0.10547079161317767
3.675663404700058 -0.11770139352315155
3.7384952577718535 -0.12928870434040832
3.8013271108436495 -0.14018087795892875
3.8641589639154454 -0.15033265474522958
3.9269908169872414 -0.15970545052116322
3.989822670059038 -0.1682673298935476
4.052654523130833 -0.17599287562345411
4.115486376202629 -0.18286296781900319
4.178318229274425 -0.18886448802308853
4.241150082346222 -0.19398996379626493
4.303981935418017 -0.19823716924732815
4.366813788489813 -0.20160869624778155
4.429645641561608 -0.20411150990313048
4.4924774946334045 -0.20575650036866897
4.5553093477052 -0.20655804140968703
4.618141200776996 -0.20653356432347908
4.680973053848792 -0.2057031540549091
4.743804906920587 -0.20408917262224552
4.806636759992383 -0.2017159133808581
4.869468613064179 -0.1986092882270921
4.932300466135976 -0.1947965486057273
4.995132319207771 -0.19030604014133545
5.057964172279567 -0.18516698986565033
5.120796025351362 -0.17940932435098048
5.183627878423159 -0.17306351656950203
5.246459731494955 -0.16616045896233061
5.3092915845667505 -0.15873136000115104
5.372123437638546 -0.1508076614390591
5.434955290710342 -0.1424209734567335
5.497787143782137 -0.13360302499688712
5.560618996853934 -0.12438562672743617
5.62345084992573 -0.1148006442669363
5.686282702997525 -0.10487997953132533
5.749114556069321 -0.09465555830731534
5.811946409141116 -0.08415932241483143
5.874778262212914 -0.07342322508015942
5.937610115284709 -0.06247922839550013
6.000441968356505 -0.05135930198316961
6.0632738214283 -0.04009542220838585
6.126105674500097 -0.028719571488858838
6.188937527571893 -0.017263737428490047
6.2517693806436885 -0.005759911653208178