0.031415926535897934 0.003156811919740147
0.0942477796076938 0.00945928382552779
0.15707963267948966 0.0157283279894006
0.21991148575128552 0.021941752778174117
0.2827433388230814 0.028077506844461565
0.34557519189487723 0.03411373523622535
0.4084070449666731 0.040028835519548056
0.47123889803846897 0.04580151394290751
0.5340707511102649 0.051410841687561215
0.5969026041820606 0.0568363112663878
0.6597344572538566 0.062057893151439864
0.7225663103256523 0.06705609272718611
0.7853981633974483 0.07181200768044456
0.8482300164692442 0.07630738594783058
0.91106186954104 0.0805246843455745
0.9738937226128359 0.08444712800332396
1.0367255756846319 0.08805877071158769
1.0995574287564276 0.09134455627054404
1.1623892818282235 0.09429038089495348
1.2252211349000193 0.09688315668508275
1.2880529879718152 0.09911087611638938
1.350884841043611 0.10096267743113257
1.413716694115407 0.10242891073341172
1.4765485471872026 0.10350120449621301
1.5393804002589986 0.10417253208621084
1.6022122533307945 0.1044372778012475
1.6650441064025903 0.10429130179906516
1.7278759594743862 0.103732003177043
1.7907078125461822 0.10275838034499137
1.853539665617978 0.10137108772054262
1.9163715186897736 0.09957248767384409
1.9792033717615696 0.09736669655987672
2.0420352248333655 0.09475962360770113
2.104867077905162 0.09175900139116765
2.1676989309769574 0.08837440658973546
2.230530784048753 0.08461726976520527
2.2933626371205493 0.08050087293381115
2.356194490192345 0.07604033380574024
2.4190263432641403 0.07125257569701475
2.4818581963359367 0.06615628229170509
2.5446900494077322 0.06077183664395105
2.607521902479528 0.05512124405595281
2.670353755551324 0.04922803874496583
2.7331856086231197 0.04311717451278419
2.796017461694916 0.03681489994719612
2.8588493147667116 0.030348619007193642
2.9216811678385075 0.02374673816220204
2.9845130209103035 0.01703850155974456
3.047344873982099 0.0102538159752
3.1101767270538954 0.0034230675416634525
3.173008580125691 -0.0034230675416634525
3.2358404331974873 -0.0102538159752
3.2986722862692828 -0.01703850155974456
3.3615041393410787 -0.02374673816220204
3.4243359924128747 -0.030348619007193642
3.48716784548467 -0.03681489994719612
3.549999698556466 -0.0431171745127841
3.612831551628262 -0.04922803874496583
3.675663404700058 -0.05512124405595281
3.7384952577718535 -0.06077183664395105
3.8013271108436495 -0.06615628229170509
3.8641589639154454 -0.07125257569701465
3.9269908169872414 -0.07604033380574024
3.989822670059038 -0.08050087293381118
4.052654523130833 -0.08461726976520527
4.115486376202629 -0.08837440658973546
4.178318229274425 -0.09175900139116766
4.241150082346222 -0.09475962360770111
4.303981935418017 -0.0973666965598767
4.366813788489813 -0.09957248767384409
4.429645641561608 -0.1013710877205425
4.4924774946334045 -0.10275838034499134
4.5553093477052 -0.103732003177043
4.618141200776996 -0.1042913017990652
4.680973053848792 -0.10443727780124758
4.743804906920587 -0.10417253208621079
4.806636759992383 -0.10350120449621315
4.869468613064179 -0.10242891073341172
4.932300466135976 -0.10096267743113262
4.995132319207771 -0.09911087611638938
5.057964172279567 -0.0968831566850827
5.120796025351362 -0.0942903808949534
5.183627878423159 -0.09134455627054404
5.246459731494955 -0.08805877071158766
5.3092915845667505 -0.08444712800332396
5.372123437638546 -0.0805246843455745
5.434955290710342 -0.07630738594783064
5.497787143782137 -0.07181200768044459
5.560618996853934 -0.06705609272718607
5.62345084992573 -0.062057893151439864
5.686282702997525 -0.0568363112663878
5.749114556069321 -0.051410841687561284
5.811946409141116 -0.04580151394290752
5.874778262212914 -0.04002883551954804
5.937610115284709 -0.03411373523622535
6.000441968356505 -0.028077506844461565
6.0632738214283 -0.021941752778174117
6.126105674500097 -0.0157283279894006
6.188937527571893 -0.009459283825527784
6.2517693806436885 -0.003156811919740147