0.031415926535897934 0.006234064038748072
0.0942477796076938 0.01863424757765306
0.15707963267948966 0.03083228550276896
0.21991148575128552 0.04269896287985811
0.2827433388230814 0.05411312113903466
0.34557519189487723 0.06496436677311211
0.4084070449666731 0.07515531039792248
0.47123889803846897 0.08460326003693895
0.5340707511102649 0.09324132785021182
0.5969026041820606 0.10101894505125436
0.6597344572538566 0.10790181249297681
0.7225663103256523 0.11387134197828165
0.7853981633974483 0.11892366416073577
0.8482300164692442 0.12306829219224716
0.91106186954104 0.12632653609789846
0.9738937226128359 0.1287297619297885
1.0367255756846319 0.1303175832626204
1.0995574287564276 0.13113606199684122
1.1623892818282235 0.1312359822476702
1.2252211349000193 0.13067124674008185
1.2880529879718152 0.1294974308096332
1.350884841043611 0.12777051576187626
1.413716694115407 0.12554581161182085
1.4765485471872026 0.12287706947701055
1.5393804002589986 0.11981577626509433
1.6022122533307945 0.11641061872744674
1.6650441064025903 0.11270710026309336
1.7278759594743862 0.10874729179186628
1.7907078125461822 0.10456969727595185
1.853539665617978 0.10020921475496859
1.9163715186897736 0.09569717479111027
1.9792033717615696 0.09106143975108183
2.0420352248333655 0.08632654917458282
2.104867077905162 0.08151389843121373
2.1676989309769574 0.07664193982517876
2.230530784048753 0.071726397181953
2.2933626371205493 0.06678048668512367
2.356194490192345 0.061815138291094814
2.4190263432641403 0.05683921341912187
2.4818581963359367 0.051859715792768234
2.5446900494077322 0.04688199330442009
2.607521902479528 0.04190992960112557
2.670353755551324 0.03694612476536831
2.7331856086231197 0.03199206500751171
2.796017461694916 0.02704828171671524
2.8588493147667116 0.022114500552323797
2.9216811678385075 0.01718978151474549
2.9845130209103035 0.012272651128457867
3.047344873982099 0.007361228012726426
3.1101767270538954 0.002453343218518212
3.173008580125691 -0.002453343218518212
3.2358404331974873 -0.007361228012726426
3.2986722862692828 -0.012272651128457867
3.3615041393410787 -0.01718978151474549
3.4243359924128747 -0.022114500552323797
3.48716784548467 -0.02704828171671524
3.549999698556466 -0.03199206500751171
3.612831551628262 -0.03694612476536831
3.675663404700058 -0.04190992960112557
3.7384952577718535 -0.04688199330442009
3.8013271108436495 -0.051859715792768234
3.8641589639154454 -0.0568392134191218
3.9269908169872414 -0.061815138291094814
3.989822670059038 -0.06678048668512375
4.052654523130833 -0.071726397181953
4.115486376202629 -0.07664193982517876
4.178318229274425 -0.08151389843121379
4.241150082346222 -0.0863265491745829
4.303981935418017 -0.09106143975108183
4.366813788489813 -0.09569717479111027
4.429645641561608 -0.10020921475496859
4.4924774946334045 -0.10456969727595185
4.5553093477052 -0.10874729179186628
4.618141200776996 -0.11270710026309344
4.680973053848792 -0.11641061872744668
4.743804906920587 -0.11981577626509433
4.806636759992383 -0.1228770694770105
4.869468613064179 -0.12554581161182085
4.932300466135976 -0.12777051576187626
4.995132319207771 -0.12949743080963314
5.057964172279567 -0.13067124674008174
5.120796025351362 -0.13123598224767027
5.183627878423159 -0.13113606199684122
5.246459731494955 -0.1303175832626204
5.3092915845667505 -0.1287297619297885
5.372123437638546 -0.12632653609789846
5.434955290710342 -0.12306829219224719
5.497787143782137 -0.11892366416073584
5.560618996853934 -0.11387134197828165
5.62345084992573 -0.10790181249297681
5.686282702997525 -0.10101894505125436
5.749114556069321 -0.09324132785021183
5.811946409141116 -0.08460326003693905
5.874778262212914 -0.07515531039792234
5.937610115284709 -0.06496436677311211
6.000441968356505 -0.05411312113903466
6.0632738214283 -0.04269896287985822
6.126105674500097 -0.03083228550276896
6.188937527571893 -0.01863424757765306
6.2517693806436885 -0.006234064038748072