0.031415926535897934 0.004185083669206238
0.0942477796076938 0.012539566589680716
0.15707963267948966 0.020847049206825282
0.21991148575128552 0.029076374281694652
0.2827433388230814 0.03719664830776799
0.34557519189487723 0.04517734559688839
0.4084070449666731 0.052988410999267106
0.47123889803846897 0.06060036092402017
0.5340707511102649 0.06798438236589747
0.5969026041820606 0.07511242968816326
0.6597344572538566 0.08195731895906401
0.7225663103256523 0.08849281968782208
0.7853981633974483 0.09469374385340959
0.8482300164692442 0.1005360321632042
0.91106186954104 0.10599683751682593
0.9738937226128359 0.11105460568091514
1.0367255756846319 0.11568915320150516
1.0995574287564276 0.11988174259038174
1.1623892818282235 0.12361515481920075
1.2252211349000193 0.12687375913934243
1.2880529879718152 0.1296435802161552
1.350884841043611 0.13191236252351973
1.413716694115407 0.13366963188919384
1.4765485471872026 0.1349067540143549
1.5393804002589986 0.13561698971383734
1.6022122533307945 0.13579554653897205
1.6650441064025903 0.135439626355369
1.7278759594743862 0.13454846835653306
1.7907078125461822 0.13312338690434747
1.853539665617978 0.13116780350294344
1.9163715186897736 0.1286872721371977
1.9792033717615696 0.12568949714504465
2.0420352248333655 0.12218434274782915
2.104867077905162 0.11818383333870879
2.1676989309769574 0.1137021436289195
2.230530784048753 0.10875557777824177
2.2933626371205493 0.10336253669129546
2.356194490192345 0.0975434727465023
2.4190263432641403 0.09132083133990654
2.4818581963359367 0.08471897877068717
2.5446900494077322 0.07776411616715118
2.607521902479528 0.0704841793481564
2.670353755551324 0.06290872473108575
2.7331856086231197 0.05506880162843409
2.796017461694916 0.04699681151472425
2.8588493147667116 0.03872635508706009
2.9216811678385075 0.030292068178966257
2.9845130209103035 0.021729447810913984
3.047344873982099 0.013074669864878
3.1101767270538954 0.004364400047640502
3.173008580125691 -0.004364400047640502
3.2358404331974873 -0.013074669864878
3.2986722862692828 -0.021729447810913984
3.3615041393410787 -0.030292068178966257
3.4243359924128747 -0.03872635508706009
3.48716784548467 -0.04699681151472425
3.549999698556466 -0.05506880162843389
3.612831551628262 -0.06290872473108575
3.675663404700058 -0.0704841793481564
3.7384952577718535 -0.07776411616715109
3.8013271108436495 -0.08471897877068717
3.8641589639154454 -0.09132083133990647
3.9269908169872414 -0.0975434727465023
3.989822670059038 -0.1033625366912954
4.052654523130833 -0.10875557777824177
4.115486376202629 -0.1137021436289195
4.178318229274425 -0.11818383333870891
4.241150082346222 -0.12218434274782919
4.303981935418017 -0.12568949714504468
4.366813788489813 -0.1286872721371977
4.429645641561608 -0.13116780350294333
4.4924774946334045 -0.13312338690434738
4.5553093477052 -0.13454846835653306
4.618141200776996 -0.13543962635536916
4.680973053848792 -0.13579554653897202
4.743804906920587 -0.13561698971383734
4.806636759992383 -0.134906754014355
4.869468613064179 -0.13366963188919384
4.932300466135976 -0.13191236252351976
4.995132319207771 -0.1296435802161552
5.057964172279567 -0.12687375913934248
5.120796025351362 -0.12361515481920071
5.183627878423159 -0.11988174259038174
5.246459731494955 -0.1156891532015051
5.3092915845667505 -0.11105460568091514
5.372123437638546 -0.10599683751682593
5.434955290710342 -0.10053603216320427
5.497787143782137 -0.09469374385340958
5.560618996853934 -0.08849281968782209
5.62345084992573 -0.08195731895906401
5.686282702997525 -0.07511242968816326
5.749114556069321 -0.06798438236589752
5.811946409141116 -0.060600360924020415
5.874778262212914 -0.05298841099926705
5.937610115284709 -0.04517734559688839
6.000441968356505 -0.03719664830776799
6.0632738214283 -0.02907637428169474
6.126105674500097 -0.020847049206825282
6.188937527571893 -0.01253956658968071
6.2517693806436885 -0.004185083669206238