0.031415926535897934 0.0010271103929535366
0.0942477796076938 0.003077611536128024
0.15707963267948966 0.005116963605566685
0.21991148575128552 0.007137766756428393
0.2827433388230814 0.009132670529441072
0.34557519189487723 0.011094393761089394
0.4084070449666731 0.01301574464455116
0.47123889803846897 0.014889640977004532
0.5340707511102649 0.016709130623324447
0.5969026041820606 0.018467412219335882
0.6597344572538566 0.02015785612969093
0.7225663103256523 0.021774025666096354
0.7853981633974483 0.023309698561062745
0.8482300164692442 0.02475888868061264
0.91106186954104 0.02611586794651946
0.9738937226128359 0.027375188424739766
1.0367255756846319 0.02853170452183728
1.0995574287564276 0.02958059521551751
1.1623892818282235 0.03051738622905301
1.2252211349000193 0.031337972042591346
1.2880529879718152 0.0320386376173099
1.350884841043611 0.032616079691422044
1.413716694115407 0.03306742749042123
1.4765485471872026 0.03339026267803978
1.5393804002589986 0.03358263835957164
1.6022122533307945 0.033643096935853586
1.6650441064025903 0.03357068659476018
1.7278759594743862 0.03336497621795773
1.7907078125461822 0.033026068474338845
1.853539665617978 0.03255461086842635
1.9163715186897736 0.0319518045124986
1.9792033717615696 0.031219410395617986
2.0420352248333655 0.03035975293141704
2.104867077905162 0.029375720579667475
2.1676989309769574 0.02827076335446208
2.230530784048753 0.027048887054313082
2.2933626371205493 0.025714644076561818
2.356194490192345 0.024273120710001133
2.4190263432641403 0.022729920835209277
2.4818581963359367 0.0210911460013541
2.5446900494077322 0.019363371890551387
2.607521902479528 0.017553621225556433
2.670353755551324 0.01566933322285226
2.7331856086231197 0.013718329740133085
2.796017461694916 0.011708778313850355
2.8588493147667116 0.009649152327848888
2.9216811678385075 0.007548188597170987
2.9845130209103035 0.005414842690839183
3.047344873982099 0.003258242352895219
3.1101767270538954 0.0010876394112964885
3.173008580125691 -0.0010876394112964885
3.2358404331974873 -0.003258242352895219
3.2986722862692828 -0.005414842690839183
3.3615041393410787 -0.007548188597170987
3.4243359924128747 -0.009649152327848888
3.48716784548467 -0.011708778313850355
3.549999698556466 -0.013718329740133085
3.612831551628262 -0.01566933322285226
3.675663404700058 -0.017553621225556433
3.7384952577718535 -0.019363371890551387
3.8013271108436495 -0.0210911460013541
3.8641589639154454 -0.022729920835209277
3.9269908169872414 -0.024273120710001133
3.989822670059038 -0.025714644076561818
4.052654523130833 -0.027048887054313082
4.115486376202629 -0.02827076335446208
4.178318229274425 -0.029375720579667475
4.241150082346222 -0.03035975293141704
4.303981935418017 -0.031219410395618073
4.366813788489813 -0.0319518045124986
4.429645641561608 -0.03255461086842635
4.4924774946334045 -0.033026068474338845
4.5553093477052 -0.03336497621795773
4.618141200776996 -0.03357068659476018
4.680973053848792 -0.033643096935853586
4.743804906920587 -0.03358263835957156
4.806636759992383 -0.03339026267803978
4.869468613064179 -0.03306742749042123
4.932300466135976 -0.03261607969142204
4.995132319207771 -0.0320386376173099
5.057964172279567 -0.031337972042591346
5.120796025351362 -0.0305173862290531
5.183627878423159 -0.02958059521551751
5.246459731494955 -0.02853170452183728
5.3092915845667505 -0.027375188424739766
5.372123437638546 -0.02611586794651946
5.434955290710342 -0.02475888868061264
5.497787143782137 -0.023309698561062745
5.560618996853934 -0.021774025666096354
5.62345084992573 -0.02015785612969093
5.686282702997525 -0.018467412219335882
5.749114556069321 -0.01670913062332453
5.811946409141116 -0.014889640977004613
5.874778262212914 -0.01301574464455116
5.937610115284709 -0.011094393761089394
6.000441968356505 -0.009132670529441072
6.0632738214283 -0.007137766756428393
6.126105674500097 -0.005116963605566685
6.188937527571893 -0.003077611536128024
6.2517693806436885 -0.0010271103929535366