0.031415926535897934 0.0018653722852286039
0.0942477796076938 0.005578285789156732
0.15707963267948966 0.009238095478234943
0.21991148575128552 0.01281068036573473
0.2827433388230814 0.016263785551503773
0.34557519189487723 0.019567660099017416
0.4084070449666731 0.022695595141003593
0.47123889803846897 0.0256243452766563
0.5340707511102649 0.028334423427552838
0.5969026041820606 0.030810266519771912
0.6597344572538566 0.0330402760827301
0.7225663103256523 0.03501674363361677
0.7853981633974483 0.03673567522677495
0.8482300164692442 0.038196532624931896
0.91106186954104 0.039401910179463394
0.9738937226128359 0.04035716680193651
1.0367255756846319 0.04107003157287344
1.0995574287564276 0.04155019982386375
1.1623892818282235 0.041808934221859155
1.2252211349000193 0.04185868274451936
1.2880529879718152 0.041712722695193126
1.350884841043611 0.041384837252845
1.413716694115407 0.04088902862352803
1.4765485471872026 0.0402392697448802
1.5393804002589986 0.039449294739696036
1.6022122533307945 0.03853242692990381
1.6650441064025903 0.037501442192939945
1.7278759594743862 0.036368464735340854
1.7907078125461822 0.035144891929648835
1.853539665617978 0.03384134466224171
1.9163715186897736 0.0324676396233104
1.9792033717615696 0.031032780090913422
2.0420352248333655 0.02954496197893515
2.104867077905162 0.02801159219995254
2.1676989309769574 0.026439316710838705
2.230530784048753 0.024834055939708652
2.2933626371205493 0.02320104562130012
2.356194490192345 0.02154488138244888
2.4190263432641403 0.019869565712259715
2.4818581963359367 0.018178556218258243
2.5446900494077322 0.01647481430802621
2.607521902479528 0.014760853645119606
2.670353755551324 0.013038787909282422
2.7331856086231197 0.011310377545751179
2.796017461694916 0.009577075318947192
2.8588493147667116 0.00784007059448114
2.9216811678385075 0.006100332362579415
2.9845130209103035 0.004358651088140598
3.047344873982099 0.002615679529776696
3.1101767270538954 0.0008719727142954854
3.173008580125691 -0.0008719727142954854
3.2358404331974873 -0.002615679529776696
3.2986722862692828 -0.004358651088140598
3.3615041393410787 -0.006100332362579415
3.4243359924128747 -0.00784007059448114
3.48716784548467 -0.009577075318947192
3.549999698556466 -0.011310377545751179
3.612831551628262 -0.013038787909282422
3.675663404700058 -0.014760853645119606
3.7384952577718535 -0.01647481430802621
3.8013271108436495 -0.018178556218258243
3.8641589639154454 -0.019869565712259715
3.9269908169872414 -0.02154488138244888
3.989822670059038 -0.02320104562130012
4.052654523130833 -0.024834055939708652
4.115486376202629 -0.026439316710838705
4.178318229274425 -0.02801159219995254
4.241150082346222 -0.02954496197893505
4.303981935418017 -0.031032780090913422
4.366813788489813 -0.0324676396233104
4.429645641561608 -0.03384134466224171
4.4924774946334045 -0.035144891929648835
4.5553093477052 -0.036368464735340854
4.618141200776996 -0.037501442192939945
4.680973053848792 -0.038532426929903704
4.743804906920587 -0.039449294739696036
4.806636759992383 -0.04023926974488025
4.869468613064179 -0.04088902862352803
4.932300466135976 -0.0413848372528449
4.995132319207771 -0.04171272269519303
5.057964172279567 -0.04185868274451936
5.120796025351362 -0.041808934221859155
5.183627878423159 -0.04155019982386375
5.246459731494955 -0.0410700315728735
5.3092915845667505 -0.04035716680193651
5.372123437638546 -0.039401910179463394
5.434955290710342 -0.038196532624931896
5.497787143782137 -0.03673567522677495
5.560618996853934 -0.03501674363361666
5.62345084992573 -0.0330402760827301
5.686282702997525 -0.030810266519771912
5.749114556069321 -0.028334423427552838
5.811946409141116 -0.0256243452766563
5.874778262212914 -0.022695595141003593
5.937610115284709 -0.019567660099017416
6.000441968356505 -0.016263785551503773
6.0632738214283 -0.01281068036573473
6.126105674500097 -0.009238095478234943
6.188937527571893 -0.005578285789156732
6.2517693806436885 -0.0018653722852286039