0.031415926535897934 0.0013564519477582428
0.0942477796076938 0.004064546572024966
0.15707963267948966 0.006758224802142541
0.21991148575128552 0.00942791381571898
0.2827433388230814 0.012064098096310488
0.34557519189487723 0.014657342644436801
0.4084070449666731 0.017198316472197266
0.47123889803846897 0.019677816455200954
0.5340707511102649 0.02208679160982389
0.5969026041820606 0.02441636785663375
0.6597344572538566 0.02665787332202422
0.7225663103256523 0.028802864219607722
0.7853981633974483 0.030843151340552242
0.8482300164692442 0.03277082716774136
0.91106186954104 0.034578293612277156
0.9738937226128359 0.03625829035237159
1.0367255756846319 0.03780392373405355
1.0995574287564276 0.03920869617038786
1.1623892818282235 0.040466535951133246
1.2252211349000193 0.04157182734811997
1.2880529879718152 0.0425194408733319
1.350884841043611 0.043304763517063846
1.413716694115407 0.04392372876299884
1.4765485471872026 0.04437284614614152
1.5393804002589986 0.044649230088847885
1.6022122533307945 0.044750627720444226
1.6650441064025903 0.044675445357902015
1.7278759594743862 0.044422773299631825
1.7907078125461822 0.04399240856258622
1.853539665617978 0.04338487517552471
1.9163715186897736 0.042601441629434744
1.9792033717615696 0.0416441350807146
2.0420352248333655 0.04051575190467922
2.104867077905162 0.03921986420705229
2.1676989309769574 0.03776082192002291
2.230530784048753 0.03614375013761783
2.2933626371205493 0.03437454138284868
2.356194490192345 0.032459842546305934
2.4190263432641403 0.030407036292302538
2.4818581963359367 0.028224216793711874
2.5446900494077322 0.025920159729375274
2.607521902479528 0.023504286557152136
2.670353755551324 0.020986623159812527
2.7331856086231197 0.018377753048243902
2.796017461694916 0.01568876539485472
2.8588493147667116 0.012931198257442973
2.9216811678385075 0.010116977437896772
2.9845130209103035 0.007258351498659787
3.047344873982099 0.004367823530718011
3.1101767270538954 0.0014580803279341868
3.173008580125691 -0.0014580803279341868
3.2358404331974873 -0.004367823530718011
3.2986722862692828 -0.007258351498659787
3.3615041393410787 -0.010116977437896772
3.4243359924128747 -0.012931198257442973
3.48716784548467 -0.01568876539485472
3.549999698556466 -0.018377753048243843
3.612831551628262 -0.020986623159812527
3.675663404700058 -0.023504286557152136
3.7384952577718535 -0.025920159729375274
3.8013271108436495 -0.028224216793711874
3.8641589639154454 -0.030407036292302552
3.9269908169872414 -0.032459842546305934
3.989822670059038 -0.03437454138284872
4.052654523130833 -0.03614375013761783
4.115486376202629 -0.03776082192002291
4.178318229274425 -0.03921986420705227
4.241150082346222 -0.04051575190467921
4.303981935418017 -0.041644135080714684
4.366813788489813 -0.042601441629434744
4.429645641561608 -0.04338487517552472
4.4924774946334045 -0.0439924085625862
4.5553093477052 -0.044422773299631825
4.618141200776996 -0.04467544535790208
4.680973053848792 -0.04475062772044414
4.743804906920587 -0.044649230088847885
4.806636759992383 -0.0443728461461416
4.869468613064179 -0.04392372876299884
4.932300466135976 -0.043304763517063895
4.995132319207771 -0.04251944087333201
5.057964172279567 -0.04157182734811997
5.120796025351362 -0.04046653595113322
5.183627878423159 -0.03920869617038786
5.246459731494955 -0.03780392373405362
5.3092915845667505 -0.03625829035237159
5.372123437638546 -0.034578293612277156
5.434955290710342 -0.03277082716774138
5.497787143782137 -0.030843151340552332
5.560618996853934 -0.028802864219607642
5.62345084992573 -0.02665787332202422
5.686282702997525 -0.02441636785663375
5.749114556069321 -0.02208679160982396
5.811946409141116 -0.01967781645520091
5.874778262212914 -0.017198316472197266
5.937610115284709 -0.014657342644436801
6.000441968356505 -0.012064098096310488
6.0632738214283 -0.009427913815718982
6.126105674500097 -0.006758224802142541
6.188937527571893 -0.004064546572024965
6.2517693806436885 -0.0013564519477582428