0.031415926535897934 0.006957479428534689
0.0942477796076938 0.02085300757067724
0.15707963267948966 0.03469025155370004
0.21991148575128552 0.048430381572131656
0.2827433388230814 0.06203460618387854
0.34557519189487723 0.07546418557501014
0.4084070449666731 0.08868044296283098
0.47123889803846897 0.10164477391374724
0.5340707511102649 0.11431865357643375
0.5969026041820606 0.12666364209654954
0.6597344572538566 0.1386413887820565
0.7225663103256523 0.15021363592256237
0.7853981633974483 0.1613422235257177
0.8482300164692442 0.17198909661133127
0.91106186954104 0.18211631709128126
0.9738937226128359 0.19168608265107095
1.0367255756846319 0.20066075542617612
1.0995574287564276 0.2090029036206468
1.1623892818282235 0.21667535953233538
1.2252211349000193 0.2236412977119491
1.2880529879718152 0.22986433717280758
1.350884841043611 0.23530867166304617
1.413716694115407 0.23993923198794612
1.4765485471872026 0.24372188420071583
1.5393804002589986 0.246623667137515
1.6022122533307945 0.24861307222838935
1.6650441064025903 0.24966036774273756
1.7278759594743862 0.24973796860180664
1.7907078125461822 0.2488208515933672
1.853539665617978 0.2468870142461979
1.9163715186897736 0.24391797376848134
1.9792033717615696 0.2398993003459558
2.0420352248333655 0.2348211767750127
2.104867077905162 0.22867897393991252
2.1676989309769574 0.22147382912583785
2.230530784048753 0.21321321171231492
2.2933626371205493 0.20391145856215953
2.356194490192345 0.19359025957821724
2.4190263432641403 0.18227907262525433
2.4818581963359367 0.17001544648971403
2.5446900494077322 0.15684523094358724
2.607521902479528 0.14282265442619654
2.670353755551324 0.12801025244431954
2.7331856086231197 0.11247863353353664
2.796017461694916 0.09630607445626574
2.8588493147667116 0.07957794207833502
2.9216811678385075 0.06238594581912819
2.9845130209103035 0.04482723138240294
3.047344873982099 0.027003333256452034
3.1101767270538954 0.009019009801399157
3.173008580125691 -0.009019009801399157
3.2358404331974873 -0.027003333256452034
3.2986722862692828 -0.04482723138240294
3.3615041393410787 -0.06238594581912819
3.4243359924128747 -0.07957794207833502
3.48716784548467 -0.09630607445626574
3.549999698556466 -0.11247863353353647
3.612831551628262 -0.12801025244431954
3.675663404700058 -0.14282265442619654
3.7384952577718535 -0.15684523094358718
3.8013271108436495 -0.17001544648971403
3.8641589639154454 -0.18227907262525417
3.9269908169872414 -0.19359025957821724
3.989822670059038 -0.20391145856215978
4.052654523130833 -0.21321321171231492
4.115486376202629 -0.22147382912583785
4.178318229274425 -0.22867897393991266
4.241150082346222 -0.23482117677501285
4.303981935418017 -0.23989930034595586
4.366813788489813 -0.24391797376848134
4.429645641561608 -0.24688701424619777
4.4924774946334045 -0.2488208515933673
4.5553093477052 -0.24973796860180664
4.618141200776996 -0.2496603677427376
4.680973053848792 -0.2486130722283894
4.743804906920587 -0.246623667137515
4.806636759992383 -0.24372188420071597
4.869468613064179 -0.23993923198794612
4.932300466135976 -0.23530867166304617
4.995132319207771 -0.2298643371728076
5.057964172279567 -0.2236412977119491
5.120796025351362 -0.21667535953233538
5.183627878423159 -0.2090029036206468
5.246459731494955 -0.20066075542617604
5.3092915845667505 -0.19168608265107095
5.372123437638546 -0.18211631709128126
5.434955290710342 -0.1719890966113314
5.497787143782137 -0.16134222352571775
5.560618996853934 -0.15021363592256215
5.62345084992573 -0.1386413887820565
5.686282702997525 -0.12666364209654954
5.749114556069321 -0.11431865357643375
5.811946409141116 -0.1016447739137475
5.874778262212914 -0.08868044296283098
5.937610115284709 -0.07546418557501014
6.000441968356505 -0.06203460618387854
6.0632738214283 -0.048430381572131746
6.126105674500097 -0.03469025155370004
6.188937527571893 -0.02085300757067709
6.2517693806436885 -0.006957479428534689