0.031415926535897934 0.008759903706075095
0.0942477796076938 0.02623049094150207
0.15707963267948966 0.043553865390641586
0.21991148575128552 0.06063337153378472
0.2827433388230814 0.07737456193000855
0.34557519189487723 0.09368603784248092
0.4084070449666731 0.10948024785291775
0.47123889803846897 0.12467423334328573
0.5340707511102649 0.13919031043145694
0.5969026041820606 0.15295667885544345
0.6597344572538566 0.16590794941905607
0.7225663103256523 0.1779855829428719
0.7853981633974483 0.1891382351994604
0.8482300164692442 0.19932200402898803
0.91106186954104 0.20850057669498964
0.9738937226128359 0.21664527750174717
1.0367255756846319 0.22373501769515464
1.0995574287564276 0.22975615164155583
1.1623892818282235 0.2347022451539996
1.2252211349000193 0.2385737635442186
1.2880529879718152 0.24137768845898905
1.350884841043611 0.24312707375910264
1.413716694115407 0.24384055157922715
1.4765485471872026 0.24354180024448066
1.5393804002589986 0.24225898590833098
1.6022122533307945 0.24002418962670577
1.6650441064025903 0.23687283112017415
1.7278759594743862 0.23284309973760126
1.7907078125461822 0.2279754021681212
1.853539665617978 0.2223118353070707
1.9163715186897736 0.2158956914216408
1.9792033717615696 0.20877100143872676
2.0420352248333655 0.2009821208424558
2.104867077905162 0.19257336136801878
2.1676989309769574 0.18358867045017113
2.230530784048753 0.17407135925918085
2.2933626371205493 0.16406387915557474
2.356194490192345 0.15360764553082076
2.4190263432641403 0.1427429072795075
2.4818581963359367 0.1315086595682515
2.5446900494077322 0.11994259712061113
2.607521902479528 0.1080811049144656
2.670353755551324 0.09595928297434048
2.7331856086231197 0.0836110018197249
2.796017461694916 0.07106898508437785
2.8588493147667116 0.058364915833660255
2.9216811678385075 0.045529563160433946
2.9845130209103035 0.03259292571958445
3.047344873982099 0.019584388952842154
3.1101767270538954 0.006532892847284716
3.173008580125691 -0.006532892847284716
3.2358404331974873 -0.019584388952842154
3.2986722862692828 -0.03259292571958445
3.3615041393410787 -0.045529563160433946
3.4243359924128747 -0.058364915833660255
3.48716784548467 -0.07106898508437785
3.549999698556466 -0.08361100181972476
3.612831551628262 -0.09595928297434048
3.675663404700058 -0.1080811049144656
3.7384952577718535 -0.11994259712061107
3.8013271108436495 -0.1315086595682515
3.8641589639154454 -0.14274290727950736
3.9269908169872414 -0.15360764553082076
3.989822670059038 -0.16406387915557485
4.052654523130833 -0.17407135925918085
4.115486376202629 -0.18358867045017113
4.178318229274425 -0.19257336136801884
4.241150082346222 -0.2009821208424559
4.303981935418017 -0.2087710014387267
4.366813788489813 -0.2158956914216408
4.429645641561608 -0.22231183530707063
4.4924774946334045 -0.22797540216812137
4.5553093477052 -0.23284309973760126
4.618141200776996 -0.2368728311201742
4.680973053848792 -0.24002418962670577
4.743804906920587 -0.24225898590833092
4.806636759992383 -0.24354180024448047
4.869468613064179 -0.24384055157922715
4.932300466135976 -0.24312707375910267
4.995132319207771 -0.24137768845898905
5.057964172279567 -0.2385737635442185
5.120796025351362 -0.2347022451539995
5.183627878423159 -0.22975615164155583
5.246459731494955 -0.2237350176951545
5.3092915845667505 -0.21664527750174717
5.372123437638546 -0.20850057669498964
5.434955290710342 -0.1993220040289881
5.497787143782137 -0.1891382351994606
5.560618996853934 -0.17798558294287184
5.62345084992573 -0.16590794941905607
5.686282702997525 -0.15295667885544345
5.749114556069321 -0.13919031043145705
5.811946409141116 -0.12467423334328596
5.874778262212914 -0.10948024785291775
5.937610115284709 -0.09368603784248092
6.000441968356505 -0.07737456193000855
6.0632738214283 -0.060633371533784904
6.126105674500097 -0.043553865390641586
6.188937527571893 -0.026230490941501892
6.2517693806436885 -0.008759903706075095