0.031415926535897934 0.005195624948773268
0.0942477796076938 0.015557371804748879
0.15707963267948966 0.025830906490251625
0.21991148575128552 0.035958405046864546
0.2827433388230814 0.04588350000226582
0.34557519189487723 0.05555182409706485
0.4084070449666731 0.0649115165759141
0.47123889803846897 0.07391368332083492
0.5340707511102649 0.08251280346440447
0.5969026041820606 0.09066707665728625
0.6597344572538566 0.09833870681544835
0.7225663103256523 0.10549411987216542
0.7853981633974483 0.11210411474493098
0.8482300164692442 0.11814394833863491
0.91106186954104 0.1235933568919159
0.9738937226128359 0.12843651729084696
1.0367255756846319 0.13266195309087173
1.0995574287564276 0.1362623908831706
1.1623892818282235 0.13923457330530128
1.2252211349000193 0.14157903542831335
1.2880529879718152 0.14329985146293683
1.350884841043611 0.14440435873288618
1.413716694115407 0.14490286568668267
1.4765485471872026 0.14480835038760917
1.5393804002589986 0.14413615546376304
1.6022122533307945 0.14290368494664615
1.6650441064025903 0.14113010780661675
1.7278759594743862 0.13883607233429798
1.7907078125461822 0.13604343484344816
1.853539665617978 0.13277500550430693
1.9163715186897736 0.12905431347490795
1.9792033717615696 0.12490539289535262
2.0420352248333655 0.12035259075707834
2.104867077905162 0.1154203971627165
2.1676989309769574 0.11013329805619823
2.230530784048753 0.10451565012859307
2.2933626371205493 0.09859157729178596
2.356194490192345 0.09238488785675213
2.4190263432641403 0.08591901135174695
2.4818581963359367 0.07921695376309644
2.5446900494077322 0.07230126987171581
2.607521902479528 0.065194051285984
2.670353755551324 0.05791692873004766
2.7331856086231197 0.05049108713005963
2.796017461694916 0.04293729204360195
2.8588493147667116 0.035275925994340776
2.9216811678385075 0.02752703330003316
2.9845130209103035 0.019710372013116
3.047344873982099 0.011845471625573398
3.1101767270538954 0.003951695220525974
3.173008580125691 -0.003951695220525974
3.2358404331974873 -0.011845471625573398
3.2986722862692828 -0.019710372013116
3.3615041393410787 -0.02752703330003316
3.4243359924128747 -0.035275925994340776
3.48716784548467 -0.04293729204360195
3.549999698556466 -0.05049108713005963
3.612831551628262 -0.05791692873004766
3.675663404700058 -0.065194051285984
3.7384952577718535 -0.07230126987171588
3.8013271108436495 -0.07921695376309644
3.8641589639154454 -0.08591901135174686
3.9269908169872414 -0.09238488785675213
3.989822670059038 -0.09859157729178611
4.052654523130833 -0.10451565012859307
4.115486376202629 -0.11013329805619823
4.178318229274425 -0.11542039716271661
4.241150082346222 -0.12035259075707842
4.303981935418017 -0.1249053928953526
4.366813788489813 -0.12905431347490795
4.429645641561608 -0.13277500550430693
4.4924774946334045 -0.1360434348434482
4.5553093477052 -0.13883607233429798
4.618141200776996 -0.14113010780661672
4.680973053848792 -0.1429036849466461
4.743804906920587 -0.14413615546376315
4.806636759992383 -0.1448083503876092
4.869468613064179 -0.14490286568668267
4.932300466135976 -0.14440435873288612
4.995132319207771 -0.1432998514629367
5.057964172279567 -0.14157903542831324
5.120796025351362 -0.13923457330530128
5.183627878423159 -0.1362623908831706
5.246459731494955 -0.13266195309087186
5.3092915845667505 -0.12843651729084696
5.372123437638546 -0.1235933568919159
5.434955290710342 -0.11814394833863495
5.497787143782137 -0.11210411474493116
5.560618996853934 -0.1054941198721654
5.62345084992573 -0.09833870681544835
5.686282702997525 -0.09066707665728625
5.749114556069321 -0.08251280346440465
5.811946409141116 -0.07391368332083516
5.874778262212914 -0.06491151657591394
5.937610115284709 -0.05555182409706485
6.000441968356505 -0.04588350000226582
6.0632738214283 -0.035958405046864636
6.126105674500097 -0.025830906490251625
6.188937527571893 -0.015557371804748879
6.2517693806436885 -0.005195624948773268