0.031415926535897934 0.00698338720384395
0.0942477796076938 0.020920959824914525
0.15707963267948966 0.03477107315557798
0.21991148575128552 0.04847590664902856
0.2827433388230814 0.061978363872172856
0.34557519189487723 0.0752223535211108
0.4084070449666731 0.08815306199757666
0.47123889803846897 0.10071721540135371
0.5340707511102649 0.1128633289819935
0.5969026041820606 0.12454194231134255
0.6597344572538566 0.13570583868003408
0.7225663103256523 0.14631024747929292
0.7853981633974483 0.15631302859701474
0.8482300164692442 0.1656748381269729
0.91106186954104 0.17435927495531753
0.9738937226128359 0.1823330080429526
1.0367255756846319 0.18956588446021513
1.0995574287564276 0.19603101844677942
1.1623892818282235 0.20170486196102771
1.2252211349000193 0.20656725734647577
1.2880529879718152 0.21060147287649128
1.350884841043611 0.2137942220417911
1.413716694115407 0.21613566751835797
1.4765485471872026 0.21761941079763983
1.5393804002589986 0.21824246847817952
1.6022122533307945 0.21800523621079007
1.6650441064025903 0.21691144126117642
1.7278759594743862 0.2149680846080267
1.7907078125461822 0.2121853734347753
1.853539665617978 0.2085766448033042
1.9163715186897736 0.20415828122153795
1.9792033717615696 0.19894961873782815
2.0420352248333655 0.19297284811651638
2.104867077905162 0.1862529095741172
2.1676989309769574 0.1788173814867019
2.230530784048753 0.17069636341841168
2.2933626371205493 0.16192235377014788
2.356194490192345 0.1525301223074709
2.4190263432641403 0.1425565777981429
2.4818581963359367 0.13204063097266186
2.5446900494077322 0.12102305301513881
2.607521902479528 0.1095463297961935
2.670353755551324 0.09765451207299704
2.7331856086231197 0.08539306190270755
2.796017461694916 0.0728086955426421
2.8588493147667116 0.05994922314174834
2.9216811678385075 0.04686338556134863
2.9845130209103035 0.03360068869683203
3.047344873982099 0.020211235704079678
3.1101767270538954 0.006745557563261324
3.173008580125691 -0.006745557563261324
3.2358404331974873 -0.020211235704079678
3.2986722862692828 -0.03360068869683203
3.3615041393410787 -0.04686338556134863
3.4243359924128747 -0.05994922314174834
3.48716784548467 -0.0728086955426421
3.549999698556466 -0.0853930619027074
3.612831551628262 -0.09765451207299704
3.675663404700058 -0.1095463297961935
3.7384952577718535 -0.12102305301513874
3.8013271108436495 -0.13204063097266186
3.8641589639154454 -0.14255657779814288
3.9269908169872414 -0.1525301223074709
3.989822670059038 -0.16192235377014808
4.052654523130833 -0.17069636341841168
4.115486376202629 -0.1788173814867019
4.178318229274425 -0.1862529095741173
4.241150082346222 -0.1929728481165164
4.303981935418017 -0.19894961873782815
4.366813788489813 -0.20415828122153795
4.429645641561608 -0.2085766448033042
4.4924774946334045 -0.2121853734347753
4.5553093477052 -0.2149680846080267
4.618141200776996 -0.2169114412611765
4.680973053848792 -0.21800523621079007
4.743804906920587 -0.21824246847817963
4.806636759992383 -0.21761941079763986
4.869468613064179 -0.21613566751835797
4.932300466135976 -0.2137942220417911
4.995132319207771 -0.2106014728764912
5.057964172279567 -0.20656725734647577
5.120796025351362 -0.20170486196102758
5.183627878423159 -0.19603101844677942
5.246459731494955 -0.18956588446021513
5.3092915845667505 -0.1823330080429526
5.372123437638546 -0.17435927495531753
5.434955290710342 -0.16567483812697303
5.497787143782137 -0.1563130285970149
5.560618996853934 -0.1463102474792927
5.62345084992573 -0.13570583868003408
5.686282702997525 -0.12454194231134255
5.749114556069321 -0.11286332898199344
5.811946409141116 -0.10071721540135399
5.874778262212914 -0.0881530619975765
5.937610115284709 -0.0752223535211108
6.000441968356505 -0.061978363872172856
6.0632738214283 -0.04847590664902867
6.126105674500097 -0.03477107315557798
6.188937527571893 -0.020920959824914424
6.2517693806436885 -0.00698338720384395