0.031415926535897934 0.003646209967453861
0.0942477796076938 0.010909709341363654
0.15707963267948966 0.018086929130218452
0.21991148575128552 0.02512194162471952
0.2827433388230814 0.0319611554416151
0.34557519189487723 0.03855414924672894
0.4084070449666731 0.04485441051414071
0.47123889803846897 0.050819960084047114
0.5340707511102649 0.05641384845605765
0.5969026041820606 0.06160451533378864
0.6597344572538566 0.06636600958119432
0.7225663103256523 0.07067807214049719
0.7853981633974483 0.07452608931739092
0.8482300164692442 0.07790092794258884
0.91106186954104 0.08079866712123583
0.9738937226128359 0.08322024350823749
1.0367255756846319 0.0851710282934312
1.0995574287564276 0.08666035440236737
1.1623892818282235 0.08770101192162974
1.2252211349000193 0.0883087285814102
1.2880529879718152 0.08850165043066477
1.350884841043611 0.08829983578472261
1.413716694115407 0.0877247732678448
1.4765485471872026 0.08679893245406554
1.5393804002589986 0.08554535334676078
1.6022122533307945 0.08398727882352368
1.6650441064025903 0.08214783227495262
1.7278759594743862 0.08004974102608373
1.7907078125461822 0.07771510476784166
1.853539665617978 0.07516520714520968
1.9163715186897736 0.07242036783679738
1.9792033717615696 0.06949983189481147
2.0420352248333655 0.06642169276620843
2.104867077905162 0.06320284525265908
2.1676989309769574 0.05985896465561359
2.230530784048753 0.0564045084609803
2.2933626371205493 0.052852737115922324
2.356194490192345 0.049215750711461705
2.4190263432641403 0.045504538686158676
2.4818581963359367 0.041729039989096064
2.5446900494077322 0.03789821146945108
2.607521902479528 0.034020102583202295
2.670353755551324 0.0301019348161066
2.7331856086231197 0.026150184509695366
2.796017461694916 0.02217066803946365
2.8588493147667116 0.018168628529164635
2.9216811678385075 0.014148823490891435
2.9845130209103035 0.0101156129571368
3.047344873982099 0.006073047818519631
3.1101767270538954 0.0020249582000030826
3.173008580125691 -0.0020249582000030826
3.2358404331974873 -0.006073047818519631
3.2986722862692828 -0.0101156129571368
3.3615041393410787 -0.014148823490891435
3.4243359924128747 -0.018168628529164635
3.48716784548467 -0.02217066803946365
3.549999698556466 -0.026150184509695366
3.612831551628262 -0.0301019348161066
3.675663404700058 -0.034020102583202295
3.7384952577718535 -0.03789821146945108
3.8013271108436495 -0.041729039989096064
3.8641589639154454 -0.045504538686158676
3.9269908169872414 -0.049215750711461705
3.989822670059038 -0.052852737115922414
4.052654523130833 -0.0564045084609803
4.115486376202629 -0.05985896465561359
4.178318229274425 -0.06320284525265908
4.241150082346222 -0.06642169276620832
4.303981935418017 -0.06949983189481147
4.366813788489813 -0.07242036783679738
4.429645641561608 -0.07516520714520968
4.4924774946334045 -0.07771510476784176
4.5553093477052 -0.08004974102608373
4.618141200776996 -0.08214783227495272
4.680973053848792 -0.08398727882352368
4.743804906920587 -0.0855453533467607
4.806636759992383 -0.08679893245406554
4.869468613064179 -0.0877247732678448
4.932300466135976 -0.08829983578472261
4.995132319207771 -0.08850165043066467
5.057964172279567 -0.0883087285814101
5.120796025351362 -0.08770101192162984
5.183627878423159 -0.08666035440236737
5.246459731494955 -0.08517102829343119
5.3092915845667505 -0.08322024350823749
5.372123437638546 -0.08079866712123583
5.434955290710342 -0.07790092794258892
5.497787143782137 -0.07452608931739092
5.560618996853934 -0.07067807214049711
5.62345084992573 -0.06636600958119432
5.686282702997525 -0.06160451533378864
5.749114556069321 -0.05641384845605765
5.811946409141116 -0.0508199600840472
5.874778262212914 -0.04485441051414071
5.937610115284709 -0.03855414924672894
6.000441968356505 -0.0319611554416151
6.0632738214283 -0.025121941624719615
6.126105674500097 -0.018086929130218452
6.188937527571893 -0.010909709341363566
6.2517693806436885 -0.003646209967453861