0.031415926535897934 0.006573476839855178
0.0942477796076938 0.019678445573325366
0.15707963267948966 0.032657945053440524
0.21991148575128552 0.04542993833029189
0.2827433388230814 0.05791476961841592
0.34557519189487723 0.0700360522657874
0.4084070449666731 0.08172149415010894
0.47123889803846897 0.09290364533155743
0.5340707511102649 0.10352055474535529
0.5969026041820606 0.11351632501576515
0.6597344572538566 0.12284155705529878
0.7225663103256523 0.1314536789055319
0.7853981633974483 0.1393171561931561
0.8482300164692442 0.14640358452172028
0.91106186954104 0.15269166699543846
0.9738937226128359 0.15816708277605285
1.0367255756846319 0.1628222550121431
1.0995574287564276 0.1666560285691508
1.1623892818282235 0.16967326966103474
1.2252211349000193 0.17188440069487707
1.2880529879718152 0.17330488436519986
1.350884841043611 0.17395467127636052
1.413716694115407 0.17385762515320813
1.4765485471872026 0.17304093906638549
1.5393804002589986 0.17153455510957935
1.6022122533307945 0.1693705986932969
1.6650441064025903 0.1665828371412394
1.7278759594743862 0.1632061706698748
1.7907078125461822 0.15927616217486432
1.853539665617978 0.15482861060772507
1.9163715186897736 0.1498991711608154
1.9792033717615696 0.1445230240349702
2.0420352248333655 0.13873459227617935
2.104867077905162 0.13256730805767147
2.1676989309769574 0.12605342586251353
2.230530784048753 0.11922388029033829
2.2933626371205493 0.11210818566297441
2.356194490192345 0.10473437422413144
2.4190263432641403 0.09712896950003014
2.4818581963359367 0.08931699129028747
2.5446900494077322 0.08132198876946714
2.607521902479528 0.07316609827740722
2.670353755551324 0.0648701225394262
2.7331856086231197 0.05645362826600507
2.796017461694916 0.04793505931768117
2.8588493147667116 0.03933186286895245
2.9216811678385075 0.03066062625152173
2.9845130209103035 0.02193722239092262
3.047344873982099 0.013176961962223791
3.1101767270538954 0.004394750572781455
3.173008580125691 -0.004394750572781455
3.2358404331974873 -0.013176961962223791
3.2986722862692828 -0.02193722239092262
3.3615041393410787 -0.03066062625152173
3.4243359924128747 -0.03933186286895245
3.48716784548467 -0.04793505931768117
3.549999698556466 -0.05645362826600507
3.612831551628262 -0.0648701225394262
3.675663404700058 -0.07316609827740722
3.7384952577718535 -0.08132198876946706
3.8013271108436495 -0.08931699129028747
3.8641589639154454 -0.09712896950003014
3.9269908169872414 -0.10473437422413144
3.989822670059038 -0.11210818566297445
4.052654523130833 -0.11922388029033829
4.115486376202629 -0.12605342586251353
4.178318229274425 -0.13256730805767153
4.241150082346222 -0.13873459227617935
4.303981935418017 -0.14452302403497025
4.366813788489813 -0.1498991711608154
4.429645641561608 -0.15482861060772504
4.4924774946334045 -0.15927616217486443
4.5553093477052 -0.1632061706698748
4.618141200776996 -0.1665828371412393
4.680973053848792 -0.1693705986932969
4.743804906920587 -0.17153455510957935
4.806636759992383 -0.1730409390663854
4.869468613064179 -0.17385762515320813
4.932300466135976 -0.17395467127636052
4.995132319207771 -0.17330488436519983
5.057964172279567 -0.17188440069487707
5.120796025351362 -0.1696732696610348
5.183627878423159 -0.1666560285691508
5.246459731494955 -0.16282225501214298
5.3092915845667505 -0.15816708277605285
5.372123437638546 -0.15269166699543846
5.434955290710342 -0.14640358452172034
5.497787143782137 -0.13931715619315632
5.560618996853934 -0.13145367890553175
5.62345084992573 -0.12284155705529878
5.686282702997525 -0.11351632501576515
5.749114556069321 -0.10352055474535539
5.811946409141116 -0.09290364533155743
5.874778262212914 -0.08172149415010903
5.937610115284709 -0.0700360522657874
6.000441968356505 -0.05791476961841592
6.0632738214283 -0.04542993833029206
6.126105674500097 -0.032657945053440524
6.188937527571893 -0.019678445573325366
6.2517693806436885 -0.006573476839855178