0.031415926535897934 0.008289869239674218
0.0942477796076938 0.024822057039622137
0.15707963267948966 0.041212059256606114
0.21991148575128552 0.05736663250541284
0.2827433388230814 0.07319482661897724
0.34557519189487723 0.08860884800127825
0.4084070449666731 0.10352487052368993
0.47123889803846897 0.11786378105051551
0.5340707511102649 0.13155184816782695
0.5969026041820606 0.14452130443442723
0.6597344572538566 0.15671083443006964
0.7225663103256523 0.16806596299192897
0.7853981633974483 0.17853934024749296
0.8482300164692442 0.18809092230771948
0.91106186954104 0.1966880487133706
0.9738937226128359 0.20430541986493148
1.0367255756846319 0.2109249796505442
1.0995574287564276 0.21653571026083623
1.1623892818282235 0.22113334769680507
1.2252211349000193 0.22472002770010438
1.2880529879718152 0.22730387273956645
1.350884841043611 0.2288985312621744
1.413716694115407 0.22952268066283923
1.4765485471872026 0.22919950535970507
1.5393804002589986 0.22795616100595267
1.6022122533307945 0.22582323526008066
1.6650441064025903 0.22283421471615233
1.7278759594743862 0.2190249666095455
1.7907078125461822 0.21443324281012338
1.853539665617978 0.20909821244055352
1.9163715186897736 0.2030600282570997
1.9792033717615696 0.19635943074348916
2.0420352248333655 0.189037392729606
2.104867077905162 0.18113480628354306
2.1676989309769574 0.17269221265891035
2.230530784048753 0.1637495752235339
2.2933626371205493 0.1543460945587601
2.356194490192345 0.14452006430283948
2.4190263432641403 0.1343087658147684
2.4818581963359367 0.12374839935010915
2.5446900494077322 0.11287404915814571
2.607521902479528 0.10171967971868387
2.670353755551324 0.09031816022390178
2.7331856086231197 0.07870131436229763
2.796017461694916 0.06689999246441282
2.8588493147667116 0.054944163110464225
2.9216811678385075 0.04286302136603581
2.9845130209103035 0.030685110892388626
3.047344873982099 0.018438457262879546
3.1101767270538954 0.006150709898026325
3.173008580125691 -0.006150709898026325
3.2358404331974873 -0.018438457262879546
3.2986722862692828 -0.030685110892388626
3.3615041393410787 -0.04286302136603581
3.4243359924128747 -0.054944163110464225
3.48716784548467 -0.06689999246441282
3.549999698556466 -0.07870131436229756
3.612831551628262 -0.09031816022390178
3.675663404700058 -0.10171967971868387
3.7384952577718535 -0.11287404915814563
3.8013271108436495 -0.12374839935010915
3.8641589639154454 -0.13430876581476833
3.9269908169872414 -0.14452006430283948
3.989822670059038 -0.1543460945587603
4.052654523130833 -0.1637495752235339
4.115486376202629 -0.17269221265891035
4.178318229274425 -0.18113480628354311
4.241150082346222 -0.189037392729606
4.303981935418017 -0.19635943074348913
4.366813788489813 -0.2030600282570997
4.429645641561608 -0.20909821244055343
4.4924774946334045 -0.2144332428101234
4.5553093477052 -0.2190249666095455
4.618141200776996 -0.2228342147161523
4.680973053848792 -0.22582323526008072
4.743804906920587 -0.22795616100595267
4.806636759992383 -0.22919950535970504
4.869468613064179 -0.22952268066283923
4.932300466135976 -0.22889853126217435
4.995132319207771 -0.2273038727395664
5.057964172279567 -0.2247200277001043
5.120796025351362 -0.22113334769680493
5.183627878423159 -0.21653571026083623
5.246459731494955 -0.21092497965054405
5.3092915845667505 -0.20430541986493148
5.372123437638546 -0.1966880487133706
5.434955290710342 -0.18809092230771965
5.497787143782137 -0.17853934024749313
5.560618996853934 -0.16806596299192886
5.62345084992573 -0.15671083443006964
5.686282702997525 -0.14452130443442723
5.749114556069321 -0.131551848167827
5.811946409141116 -0.11786378105051588
5.874778262212914 -0.1035248705236899
5.937610115284709 -0.08860884800127825
6.000441968356505 -0.07319482661897724
6.0632738214283 -0.05736663250541293
6.126105674500097 -0.041212059256606114
6.188937527571893 -0.024822057039622043
6.2517693806436885 -0.008289869239674218