0.031415926535897934 0.009443262591041113
0.0942477796076938 0.028286580155811508
0.15707963267948966 0.04700054578358993
0.21991148575128552 0.0654998250041542
0.2827433388230814 0.0837004234941931
0.34557519189487723 0.10152020314207567
0.4084070449666731 0.1188793785241064
0.47123889803846897 0.13570098876454562
0.5340707511102649 0.1519113401607939
0.5969026041820606 0.1674404154361468
0.6597344572538566 0.18222224602484285
0.7225663103256523 0.1961952443859086
0.7853981633974483 0.20930249397082462
0.8482300164692442 0.22149199512198023
0.91106186954104 0.2327168658407264
0.9738937226128359 0.2429354970221838
1.0367255756846319 0.2521116623958905
1.0995574287564276 0.2602145840247631
1.1623892818282235 0.26721895478865365
1.2252211349000193 0.27310491980331103
1.2880529879718152 0.27785801919262904
1.350884841043611 0.28146909503520184
1.413716694115407 0.28393416564069096
1.4765485471872026 0.28525427057443226
1.5393804002589986 0.28543529003893187
1.6022122533307945 0.2844877423389905
1.6650441064025903 0.28242656320527393
1.7278759594743862 0.2792708707327658
1.7907078125461822 0.27504371961042917
1.853539665617978 0.26977184818229216
1.9163715186897736 0.26348542169453787
1.9792033717615696 0.25621777485502756
2.0420352248333655 0.24800515656828545
2.104867077905162 0.23888647941768187
2.1676989309769574 0.22890307615462646
2.230530784048753 0.21809846512892228
2.2933626371205493 0.20651812626160002
2.356194490192345 0.1942092888274699
2.4190263432641403 0.18122073198467803
2.4818581963359367 0.16760259866741792
2.5446900494077322 0.15340622314960084
2.607521902479528 0.13868397229508497
2.670353755551324 0.12348910023665127
2.7331856086231197 0.10787561597336699
2.796017461694916 0.09189816314583424
2.8588493147667116 0.07561191104213945
2.9216811678385075 0.059072455704743926
2.9845130209103035 0.04233572985049716
3.047344873982099 0.025457920182479374
3.1101767270538954 0.008495390563483448
3.173008580125691 -0.008495390563483448
3.2358404331974873 -0.025457920182479374
3.2986722862692828 -0.04233572985049716
3.3615041393410787 -0.059072455704743926
3.4243359924128747 -0.07561191104213945
3.48716784548467 -0.09189816314583424
3.549999698556466 -0.1078756159733667
3.612831551628262 -0.12348910023665127
3.675663404700058 -0.13868397229508497
3.7384952577718535 -0.15340622314960053
3.8013271108436495 -0.16760259866741792
3.8641589639154454 -0.18122073198467803
3.9269908169872414 -0.1942092888274699
3.989822670059038 -0.20651812626160013
4.052654523130833 -0.21809846512892228
4.115486376202629 -0.22890307615462646
4.178318229274425 -0.23888647941768196
4.241150082346222 -0.24800515656828553
4.303981935418017 -0.25621777485502756
4.366813788489813 -0.26348542169453787
4.429645641561608 -0.2697718481822923
4.4924774946334045 -0.2750437196104291
4.5553093477052 -0.2792708707327658
4.618141200776996 -0.28242656320527404
4.680973053848792 -0.2844877423389906
4.743804906920587 -0.2854352900389318
4.806636759992383 -0.2852542705744322
4.869468613064179 -0.28393416564069096
4.932300466135976 -0.28146909503520173
4.995132319207771 -0.27785801919262904
5.057964172279567 -0.27310491980331103
5.120796025351362 -0.2672189547886537
5.183627878423159 -0.2602145840247631
5.246459731494955 -0.2521116623958905
5.3092915845667505 -0.2429354970221838
5.372123437638546 -0.2327168658407264
5.434955290710342 -0.22149199512198028
5.497787143782137 -0.2093024939708248
5.560618996853934 -0.19619524438590852
5.62345084992573 -0.18222224602484285
5.686282702997525 -0.1674404154361468
5.749114556069321 -0.15191134016079394
5.811946409141116 -0.13570098876454592
5.874778262212914 -0.1188793785241062
5.937610115284709 -0.10152020314207567
6.000441968356505 -0.0837004234941931
6.0632738214283 -0.06549982500415441
6.126105674500097 -0.04700054578358993
6.188937527571893 -0.028286580155811314
6.2517693806436885 -0.009443262591041113