0.031415926535897934 0.007102934783594738
0.0942477796076938 0.021283357929344642
0.15707963267948966 0.03538752243757255
0.21991148575128552 0.049364857321574994
0.2827433388230814 0.06316519149978915
0.34557519189487723 0.076738909346603
0.4084070449666731 0.09003710204626625
0.47123889803846897 0.10301171384790352
0.5340707511102649 0.11561568252692941
0.5969026041820606 0.12780307359497473
0.6597344572538566 0.13952920805782779
0.7225663103256523 0.15075078378906173
0.7853981633974483 0.16142599085569911
0.8482300164692442 0.17151462139097517
0.91106186954104 0.18097817484766582
0.9738937226128359 0.18977995967358652
1.0367255756846319 0.1978851926194795
1.0995574287564276 0.20526109701015055
1.1623892818282235 0.21187700137509716
1.2252211349000193 0.21770443983886328
1.2880529879718152 0.222717255609317
1.350884841043611 0.22689170877080972
1.413716694115407 0.23020658938734964
1.4765485471872026 0.23264333664889666
1.5393804002589986 0.23418616445415585
1.6022122533307945 0.23482219342041574
1.6650441064025903 0.23454158885208395
1.7278759594743862 0.23333770369411352
1.7907078125461822 0.23120722495664742
1.853539665617978 0.22815032153773868
1.9163715186897736 0.2241707908093824
1.9792033717615696 0.2192762007882037
2.0420352248333655 0.21347802420794926
2.104867077905162 0.20679176036996663
2.1676989309769574 0.19923704029445768
2.230530784048753 0.19083771045360406
2.2933626371205493 0.18162189026052739
2.356194490192345 0.17162199853557852
2.4190263432641403 0.1608747443896938
2.4818581963359367 0.14942107836397636
2.5446900494077322 0.13730610024874101
2.607521902479528 0.12457892076950959
2.670353755551324 0.11129247525838012
2.7331856086231197 0.09750328850419462
2.796017461694916 0.08327119116234331
2.8588493147667116 0.06865898936509482
2.9216811678385075 0.05373209045958769
2.9845130209103035 0.038558089062093154
3.047344873982099 0.023206318800898643
3.1101767270538954 0.007747376174202249
3.173008580125691 -0.007747376174202249
3.2358404331974873 -0.023206318800898643
3.2986722862692828 -0.038558089062093154
3.3615041393410787 -0.05373209045958769
3.4243359924128747 -0.06865898936509482
3.48716784548467 -0.08327119116234331
3.549999698556466 -0.09750328850419454
3.612831551628262 -0.11129247525838012
3.675663404700058 -0.12457892076950959
3.7384952577718535 -0.13730610024874096
3.8013271108436495 -0.14942107836397636
3.8641589639154454 -0.16087474438969365
3.9269908169872414 -0.17162199853557852
3.989822670059038 -0.18162189026052764
4.052654523130833 -0.19083771045360406
4.115486376202629 -0.19923704029445768
4.178318229274425 -0.20679176036996674
4.241150082346222 -0.21347802420794934
4.303981935418017 -0.21927620078820367
4.366813788489813 -0.2241707908093824
4.429645641561608 -0.22815032153773887
4.4924774946334045 -0.23120722495664747
4.5553093477052 -0.23333770369411352
4.618141200776996 -0.23454158885208384
4.680973053848792 -0.23482219342041574
4.743804906920587 -0.23418616445415574
4.806636759992383 -0.23264333664889666
4.869468613064179 -0.23020658938734964
4.932300466135976 -0.22689170877080975
4.995132319207771 -0.22271725560931696
5.057964172279567 -0.21770443983886334
5.120796025351362 -0.21187700137509713
5.183627878423159 -0.20526109701015055
5.246459731494955 -0.19788519261947948
5.3092915845667505 -0.18977995967358652
5.372123437638546 -0.18097817484766582
5.434955290710342 -0.17151462139097526
5.497787143782137 -0.16142599085569925
5.560618996853934 -0.15075078378906168
5.62345084992573 -0.13952920805782779
5.686282702997525 -0.12780307359497473
5.749114556069321 -0.1156156825269295
5.811946409141116 -0.10301171384790372
5.874778262212914 -0.09003710204626614
5.937610115284709 -0.076738909346603
6.000441968356505 -0.06316519149978915
6.0632738214283 -0.04936485732157506
6.126105674500097 -0.03538752243757255
6.188937527571893 -0.021283357929344434
6.2517693806436885 -0.007102934783594738