0.031415926535897934 0.006216128818443788
0.0942477796076938 0.01862912560355967
0.15707963267948966 0.03098436199792982
0.21991148575128552 0.043243404937790914
0.2827433388230814 0.05536793210446067
0.34557519189487723 0.06731977617489353
0.4084070449666731 0.07906096914589962
0.47123889803846897 0.0905537869222773
0.5340707511102649 0.1017607944793136
0.5969026041820606 0.11264489204963823
0.6597344572538566 0.12316936293896052
0.7225663103256523 0.1332979237397299
0.7853981633974483 0.14299477788050124
0.8482300164692442 0.15222467361539221
0.91106186954104 0.16095296771545464
0.9738937226128359 0.16914569626445541
1.0367255756846319 0.17676965407728976
1.0995574287564276 0.183792484341377
1.1623892818282235 0.19018278012086576
1.2252211349000193 0.19591019935092682
1.2880529879718152 0.20094559487547664
1.350884841043611 0.2052611609370567
1.413716694115407 0.2088305973036346
1.4765485471872026 0.21162929190604116
1.5393804002589986 0.21363452245544098
1.6022122533307945 0.21482567700868668
1.6650441064025903 0.2151844928496286
1.7278759594743862 0.21469531235927317
1.7907078125461822 0.2133453537646178
1.853539665617978 0.21112499379810337
1.9163715186897736 0.20802805838622512
1.9792033717615696 0.2040521165430951
2.0420352248333655 0.19919877170578443
2.104867077905162 0.19347394385305972
2.1676989309769574 0.18688813494364212
2.230530784048753 0.17945666954492376
2.2933626371205493 0.1711999020512475
2.356194490192345 0.16214338166507528
2.4190263432641403 0.15231796638354186
2.4818581963359367 0.1417598776381577
2.5446900494077322 0.13051068800602444
2.607521902479528 0.11861723556016307
2.670353755551324 0.10613145994826653
2.7331856086231197 0.09311015715513883
2.796017461694916 0.0796146520628329
2.8588493147667116 0.0657103902998341
2.9216811678385075 0.05146645337205696
2.9845130209103035 0.036955003583588816
3.047344873982099 0.022250667663965207
3.1101767270538954 0.007429870199266472
3.173008580125691 -0.007429870199266472
3.2358404331974873 -0.022250667663965207
3.2986722862692828 -0.036955003583588816
3.3615041393410787 -0.05146645337205696
3.4243359924128747 -0.0657103902998341
3.48716784548467 -0.0796146520628329
3.549999698556466 -0.09311015715513866
3.612831551628262 -0.10613145994826653
3.675663404700058 -0.11861723556016307
3.7384952577718535 -0.13051068800602422
3.8013271108436495 -0.1417598776381577
3.8641589639154454 -0.15231796638354186
3.9269908169872414 -0.16214338166507528
3.989822670059038 -0.1711999020512476
4.052654523130833 -0.17945666954492376
4.115486376202629 -0.18688813494364212
4.178318229274425 -0.19347394385305985
4.241150082346222 -0.19919877170578443
4.303981935418017 -0.20405211654309524
4.366813788489813 -0.20802805838622512
4.429645641561608 -0.21112499379810334
4.4924774946334045 -0.2133453537646178
4.5553093477052 -0.21469531235927317
4.618141200776996 -0.21518449284962868
4.680973053848792 -0.21482567700868668
4.743804906920587 -0.21363452245544098
4.806636759992383 -0.21162929190604127
4.869468613064179 -0.2088305973036346
4.932300466135976 -0.20526116093705665
4.995132319207771 -0.20094559487547664
5.057964172279567 -0.19591019935092685
5.120796025351362 -0.1901827801208659
5.183627878423159 -0.183792484341377
5.246459731494955 -0.17676965407728976
5.3092915845667505 -0.16914569626445541
5.372123437638546 -0.16095296771545464
5.434955290710342 -0.15222467361539233
5.497787143782137 -0.14299477788050152
5.560618996853934 -0.1332979237397298
5.62345084992573 -0.12316936293896052
5.686282702997525 -0.11264489204963823
5.749114556069321 -0.10176079447931372
5.811946409141116 -0.09055378692227747
5.874778262212914 -0.07906096914589954
5.937610115284709 -0.06731977617489353
6.000441968356505 -0.05536793210446067
6.0632738214283 -0.043243404937791004
6.126105674500097 -0.03098436199792982
6.188937527571893 -0.01862912560355959
6.2517693806436885 -0.006216128818443788