0.031415926535897934 0.009639127786852218
0.0942477796076938 0.028796602858321994
0.15707963267948966 0.04759523074288992
0.21991148575128552 0.06580724219694851
0.2827433388230814 0.08322142740601596
0.34557519189487723 0.09964854566297082
0.4084070449666731 0.11492563982164032
0.47123889803846897 0.12891909694729986
0.5340707511102649 0.1415263878603619
0.5969026041820606 0.15267650726443777
0.6597344572538566 0.1623292147722596
0.7225663103256523 0.1704732393393333
0.7853981633974483 0.17712365187606546
0.8482300164692442 0.18231863223625028
0.91106186954104 0.18611585877590317
0.9738937226128359 0.1885887343717858
1.0367255756846319 0.18982263634514263
1.0995574287564276 0.1899113436586286
1.1623892818282235 0.18895375731400718
1.2252211349000193 0.18705099269992576
1.2880529879718152 0.18430388847337548
1.350884841043611 0.1808109472182072
1.413716694115407 0.17666669954902856
1.4765485471872026 0.17196046573171606
1.5393804002589986 0.1667754769429121
1.6022122533307945 0.16118831130568342
1.6650441064025903 0.15526859694470352
1.7278759594743862 0.14907893457537863
1.7907078125461822 0.1426749946923399
1.853539665617978 0.13610574847080828
1.9163715186897736 0.12941379638933387
1.9792033717615696 0.12263576381519427
2.0420352248333655 0.1158027379891554
2.104867077905162 0.10894072574709815
2.1676989309769574 0.1020711157625438
2.230530784048753 0.0952111330030921
2.2933626371205493 0.0883742764387705
2.356194490192345 0.0815707338343628
2.4190263432641403 0.0748077697397801
2.4818581963359367 0.06809008461599216
2.5446900494077322 0.061420144459229484
2.607521902479528 0.05479848137439174
2.670353755551324 0.04822396635849353
2.7331856086231197 0.041694056140158024
2.796017461694916 0.03520501632924119
2.8588493147667116 0.02875212340261235
2.9216811678385075 0.022329848222605683
2.9845130209103035 0.01593202388228991
3.047344873982099 0.009552000719652365
3.1101767270538954 0.0031827913594152657
3.173008580125691 -0.0031827913594152657
3.2358404331974873 -0.009552000719652365
3.2986722862692828 -0.01593202388228991
3.3615041393410787 -0.022329848222605683
3.4243359924128747 -0.02875212340261235
3.48716784548467 -0.03520501632924119
3.549999698556466 -0.041694056140157934
3.612831551628262 -0.04822396635849353
3.675663404700058 -0.05479848137439174
3.7384952577718535 -0.061420144459229484
3.8013271108436495 -0.06809008461599216
3.8641589639154454 -0.07480776973978001
3.9269908169872414 -0.0815707338343628
3.989822670059038 -0.08837427643877072
4.052654523130833 -0.0952111330030921
4.115486376202629 -0.1020711157625438
4.178318229274425 -0.10894072574709839
4.241150082346222 -0.11580273798915552
4.303981935418017 -0.12263576381519434
4.366813788489813 -0.12941379638933387
4.429645641561608 -0.13610574847080828
4.4924774946334045 -0.1426749946923399
4.5553093477052 -0.14907893457537863
4.618141200776996 -0.15526859694470363
4.680973053848792 -0.16118831130568342
4.743804906920587 -0.16677547694291198
4.806636759992383 -0.17196046573171608
4.869468613064179 -0.17666669954902856
4.932300466135976 -0.18081094721820729
4.995132319207771 -0.18430388847337545
5.057964172279567 -0.18705099269992578
5.120796025351362 -0.18895375731400713
5.183627878423159 -0.1899113436586286
5.246459731494955 -0.18982263634514274
5.3092915845667505 -0.1885887343717858
5.372123437638546 -0.18611585877590317
5.434955290710342 -0.18231863223625042
5.497787143782137 -0.17712365187606555
5.560618996853934 -0.1704732393393333
5.62345084992573 -0.1623292147722596
5.686282702997525 -0.15267650726443777
5.749114556069321 -0.14152638786036204
5.811946409141116 -0.12891909694730008
5.874778262212914 -0.11492563982164022
5.937610115284709 -0.09964854566297082
6.000441968356505 -0.08322142740601596
6.0632738214283 -0.06580724219694879
6.126105674500097 -0.04759523074288992
6.188937527571893 -0.028796602858321908
6.2517693806436885 -0.009639127786852218