0.031415926535897934 0.0014941234376802178
0.0942477796076938 0.004476756534400258
0.15707963267948966 0.00744256647353213
0.21991148575128552 0.010380398385993202
0.2827433388230814 0.013279188168566358
0.34557519189487723 0.01612799861359004
0.4084070449666731 0.01891605536087009
0.47123889803846897 0.021632782619330673
0.5340707511102649 0.0242678386044799
0.5969026041820606 0.026811150635843262
0.6597344572538566 0.02925294983601605
0.7225663103256523 0.031583805369812284
0.7853981633974483 0.03379465815806824
0.8482300164692442 0.03587685399589601
0.91106186954104 0.037822175999545724
0.9738937226128359 0.03962287629945447
1.0367255756846319 0.041271706889556684
1.0995574287564276 0.0427619495345192
1.1623892818282235 0.044087444627316924
1.2252211349000193 0.045242618879594944
1.2880529879718152 0.046222511716746115
1.350884841043611 0.04702280023875813
1.413716694115407 0.04763982259694522
1.4765485471872026 0.0480705996259631
1.5393804002589986 0.04831285456037785
1.6022122533307945 0.048365030655915665
1.6650441064025903 0.0482263065277855
1.7278759594743862 0.047896609012572026
1.7907078125461822 0.047376623356613926
1.853539665617978 0.04666780053294634
1.9163715186897736 0.04577236149122073
1.9792033717615696 0.04469329815091545
2.0420352248333655 0.043434370957946854
2.104867077905162 0.0420001028387422
2.1676989309769574 0.040395769404128375
2.230530784048753 0.038627385278083536
2.2933626371205493 0.03670168645347089
2.356194490192345 0.034626108608151546
2.4190263432641403 0.03240876135006041
2.4818581963359367 0.03005839839851892
2.5446900494077322 0.02758438375068793
2.607521902479528 0.02499665392595803
2.670353755551324 0.022305676426474495
2.7331856086231197 0.019522404598005923
2.796017461694916 0.016658229121069963
2.8588493147667116 0.013724926406644744
2.9216811678385075 0.010734604212917108
2.9845130209103035 0.007699644838393171
3.047344873982099 0.004632646281373181
3.1101767270538954 0.001546361785447506
3.173008580125691 -0.001546361785447506
3.2358404331974873 -0.004632646281373181
3.2986722862692828 -0.007699644838393171
3.3615041393410787 -0.010734604212917108
3.4243359924128747 -0.013724926406644744
3.48716784548467 -0.016658229121069963
3.549999698556466 -0.019522404598005923
3.612831551628262 -0.022305676426474495
3.675663404700058 -0.02499665392595803
3.7384952577718535 -0.02758438375068793
3.8013271108436495 -0.03005839839851892
3.8641589639154454 -0.03240876135006042
3.9269908169872414 -0.034626108608151546
3.989822670059038 -0.036701686453470925
4.052654523130833 -0.038627385278083536
4.115486376202629 -0.040395769404128375
4.178318229274425 -0.042000102838742163
4.241150082346222 -0.0434343709579468
4.303981935418017 -0.04469329815091553
4.366813788489813 -0.04577236149122073
4.429645641561608 -0.04666780053294634
4.4924774946334045 -0.0473766233566139
4.5553093477052 -0.047896609012572026
4.618141200776996 -0.04822630652778563
4.680973053848792 -0.04836503065591572
4.743804906920587 -0.04831285456037785
4.806636759992383 -0.048070599625963134
4.869468613064179 -0.04763982259694522
4.932300466135976 -0.0470228002387581
4.995132319207771 -0.046222511716746205
5.057964172279567 -0.04524261887959496
5.120796025351362 -0.04408744462731694
5.183627878423159 -0.0427619495345192
5.246459731494955 -0.04127170688955667
5.3092915845667505 -0.03962287629945447
5.372123437638546 -0.037822175999545724
5.434955290710342 -0.03587685399589597
5.497787143782137 -0.03379465815806816
5.560618996853934 -0.03158380536981232
5.62345084992573 -0.02925294983601605
5.686282702997525 -0.026811150635843262
5.749114556069321 -0.024267838604479935
5.811946409141116 -0.021632782619330698
5.874778262212914 -0.018916055360870047
5.937610115284709 -0.01612799861359004
6.000441968356505 -0.013279188168566358
6.0632738214283 -0.010380398385993202
6.126105674500097 -0.00744256647353213
6.188937527571893 -0.004476756534400322
6.2517693806436885 -0.0014941234376802178