0.031415926535897934 0.007619735158968205
0.0942477796076938 0.02283388549781848
0.15707963267948966 0.03797213263307922
0.21991148575128552 0.05298406310608122
0.2827433388230814 0.06781954497668176
0.34557519189487723 0.08242883752941182
0.4084070449666731 0.09676269829188043
0.47123889803846897 0.11077248689457728
0.5340707511102649 0.1244102655103222
0.5969026041820606 0.1376288958524647
0.6597344572538566 0.15038213297534112
0.7225663103256523 0.16262471639931195
0.7853981633974483 0.17431245936600537
0.8482300164692442 0.18540233730675626
0.91106186954104 0.19585257686781035
0.9738937226128359 0.205622747068713
1.0367255756846319 0.21467385436438213
1.0995574287564276 0.2229684435258631
1.1623892818282235 0.23047070633913389
1.2252211349000193 0.23714660013549943
1.2880529879718152 0.24296397810178744
1.350884841043611 0.24789273316525062
1.413716694115407 0.25190495699972193
1.4765485471872026 0.2549751153506096
1.5393804002589986 0.25708024042345934
1.6022122533307945 0.25820014052335966
1.6650441064025903 0.2583176264731593
1.7278759594743862 0.2574187535839991
1.7907078125461822 0.2554930771135051
1.853539665617978 0.2525339182419632
1.9163715186897736 0.2485386366476235
1.9792033717615696 0.24350890479785375
2.0420352248333655 0.23745097812827867
2.104867077905162 0.23037595439810732
2.1676989309769574 0.22230001473219058
2.230530784048753 0.21324463823783898
2.2933626371205493 0.20323678166707101
2.356194490192345 0.19230901543117726
2.4190263432641403 0.18049960740778712
2.4818581963359367 0.1678525464462127
2.5446900494077322 0.15441749829769402
2.607521902479528 0.14024968788076767
2.670353755551324 0.12540970332727402
2.7331856086231197 0.1099632191099488
2.796017461694916 0.09398063767539394
2.8588493147667116 0.07753665132335662
2.9216811678385075 0.06070972849371317
2.9845130209103035 0.04358153104186061
3.047344873982099 0.026236271388957465
3.1101767270538954 0.00876002051241797
3.173008580125691 -0.00876002051241797
3.2358404331974873 -0.026236271388957465
3.2986722862692828 -0.04358153104186061
3.3615041393410787 -0.06070972849371317
3.4243359924128747 -0.07753665132335662
3.48716784548467 -0.09398063767539394
3.549999698556466 -0.10996321910994872
3.612831551628262 -0.12540970332727402
3.675663404700058 -0.14024968788076767
3.7384952577718535 -0.15441749829769383
3.8013271108436495 -0.1678525464462127
3.8641589639154454 -0.18049960740778703
3.9269908169872414 -0.19230901543117726
3.989822670059038 -0.2032367816670711
4.052654523130833 -0.21324463823783898
4.115486376202629 -0.22230001473219058
4.178318229274425 -0.23037595439810732
4.241150082346222 -0.23745097812827878
4.303981935418017 -0.2435089047978538
4.366813788489813 -0.2485386366476235
4.429645641561608 -0.25253391824196314
4.4924774946334045 -0.25549307711350516
4.5553093477052 -0.2574187535839991
4.618141200776996 -0.25831762647315926
4.680973053848792 -0.2582001405233596
4.743804906920587 -0.25708024042345934
4.806636759992383 -0.2549751153506097
4.869468613064179 -0.25190495699972193
4.932300466135976 -0.24789273316525062
4.995132319207771 -0.24296397810178752
5.057964172279567 -0.23714660013549943
5.120796025351362 -0.23047070633913389
5.183627878423159 -0.2229684435258631
5.246459731494955 -0.214673854364382
5.3092915845667505 -0.205622747068713
5.372123437638546 -0.19585257686781035
5.434955290710342 -0.18540233730675632
5.497787143782137 -0.1743124593660056
5.560618996853934 -0.16262471639931184
5.62345084992573 -0.15038213297534112
5.686282702997525 -0.1376288958524647
5.749114556069321 -0.1244102655103222
5.811946409141116 -0.11077248689457732
5.874778262212914 -0.09676269829188028
5.937610115284709 -0.08242883752941182
6.000441968356505 -0.06781954497668176
6.0632738214283 -0.05298406310608133
6.126105674500097 -0.03797213263307922
6.188937527571893 -0.022833885497818375
6.2517693806436885 -0.007619735158968205