0.031415926535897934 0.006401999239247028
0.0942477796076938 0.019184603382360933
0.15707963267948966 0.031903073619063575
0.21991148575128552 0.04451481731298831
0.2827433388230814 0.05697748552529481
0.34557519189487723 0.06924906806164592
0.4084070449666731 0.08128798626335249
0.47123889803846897 0.0930531831432005
0.5340707511102649 0.10450421063880475
0.5969026041820606 0.11560131395462056
0.6597344572538566 0.1263055131811696
0.7225663103256523 0.13657868260893785
0.7853981633974483 0.14638362838653501
0.8482300164692442 0.15568416539935734
0.91106186954104 0.16444519445719916
0.9738937226128359 0.17263278106792151
1.0367255756846319 0.18021423723034066
1.0995574287564276 0.18715820779407016
1.1623892818282235 0.1934347629985622
1.2252211349000193 0.19901549880992386
1.2880529879718152 0.2038736466148176
1.350884841043611 0.20798419369923613
1.413716694115407 0.21132401573072954
1.4765485471872026 0.21387202217168483
1.5393804002589986 0.2156093151762897
1.6022122533307945 0.21651936206489508
1.6650441064025903 0.21658818092941653
1.7278759594743862 0.21580453830826715
1.7907078125461822 0.214160157189019
1.853539665617978 0.21164993286572958
1.9163715186897736 0.20827215341452104
1.9792033717615696 0.20402872077928658
2.0420352248333655 0.19892536770780142
2.104867077905162 0.19297186507994468
2.1676989309769574 0.18618221356062817
2.230530784048753 0.1785748130291663
2.2933626371205493 0.17017260292360611
2.356194490192345 0.16100316653071622
2.4190263432641403 0.15109879238362497
2.4818581963359367 0.1404964863262136
2.5446900494077322 0.12923792848329171
2.607521902479528 0.11736937034286188
2.670353755551324 0.10494146840132826
2.7331856086231197 0.09200905231812878
2.796017461694916 0.07863082723026428
2.8588493147667116 0.06486901173100013
2.9216811678385075 0.050788914948355184
2.9845130209103035 0.036458458085231585
3.047344873982099 0.02194764761563928
3.1101767270538954 0.007328008981512102
3.173008580125691 -0.007328008981512102
3.2358404331974873 -0.02194764761563928
3.2986722862692828 -0.036458458085231585
3.3615041393410787 -0.050788914948355184
3.4243359924128747 -0.06486901173100013
3.48716784548467 -0.07863082723026428
3.549999698556466 -0.0920090523181286
3.612831551628262 -0.10494146840132826
3.675663404700058 -0.11736937034286188
3.7384952577718535 -0.1292379284832916
3.8013271108436495 -0.1404964863262136
3.8641589639154454 -0.15109879238362497
3.9269908169872414 -0.16100316653071622
3.989822670059038 -0.17017260292360617
4.052654523130833 -0.1785748130291663
4.115486376202629 -0.18618221356062817
4.178318229274425 -0.19297186507994482
4.241150082346222 -0.1989253677078013
4.303981935418017 -0.20402872077928663
4.366813788489813 -0.20827215341452104
4.429645641561608 -0.21164993286572958
4.4924774946334045 -0.21416015718901904
4.5553093477052 -0.21580453830826715
4.618141200776996 -0.2165881809294165
4.680973053848792 -0.21651936206489508
4.743804906920587 -0.21560931517628962
4.806636759992383 -0.21387202217168494
4.869468613064179 -0.21132401573072954
4.932300466135976 -0.20798419369923601
4.995132319207771 -0.2038736466148176
5.057964172279567 -0.1990154988099238
5.120796025351362 -0.19343476299856224
5.183627878423159 -0.18715820779407016
5.246459731494955 -0.18021423723034044
5.3092915845667505 -0.17263278106792151
5.372123437638546 -0.16444519445719916
5.434955290710342 -0.15568416539935734
5.497787143782137 -0.1463836283865351
5.560618996853934 -0.1365786826089378
5.62345084992573 -0.1263055131811696
5.686282702997525 -0.11560131395462056
5.749114556069321 -0.10450421063880479
5.811946409141116 -0.09305318314320069
5.874778262212914 -0.08128798626335233
5.937610115284709 -0.06924906806164592
6.000441968356505 -0.05697748552529481
6.0632738214283 -0.044514817312988536
6.126105674500097 -0.031903073619063575
6.188937527571893 -0.019184603382360825
6.2517693806436885 -0.006401999239247028