0.031415926535897934 0.0012034397021424643
0.0942477796076938 0.0036060180885489684
0.15707963267948966 0.005995704006489761
0.21991148575128552 0.008363937797776583
0.2827433388230814 0.01070221291379736
0.34557519189487723 0.01300209741351694
0.4084070449666731 0.015255255709537823
0.47123889803846897 0.017453470624326204
0.5340707511102649 0.019588665812046015
0.5969026041820606 0.021652928593258302
0.6597344572538566 0.023638533239941407
0.7225663103256523 0.025537964736913884
0.7853981633974483 0.027343943032712776
0.8482300164692442 0.029049447778334233
0.91106186954104 0.03064774353599961
0.9738937226128359 0.03213240542227025
1.0367255756846319 0.033497345130548625
1.0995574287564276 0.03473683725731751
1.1623892818282235 0.03584554583460391
1.2252211349000193 0.036818550948295795
1.2880529879718152 0.037651375298365805
1.350884841043611 0.038340010533112416
1.413716694115407 0.038880943165575534
1.4765485471872026 0.039271179856815254
1.5393804002589986 0.039508271828226006
1.6022122533307945 0.03959033814408555
1.6650441064025903 0.0395160875867019
1.7278759594743862 0.03928483883046576
1.7907078125461822 0.03889653860848786
1.853539665617978 0.03835177755697884
1.9163715186897736 0.03765180341872879
1.9792033717615696 0.036798531288581106
2.0420352248333655 0.03579455059118593
2.104867077905162 0.034643128495023094
2.1676989309769574 0.03334820948699209
2.230530784048753 0.031914410858988974
2.2933626371205493 0.030347013891829908
2.356194490192345 0.028651950562455526
2.4190263432641403 0.026835785647234253
2.4818581963359367 0.024905694146771677
2.5446900494077322 0.02286943401517266
2.607521902479528 0.020735314238240554
2.670353755551324 0.018512158369457646
2.7331856086231197 0.016209263698494333
2.796017461694916 0.013836356293015733
2.8588493147667116 0.011403542219169028
2.9216811678385075 0.008921255307825197
2.9845130209103035 0.0064002018908566995
3.047344873982099 0.003851302983025233
3.1101767270538954 0.0012856344290468552
3.173008580125691 -0.0012856344290468552
3.2358404331974873 -0.003851302983025233
3.2986722862692828 -0.0064002018908566995
3.3615041393410787 -0.008921255307825197
3.4243359924128747 -0.011403542219169028
3.48716784548467 -0.013836356293015733
3.549999698556466 -0.016209263698494333
3.612831551628262 -0.018512158369457646
3.675663404700058 -0.020735314238240554
3.7384952577718535 -0.02286943401517266
3.8013271108436495 -0.024905694146771677
3.8641589639154454 -0.026835785647234253
3.9269908169872414 -0.028651950562455526
3.989822670059038 -0.030347013891829908
4.052654523130833 -0.031914410858988974
4.115486376202629 -0.03334820948699209
4.178318229274425 -0.034643128495023094
4.241150082346222 -0.03579455059118593
4.303981935418017 -0.036798531288581106
4.366813788489813 -0.03765180341872879
4.429645641561608 -0.03835177755697884
4.4924774946334045 -0.03889653860848786
4.5553093477052 -0.03928483883046576
4.618141200776996 -0.0395160875867019
4.680973053848792 -0.03959033814408555
4.743804906920587 -0.039508271828226006
4.806636759992383 -0.039271179856815254
4.869468613064179 -0.038880943165575534
4.932300466135976 -0.038340010533112416
4.995132319207771 -0.037651375298365805
5.057964172279567 -0.036818550948295795
5.120796025351362 -0.03584554583460391
5.183627878423159 -0.03473683725731751
5.246459731494955 -0.033497345130548625
5.3092915845667505 -0.03213240542227025
5.372123437638546 -0.03064774353599961
5.434955290710342 -0.029049447778334233
5.497787143782137 -0.027343943032712776
5.560618996853934 -0.025537964736913884
5.62345084992573 -0.023638533239941407
5.686282702997525 -0.021652928593258302
5.749114556069321 -0.019588665812046015
5.811946409141116 -0.017453470624326204
5.874778262212914 -0.015255255709537823
5.937610115284709 -0.01300209741351694
6.000441968356505 -0.01070221291379736
6.0632738214283 -0.008363937797776583
6.126105674500097 -0.005995704006489761
6.188937527571893 -0.0036060180885489684
6.2517693806436885 -0.0012034397021424643