0.031415926535897934 0.004680901649038185
0.0942477796076938 0.014019189220416898
0.15707963267948966 0.02328710809930248
0.21991148575128552 0.032438338551162786
0.2827433388230814 0.041427442157313775
0.34557519189487723 0.05021019891918229
0.4084070449666731 0.05874392923702212
0.47123889803846897 0.0669877968617757
0.5340707511102649 0.07490308922782433
0.5969026041820606 0.08245347194464173
0.6597344572538566 0.08960521465166084
0.7225663103256523 0.09632738591633654
0.7853981633974483 0.10259201537227829
0.8482300164692442 0.10837422184277833
0.91106186954104 0.11365230676406153
0.9738937226128359 0.11840781279995424
1.0367255756846319 0.12262554811249536
1.0995574287564276 0.12629357730798418
1.1623892818282235 0.1294031806019598
1.2252211349000193 0.13194878322718587
1.2880529879718152 0.13392785753465306
1.350884841043611 0.1353408005993746
1.413716694115407 0.13619079043293345
1.4765485471872026 0.13648362411829454
1.5393804002589986 0.13622754131688464
1.6022122533307945 0.1354330366535028
1.6650441064025903 0.1341126644639054
1.7278759594743862 0.13228083929783738
1.7907078125461822 0.1299536354137376
1.853539665617978 0.12714858828877665
1.9163715186897736 0.12388450090880901
1.9792033717615696 0.12018125730744199
2.0420352248333655 0.11605964550207075
2.104867077905162 0.11154119163753666
2.1676989309769574 0.10664800680452424
2.230530784048753 0.10140264765852755
2.2933626371205493 0.09582799163365154
2.356194490192345 0.08994712722986178
2.4190263432641403 0.08378325955741926
2.4818581963359367 0.0773596310516427
2.5446900494077322 0.07069945702707835
2.607521902479528 0.06382587552368703
2.670353755551324 0.056761910708839264
2.7331856086231197 0.049530448936917035
2.796017461694916 0.04215422643167658
2.8588493147667116 0.03465582744325653
2.9216811678385075 0.027057691639517264
2.9845130209103035 0.0193821294178442
3.047344873982099 0.011651343766218137
3.1101767270538954 0.003887457258955049
3.173008580125691 -0.003887457258955049
3.2358404331974873 -0.011651343766218137
3.2986722862692828 -0.0193821294178442
3.3615041393410787 -0.027057691639517264
3.4243359924128747 -0.03465582744325653
3.48716784548467 -0.04215422643167658
3.549999698556466 -0.049530448936917035
3.612831551628262 -0.056761910708839264
3.675663404700058 -0.06382587552368703
3.7384952577718535 -0.0706994570270783
3.8013271108436495 -0.0773596310516427
3.8641589639154454 -0.08378325955741926
3.9269908169872414 -0.08994712722986178
3.989822670059038 -0.09582799163365162
4.052654523130833 -0.10140264765852755
4.115486376202629 -0.10664800680452424
4.178318229274425 -0.11154119163753666
4.241150082346222 -0.1160596455020708
4.303981935418017 -0.12018125730744196
4.366813788489813 -0.12388450090880901
4.429645641561608 -0.12714858828877657
4.4924774946334045 -0.1299536354137376
4.5553093477052 -0.13228083929783738
4.618141200776996 -0.13411266446390552
4.680973053848792 -0.1354330366535028
4.743804906920587 -0.13622754131688464
4.806636759992383 -0.13648362411829457
4.869468613064179 -0.13619079043293345
4.932300466135976 -0.1353408005993746
4.995132319207771 -0.13392785753465297
5.057964172279567 -0.13194878322718598
5.120796025351362 -0.12940318060195974
5.183627878423159 -0.12629357730798418
5.246459731494955 -0.12262554811249532
5.3092915845667505 -0.11840781279995424
5.372123437638546 -0.11365230676406153
5.434955290710342 -0.10837422184277846
5.497787143782137 -0.10259201537227838
5.560618996853934 -0.09632738591633654
5.62345084992573 -0.08960521465166084
5.686282702997525 -0.08245347194464173
5.749114556069321 -0.0749030892278244
5.811946409141116 -0.06698779686177585
5.874778262212914 -0.05874392923702204
5.937610115284709 -0.05021019891918229
6.000441968356505 -0.041427442157313775
6.0632738214283 -0.03243833855116286
6.126105674500097 -0.02328710809930248
6.188937527571893 -0.01401918922041668
6.2517693806436885 -0.004680901649038185