0.031415926535897934 0.00661136227701141
0.0942477796076938 0.019746749108802183
0.15707963267948966 0.032622876481694874
0.21991148575128552 0.04507591962736336
0.2827433388230814 0.05695501732761847
0.34557519189487723 0.06812639442475368
0.4084070449666731 0.0784765410909509
0.47123889803846897 0.08791433191378031
0.5340707511102649 0.09637205380687938
0.5969026041820606 0.10380539168644294
0.6597344572538566 0.11019248697836313
0.7225663103256523 0.1155322313940643
0.7853981633974483 0.11984198518829652
0.8482300164692442 0.12315491623063582
0.91106186954104 0.12551714671867395
0.9738937226128359 0.1269848724960731
1.0367255756846319 0.12762159035854848
1.0995574287564276 0.12749553578523012
1.1623892818282235 0.12667740082375958
1.2252211349000193 0.12523837202031096
1.2880529879718152 0.12324850296509561
1.350884841043611 0.12077541598481742
1.413716694115407 0.11788331282701872
1.4765485471872026 0.1146322644328984
1.5393804002589986 0.11107774438052859
1.6022122533307945 0.10727036846636163
1.6650441064025903 0.10325580333727856
1.7278759594743862 0.09907480931541753
1.7907078125461822 0.09476338591388161
1.853539665617978 0.09035299249349966
1.9163715186897736 0.08587082065795842
1.9792033717615696 0.08134009904166929
2.0420352248333655 0.07678041492413615
2.104867077905162 0.07220804049653942
2.1676989309769574 0.06763625455963214
2.230530784048753 0.06307565293770125
2.2933626371205493 0.05853444297022868
2.356194490192345 0.05401871912720692
2.4190263432641403 0.04953271813112608
2.4818581963359367 0.0450790530070723
2.5446900494077322 0.040658926270147
2.607521902479528 0.036272323041462926
2.670353755551324 0.0319181853007535
2.7331856086231197 0.027594568770569355
2.796017461694916 0.02329878411438953
2.8588493147667116 0.019027524244096497
2.9216811678385075 0.014776979592020735
2.9845130209103035 0.010542943226012786
3.047344873982099 0.006320907686171342
3.1101767270538954 0.0021061554093813246
3.173008580125691 -0.0021061554093813246
3.2358404331974873 -0.006320907686171342
3.2986722862692828 -0.010542943226012786
3.3615041393410787 -0.014776979592020735
3.4243359924128747 -0.019027524244096497
3.48716784548467 -0.02329878411438953
3.549999698556466 -0.027594568770569355
3.612831551628262 -0.0319181853007535
3.675663404700058 -0.036272323041462926
3.7384952577718535 -0.040658926270147
3.8013271108436495 -0.0450790530070723
3.8641589639154454 -0.04953271813112608
3.9269908169872414 -0.05401871912720692
3.989822670059038 -0.05853444297022879
4.052654523130833 -0.06307565293770125
4.115486376202629 -0.06763625455963214
4.178318229274425 -0.0722080404965395
4.241150082346222 -0.07678041492413615
4.303981935418017 -0.08134009904166929
4.366813788489813 -0.08587082065795842
4.429645641561608 -0.09035299249349966
4.4924774946334045 -0.09476338591388161
4.5553093477052 -0.09907480931541753
4.618141200776996 -0.10325580333727848
4.680973053848792 -0.10727036846636163
4.743804906920587 -0.11107774438052864
4.806636759992383 -0.11463226443289835
4.869468613064179 -0.11788331282701872
4.932300466135976 -0.12077541598481742
4.995132319207771 -0.12324850296509561
5.057964172279567 -0.12523837202031096
5.120796025351362 -0.12667740082375958
5.183627878423159 -0.12749553578523012
5.246459731494955 -0.1276215903585484
5.3092915845667505 -0.1269848724960731
5.372123437638546 -0.12551714671867395
5.434955290710342 -0.12315491623063582
5.497787143782137 -0.11984198518829645
5.560618996853934 -0.11553223139406439
5.62345084992573 -0.11019248697836313
5.686282702997525 -0.10380539168644294
5.749114556069321 -0.09637205380687948
5.811946409141116 -0.08791433191378041
5.874778262212914 -0.0784765410909508
5.937610115284709 -0.06812639442475368
6.000441968356505 -0.05695501732761847
6.0632738214283 -0.04507591962736354
6.126105674500097 -0.032622876481694874
6.188937527571893 -0.019746749108802086
6.2517693806436885 -0.00661136227701141