0.031415926535897934 0.010006458100901342
0.0942477796076938 0.029946849412384548
0.15707963267948966 0.049670652294082226
0.21991148575128552 0.0690367407265602
0.2827433388230814 0.08790881437103137
0.34557519189487723 0.10615718317868163
0.4084070449666731 0.12366041049799745
0.47123889803846897 0.14030678021896628
0.5340707511102649 0.15599555797630288
0.5969026041820606 0.1706380218601193
0.6597344572538566 0.1841582443489007
0.7225663103256523 0.19649361412176206
0.7853981633974483 0.20759509379729085
0.8482300164692442 0.21742721720213984
0.91106186954104 0.22596783717292668
0.9738937226128359 0.23320764180442013
1.0367255756846319 0.23914946315332558
1.0995574287564276 0.2438074074095611
1.1623892818282235 0.24720583924111703
1.2252211349000193 0.24937825527366983
1.2880529879718152 0.2503660824443927
1.350884841043611 0.2502174363256242
1.413716694115407 0.24898587258636926
1.4765485471872026 0.24672916175265205
1.5393804002589986 0.24350811359190241
1.6022122533307945 0.23938547305447386
1.6650441064025903 0.2344249050300868
1.7278759594743862 0.22869008047224693
1.7907078125461822 0.22224387192942335
1.853539665617978 0.21514766237419933
1.9163715186897736 0.20746076756873363
1.9792033717615696 0.19923996912662198
2.0420352248333655 0.1905391529631078
2.104867077905162 0.18140904596503207
2.1676989309769574 0.17189704242610584
2.230530784048753 0.16204711102715005
2.2933626371205493 0.15189977282590675
2.356194490192345 0.14149214078078448
2.4190263432641403 0.130858011690105
2.4818581963359367 0.12002800200890694
2.5446900494077322 0.10902971974124347
2.607521902479528 0.09788796543755812
2.670353755551324 0.08662495620361314
2.7331856086231197 0.07526056750824214
2.796017461694916 0.06381258842934125
2.8588493147667116 0.052296986776216185
2.9216811678385075 0.04072818125364771
2.9845130209103035 0.029119318476311207
3.047344873982099 0.01748255319334085
3.1101767270538954 0.005829330536910494
3.173008580125691 -0.005829330536910494
3.2358404331974873 -0.01748255319334085
3.2986722862692828 -0.029119318476311207
3.3615041393410787 -0.04072818125364771
3.4243359924128747 -0.052296986776216185
3.48716784548467 -0.06381258842934125
3.549999698556466 -0.07526056750824206
3.612831551628262 -0.08662495620361314
3.675663404700058 -0.09788796543755812
3.7384952577718535 -0.10902971974124336
3.8013271108436495 -0.12002800200890694
3.8641589639154454 -0.130858011690105
3.9269908169872414 -0.14149214078078448
3.989822670059038 -0.15189977282590686
4.052654523130833 -0.16204711102715005
4.115486376202629 -0.17189704242610584
4.178318229274425 -0.18140904596503216
4.241150082346222 -0.19053915296310778
4.303981935418017 -0.1992399691266221
4.366813788489813 -0.20746076756873363
4.429645641561608 -0.21514766237419927
4.4924774946334045 -0.22224387192942346
4.5553093477052 -0.22869008047224693
4.618141200776996 -0.23442490503008698
4.680973053848792 -0.23938547305447383
4.743804906920587 -0.24350811359190244
4.806636759992383 -0.24672916175265214
4.869468613064179 -0.24898587258636926
4.932300466135976 -0.25021743632562415
4.995132319207771 -0.2503660824443927
5.057964172279567 -0.24937825527367005
5.120796025351362 -0.24720583924111703
5.183627878423159 -0.2438074074095611
5.246459731494955 -0.23914946315332544
5.3092915845667505 -0.23320764180442013
5.372123437638546 -0.22596783717292668
5.434955290710342 -0.21742721720214
5.497787143782137 -0.20759509379729105
5.560618996853934 -0.19649361412176206
5.62345084992573 -0.1841582443489007
5.686282702997525 -0.1706380218601193
5.749114556069321 -0.15599555797630313
5.811946409141116 -0.1403067802189666
5.874778262212914 -0.12366041049799735
5.937610115284709 -0.10615718317868163
6.000441968356505 -0.08790881437103137
6.0632738214283 -0.06903674072656031
6.126105674500097 -0.049670652294082226
6.188937527571893 -0.029946849412384537
6.2517693806436885 -0.010006458100901342