0.031415926535897934 0.006739039384453732
0.0942477796076938 0.020191833630265763
0.15707963267948966 0.033568866348585066
0.21991148575128552 0.046819935994819456
0.2827433388230814 0.059895297926424465
0.34557519189487723 0.07274584262122086
0.4084070449666731 0.08532326952435229
0.47123889803846897 0.09758025551191714
0.5340707511102649 0.10947061712427975
0.5969026041820606 0.12094946591012638
0.6597344572538566 0.13197335642620583
0.7225663103256523 0.14250042664947235
0.7853981633974483 0.1524905307698073
0.8482300164692442 0.1619053645343803
0.91106186954104 0.17070858350100063
0.9738937226128359 0.178865914720005
1.0367255756846319 0.18634526249559277
1.0995574287564276 0.19311680897219766
1.1623892818282235 0.19915311034485472
1.2252211349000193 0.20442918950108546
1.2880529879718152 0.20892262586355023
1.350884841043611 0.21261364311695424
1.413716694115407 0.21548519537028826
1.4765485471872026 0.21752305212878778
1.5393804002589986 0.21871588223288557
1.6022122533307945 0.21905533666924742
1.6650441064025903 0.2185361298785414
1.7278759594743862 0.2171561188840432
1.7907078125461822 0.21491637925396703
1.853539665617978 0.21182127659905192
1.9163715186897736 0.2078785320068452
1.9792033717615696 0.20309927953738535
2.0420352248333655 0.1974981136639345
2.104867077905162 0.19109312434935755
2.1676989309769574 0.18390591731541903
2.230530784048753 0.17596161699938428
2.2933626371205493 0.16728884970901842
2.356194490192345 0.15791970459034754
2.4190263432641403 0.14788967021674368
2.4818581963359367 0.13723754489419818
2.5446900494077322 0.1260053191536997
2.607521902479528 0.11423802936127726
2.670353755551324 0.10198358190949056
2.7331856086231197 0.0892925480470582
2.796017461694916 0.07621793003867587
2.8588493147667116 0.06281490000461716
2.9216811678385075 0.04914051344708005
2.9845130209103035 0.035253400103824675
3.047344873982099 0.021213435355692107
3.1101767270538954 0.007081395930362217
3.173008580125691 -0.007081395930362217
3.2358404331974873 -0.021213435355692107
3.2986722862692828 -0.035253400103824675
3.3615041393410787 -0.04914051344708005
3.4243359924128747 -0.06281490000461716
3.48716784548467 -0.07621793003867587
3.549999698556466 -0.08929254804705797
3.612831551628262 -0.10198358190949056
3.675663404700058 -0.11423802936127726
3.7384952577718535 -0.12600531915369956
3.8013271108436495 -0.13723754489419818
3.8641589639154454 -0.14788967021674365
3.9269908169872414 -0.15791970459034754
3.989822670059038 -0.1672888497090186
4.052654523130833 -0.17596161699938428
4.115486376202629 -0.18390591731541903
4.178318229274425 -0.19109312434935752
4.241150082346222 -0.19749811366393455
4.303981935418017 -0.20309927953738538
4.366813788489813 -0.2078785320068452
4.429645641561608 -0.21182127659905192
4.4924774946334045 -0.21491637925396703
4.5553093477052 -0.2171561188840432
4.618141200776996 -0.21853612987854149
4.680973053848792 -0.21905533666924737
4.743804906920587 -0.21871588223288557
4.806636759992383 -0.21752305212878784
4.869468613064179 -0.21548519537028826
4.932300466135976 -0.2126136431169542
4.995132319207771 -0.2089226258635502
5.057964172279567 -0.20442918950108555
5.120796025351362 -0.1991531103448548
5.183627878423159 -0.19311680897219766
5.246459731494955 -0.18634526249559277
5.3092915845667505 -0.178865914720005
5.372123437638546 -0.17070858350100063
5.434955290710342 -0.1619053645343805
5.497787143782137 -0.15249053076980745
5.560618996853934 -0.1425004266494723
5.62345084992573 -0.13197335642620583
5.686282702997525 -0.12094946591012638
5.749114556069321 -0.10947061712427975
5.811946409141116 -0.09758025551191736
5.874778262212914 -0.08532326952435217
5.937610115284709 -0.07274584262122086
6.000441968356505 -0.059895297926424465
6.0632738214283 -0.04681993599481955
6.126105674500097 -0.033568866348585066
6.188937527571893 -0.020191833630265763
6.2517693806436885 -0.006739039384453732