0.031415926535897934 0.0050669097912469045
0.0942477796076938 0.015183095787724435
0.15707963267948966 0.025246422572659067
0.21991148575128552 0.03522178915941298
0.2827433388230814 0.04507430229551642
0.34557519189487723 0.05476935957860714
0.4084070449666731 0.0642727326336526
0.47123889803846897 0.07355065042244845
0.5340707511102649 0.08256988279262226
0.5969026041820606 0.09129782441344789
0.6597344572538566 0.0997025792873631
0.7225663103256523 0.10775304606651179
0.7853981633974483 0.11541900444004644
0.8482300164692442 0.1226712028873071
0.91106186954104 0.1294814481112766
0.9738937226128359 0.13582269647281314
1.0367255756846319 0.1416691477361882
1.0995574287564276 0.1469963414076494
1.1623892818282235 0.15178125589873032
1.2252211349000193 0.15600241067286066
1.2880529879718152 0.15963997143611955
1.350884841043611 0.1626758583099636
1.413716694115407 0.1650938567755489
1.4765485471872026 0.1668797310067771
1.5393804002589986 0.1680213390144477
1.6022122533307945 0.16850874880992184
1.6650441064025903 0.1683343545677677
1.7278759594743862 0.16749299152837277
1.7907078125461822 0.1659820481401004
1.853539665617978 0.1638015737039968
1.9163715186897736 0.16095437956105021
1.9792033717615696 0.15744613166214852
2.0420352248333655 0.15328543219428925
2.104867077905162 0.14848388781353702
2.1676989309769574 0.14305616196585705
2.230530784048753 0.13702000877059242
2.2933626371205493 0.13039628600623393
2.356194490192345 0.12320894488059767
2.4190263432641403 0.11548499449168041
2.4818581963359367 0.10725443919254776
2.5446900494077322 0.09855018746166867
2.607521902479528 0.08940793134363265
2.670353755551324 0.07986599605505318
2.7331856086231197 0.06996515993391658
2.796017461694916 0.05974844553165102
2.8588493147667116 0.04926088328689101
2.9216811678385075 0.03854924985730989
2.9845130209103035 0.02766178379877785
3.047344873982099 0.01664788184704964
3.1101767270538954 0.005557779554672161
3.173008580125691 -0.005557779554672161
3.2358404331974873 -0.01664788184704964
3.2986722862692828 -0.02766178379877785
3.3615041393410787 -0.03854924985730989
3.4243359924128747 -0.04926088328689101
3.48716784548467 -0.05974844553165102
3.549999698556466 -0.0699651599339165
3.612831551628262 -0.07986599605505318
3.675663404700058 -0.08940793134363265
3.7384952577718535 -0.09855018746166867
3.8013271108436495 -0.10725443919254776
3.8641589639154454 -0.11548499449168025
3.9269908169872414 -0.12320894488059767
3.989822670059038 -0.1303962860062339
4.052654523130833 -0.13702000877059242
4.115486376202629 -0.14305616196585705
4.178318229274425 -0.14848388781353716
4.241150082346222 -0.1532854321942895
4.303981935418017 -0.15744613166214866
4.366813788489813 -0.16095437956105021
4.429645641561608 -0.16380157370399676
4.4924774946334045 -0.1659820481401005
4.5553093477052 -0.16749299152837277
4.618141200776996 -0.1683343545677677
4.680973053848792 -0.16850874880992184
4.743804906920587 -0.1680213390144477
4.806636759992383 -0.16687973100677728
4.869468613064179 -0.1650938567755489
4.932300466135976 -0.1626758583099637
4.995132319207771 -0.15963997143611955
5.057964172279567 -0.15600241067286066
5.120796025351362 -0.1517812558987304
5.183627878423159 -0.1469963414076494
5.246459731494955 -0.1416691477361882
5.3092915845667505 -0.13582269647281314
5.372123437638546 -0.1294814481112766
5.434955290710342 -0.1226712028873072
5.497787143782137 -0.11541900444004641
5.560618996853934 -0.10775304606651179
5.62345084992573 -0.0997025792873631
5.686282702997525 -0.09129782441344789
5.749114556069321 -0.08256988279262235
5.811946409141116 -0.07355065042244854
5.874778262212914 -0.0642727326336526
5.937610115284709 -0.05476935957860714
6.000441968356505 -0.04507430229551642
6.0632738214283 -0.03522178915941308
6.126105674500097 -0.025246422572659067
6.188937527571893 -0.01518309578772423
6.2517693806436885 -0.0050669097912469045