0.031415926535897934 0.00856226140057613
0.0942477796076938 0.02564873908391926
0.15707963267948966 0.042621305162613976
0.21991148575128552 0.05940476210080481
0.2827433388230814 0.07592501967141849
0.34557519189487723 0.09210952204432611
0.4084070449666731 0.1078876593822343
0.47123889803846897 0.12319115999753665
0.5340707511102649 0.13795445946509152
0.5969026041820606 0.1521150434844312
0.6597344572538566 0.16561376172994732
0.7225663103256523 0.1783951104078582
0.7853981633974483 0.1904074817424549
0.8482300164692442 0.20160337912932547
0.91106186954104 0.21193959720826652
0.9738937226128359 0.22137736661231935
1.0367255756846319 0.2298824636316204
1.0995574287564276 0.23742528548247557
1.1623892818282235 0.2439808922855815
1.2252211349000193 0.24952901722638565
1.2880529879718152 0.2540540466905683
1.350884841043611 0.25754497243541036
1.413716694115407 0.2599953180718136
1.4765485471872026 0.26140304229177697
1.5393804002589986 0.26177042138334156
1.6022122533307945 0.2611039136316151
1.6650441064025903 0.2594140082137027
1.7278759594743862 0.25671506116112475
1.7907078125461822 0.25302512089012164
1.853539665617978 0.24836574569303765
1.9163715186897736 0.2427618154478063
1.9792033717615696 0.23624133964261695
2.0420352248333655 0.2288352636341382
2.104867077905162 0.220577274865098
2.1676989309769574 0.2115036105650902
2.230530784048753 0.20165286825140386
2.2933626371205493 0.19106582013821236
2.356194490192345 0.1797852323559369
2.4190263432641403 0.1678556896809136
2.4818581963359367 0.15532342628104925
2.5446900494077322 0.14223616279797824
2.607521902479528 0.12864294991191805
2.670353755551324 0.11459401837323913
2.7331856086231197 0.10014063533560941
2.796017461694916 0.08533496669013517
2.8588493147667116 0.07022994497858712
2.9216811678385075 0.05487914235684438
2.9845130209103035 0.03933664798718528
3.047344873982099 0.02365694916001419
3.1101767270538954 0.007894815381972366
3.173008580125691 -0.007894815381972366
3.2358404331974873 -0.02365694916001419
3.2986722862692828 -0.03933664798718528
3.3615041393410787 -0.05487914235684438
3.4243359924128747 -0.07022994497858712
3.48716784548467 -0.08533496669013517
3.549999698556466 -0.10014063533560941
3.612831551628262 -0.11459401837323913
3.675663404700058 -0.12864294991191805
3.7384952577718535 -0.14223616279797813
3.8013271108436495 -0.15532342628104925
3.8641589639154454 -0.16785568968091347
3.9269908169872414 -0.1797852323559369
3.989822670059038 -0.19106582013821252
4.052654523130833 -0.20165286825140386
4.115486376202629 -0.2115036105650902
4.178318229274425 -0.22057727486509823
4.241150082346222 -0.2288352636341384
4.303981935418017 -0.23624133964261704
4.366813788489813 -0.2427618154478063
4.429645641561608 -0.24836574569303765
4.4924774946334045 -0.2530251208901217
4.5553093477052 -0.25671506116112475
4.618141200776996 -0.25941400821370275
4.680973053848792 -0.26110391363161506
4.743804906920587 -0.2617704213833416
4.806636759992383 -0.2614030422917771
4.869468613064179 -0.2599953180718136
4.932300466135976 -0.2575449724354104
4.995132319207771 -0.2540540466905682
5.057964172279567 -0.24952901722638565
5.120796025351362 -0.24398089228558173
5.183627878423159 -0.23742528548247557
5.246459731494955 -0.22988246363162027
5.3092915845667505 -0.22137736661231935
5.372123437638546 -0.21193959720826652
5.434955290710342 -0.20160337912932552
5.497787143782137 -0.19040748174245506
5.560618996853934 -0.17839511040785816
5.62345084992573 -0.16561376172994732
5.686282702997525 -0.1521150434844312
5.749114556069321 -0.13795445946509166
5.811946409141116 -0.12319115999753677
5.874778262212914 -0.10788765938223407
5.937610115284709 -0.09210952204432611
6.000441968356505 -0.07592501967141849
6.0632738214283 -0.05940476210080489
6.126105674500097 -0.042621305162613976
6.188937527571893 -0.025648739083919188
6.2517693806436885 -0.00856226140057613