0.031415926535897934 0.000843786406150011
0.0942477796076938 0.002528273571034774
0.15707963267948966 0.004203512416914328
0.21991148575128552 0.005863366154055216
0.2827433388230814 0.0075017411691265775
0.34557519189487723 0.009112604378071855
0.4084070449666731 0.010690000657352207
0.47123889803846897 0.012228070370339851
0.5340707511102649 0.01372106700141844
0.5969026041820606 0.015163374905218109
0.6597344572538566 0.016549527172353928
0.7225663103256523 0.01787422360608818
0.7853981633974483 0.019132348796511538
0.8482300164692442 0.020318990270180127
0.91106186954104 0.021429456683713495
0.9738937226128359 0.022459296019698805
1.0367255756846319 0.023404313732479105
1.0995574287564276 0.024260590780107092
1.1623892818282235 0.025024501467069978
1.2252211349000193 0.025692731010485716
1.2880529879718152 0.026262292730514183
1.350884841043611 0.026730544753933813
1.413716694115407 0.0270952061084252
1.4765485471872026 0.02735437207433955
1.5393804002589986 0.027506528650875887
1.6022122533307945 0.027550565984949746
1.6650441064025903 0.02748579060388638
1.7278759594743862 0.02731193628773401
1.7907078125461822 0.027029173413754614
1.853539665617978 0.026638116604805785
1.9163715186897736 0.026139830515127117
1.9792033717615696 0.025535833591744276
2.0420352248333655 0.024828099657462653
2.104867077905162 0.02401905717240166
2.1676989309769574 0.023111586045281556
2.230530784048753 0.0221090118832174
2.2933626371205493 0.02101509758952505
2.356194490192345 0.019834032242846664
2.4190263432641403 0.01857041721748955
2.4818581963359367 0.017229249533925014
2.5446900494077322 0.01581590245947478
2.607521902479528 0.014336103411824851
2.670353755551324 0.012795909251580112
2.7331856086231197 0.011201679083956055
2.796017461694916 0.009560044723263977
2.8588493147667116 0.007877879006323881
2.9216811678385075 0.006162262171689651
2.9845130209103035 0.004420446549866348
3.047344873982099 0.002659819834893582
3.1101767270538954 0.0008878672291853723
3.173008580125691 -0.0008878672291853723
3.2358404331974873 -0.002659819834893582
3.2986722862692828 -0.004420446549866348
3.3615041393410787 -0.006162262171689651
3.4243359924128747 -0.007877879006323881
3.48716784548467 -0.009560044723263977
3.549999698556466 -0.01120167908395599
3.612831551628262 -0.012795909251580112
3.675663404700058 -0.014336103411824851
3.7384952577718535 -0.01581590245947478
3.8013271108436495 -0.017229249533925014
3.8641589639154454 -0.01857041721748962
3.9269908169872414 -0.019834032242846664
3.989822670059038 -0.021015097589525047
4.052654523130833 -0.0221090118832174
4.115486376202629 -0.023111586045281556
4.178318229274425 -0.024019057172401756
4.241150082346222 -0.024828099657462698
4.303981935418017 -0.025535833591744276
4.366813788489813 -0.026139830515127117
4.429645641561608 -0.026638116604805685
4.4924774946334045 -0.027029173413754604
4.5553093477052 -0.02731193628773401
4.618141200776996 -0.02748579060388638
4.680973053848792 -0.027550565984949746
4.743804906920587 -0.027506528650875887
4.806636759992383 -0.027354372074339557
4.869468613064179 -0.0270952061084252
4.932300466135976 -0.02673054475393381
4.995132319207771 -0.026262292730514183
5.057964172279567 -0.025692731010485727
5.120796025351362 -0.025024501467069984
5.183627878423159 -0.024260590780107092
5.246459731494955 -0.023404313732479164
5.3092915845667505 -0.022459296019698805
5.372123437638546 -0.021429456683713495
5.434955290710342 -0.020318990270180127
5.497787143782137 -0.019132348796511548
5.560618996853934 -0.01787422360608818
5.62345084992573 -0.016549527172353928
5.686282702997525 -0.015163374905218109
5.749114556069321 -0.013721067001418445
5.811946409141116 -0.012228070370339853
5.874778262212914 -0.010690000657352204
5.937610115284709 -0.009112604378071855
6.000441968356505 -0.0075017411691265775
6.0632738214283 -0.005863366154055216
6.126105674500097 -0.004203512416914328
6.188937527571893 -0.002528273571034774
6.2517693806436885 -0.000843786406150011