0.031415926535897934 0.0059303392014806175
0.0942477796076938 0.017760394083304123
0.15707963267948966 0.029498821567754935
0.21991148575128552 0.04108534419141029
0.2827433388230814 0.052460884938508076
0.34557519189487723 0.06356802606947289
0.4084070449666731 0.07435144696950606
0.47123889803846897 0.08475833555328988
0.5340707511102649 0.0947387681601102
0.5969026041820606 0.10424605335900629
0.6597344572538566 0.11323703565266886
0.7225663103256523 0.1216723557159186
0.7853981633974483 0.12951666452118257
0.8482300164692442 0.13673878947768975
0.91106186954104 0.14331185152832734
0.9738937226128359 0.14921333299052805
1.0367255756846319 0.1544250967752138
1.0995574287564276 0.15893335844914555
1.1623892818282235 0.16272861339893782
1.2252211349000193 0.16580552208785257
1.2880529879718152 0.16816275704929842
1.350884841043611 0.16980281581632953
1.413716694115407 0.1707318044304835
1.4765485471872026 0.170959196496347
1.5393804002589986 0.17049757294517343
1.6022122533307945 0.1693623477413679
1.6650441064025903 0.16757148471388753
1.7278759594743862 0.1651452105289999
1.7907078125461822 0.16210572855331773
1.853539665617978 0.15847693800133364
1.9163715186897736 0.1542841623364146
1.9792033717615696 0.1495538904160541
2.0420352248333655 0.14431353335886796
2.104867077905162 0.13859119957951122
2.1676989309769574 0.13241548990421234
2.230530784048753 0.12581531415792152
2.2933626371205493 0.1188197301159902
2.356194490192345 0.1114578052481644
2.4190263432641403 0.10375850125742915
2.4818581963359367 0.09575058103538064
2.5446900494077322 0.08746253732156893
2.607521902479528 0.07892254206696829
2.670353755551324 0.07015841525993757
2.7331856086231197 0.061197611774004186
2.796017461694916 0.05206722463674715
2.8588493147667116 0.04279400299352439
2.9216811678385075 0.03340438294396285
2.9845130209103035 0.023924529358129977
3.047344873982099 0.014380386728377565
3.1101767270538954 0.0047977370777046256
3.173008580125691 -0.0047977370777046256
3.2358404331974873 -0.014380386728377565
3.2986722862692828 -0.023924529358129977
3.3615041393410787 -0.03340438294396285
3.4243359924128747 -0.04279400299352439
3.48716784548467 -0.05206722463674715
3.549999698556466 -0.06119761177400409
3.612831551628262 -0.07015841525993757
3.675663404700058 -0.07892254206696829
3.7384952577718535 -0.08746253732156893
3.8013271108436495 -0.09575058103538064
3.8641589639154454 -0.10375850125742915
3.9269908169872414 -0.1114578052481644
3.989822670059038 -0.11881973011599027
4.052654523130833 -0.12581531415792152
4.115486376202629 -0.13241548990421234
4.178318229274425 -0.13859119957951138
4.241150082346222 -0.144313533358868
4.303981935418017 -0.14955389041605419
4.366813788489813 -0.1542841623364146
4.429645641561608 -0.15847693800133347
4.4924774946334045 -0.16210572855331776
4.5553093477052 -0.1651452105289999
4.618141200776996 -0.16757148471388755
4.680973053848792 -0.1693623477413679
4.743804906920587 -0.17049757294517331
4.806636759992383 -0.17095919649634694
4.869468613064179 -0.1707318044304835
4.932300466135976 -0.1698028158163295
4.995132319207771 -0.16816275704929842
5.057964172279567 -0.16580552208785257
5.120796025351362 -0.16272861339893788
5.183627878423159 -0.15893335844914555
5.246459731494955 -0.15442509677521363
5.3092915845667505 -0.14921333299052805
5.372123437638546 -0.14331185152832734
5.434955290710342 -0.13673878947768967
5.497787143782137 -0.12951666452118266
5.560618996853934 -0.12167235571591854
5.62345084992573 -0.11323703565266886
5.686282702997525 -0.10424605335900629
5.749114556069321 -0.09473876816011036
5.811946409141116 -0.0847583355532901
5.874778262212914 -0.07435144696950592
5.937610115284709 -0.06356802606947289
6.000441968356505 -0.052460884938508076
6.0632738214283 -0.041085344191410356
6.126105674500097 -0.029498821567754935
6.188937527571893 -0.017760394083304123
6.2517693806436885 -0.0059303392014806175