0.031415926535897934 0.008874473178302783
0.0942477796076938 0.026568174655089875
0.15707963267948966 0.04409675729091264
0.21991148575128552 0.0613521829436314
0.2827433388230814 0.07822943486401887
0.34557519189487723 0.09462764679566461
0.4084070449666731 0.11045115495897992
0.47123889803846897 0.12561045417596783
0.5340707511102649 0.14002304176067965
0.5969026041820606 0.15361413558010334
0.6597344572538566 0.16631725580822604
0.7225663103256523 0.17807466326395258
0.7853981633974483 0.1888376507401896
0.8482300164692442 0.19856668728562124
0.91106186954104 0.20723141887608174
0.9738937226128359 0.21481053219291654
1.0367255756846319 0.2212914912017444
1.0995574287564276 0.2266701587997891
1.1623892818282235 0.23095031789503098
1.2252211349000193 0.23414310784021414
1.2880529879718152 0.23626639313938397
1.350884841043611 0.23734408177089147
1.413716694115407 0.2374054103513173
1.4765485471872026 0.2364842127452864
1.5393804002589986 0.2346181876714586
1.6022122533307945 0.2318481794438934
1.6650441064025903 0.22821748430764344
1.7278759594743862 0.22377119296783807
1.7907078125461822 0.218555577960302
1.853539665617978 0.21261753254987062
1.9163715186897736 0.20600406594085047
1.9792033717615696 0.19876185780106037
2.0420352248333655 0.19093687348152327
2.104867077905162 0.18257403988947069
2.1676989309769574 0.17371698076106246
2.230530784048753 0.164407809088614
2.2933626371205493 0.15468697368157763
2.356194490192345 0.14459315626938624
2.4190263432641403 0.13416321516981594
2.4818581963359367 0.12343217132681862
2.5446900494077322 0.11243323244249193
2.607521902479528 0.10119785096367664
2.670353755551324 0.08975581180956699
2.7331856086231197 0.0781353459187675
2.796017461694916 0.06636326593041104
2.8588493147667116 0.054465120574387065
2.9216811678385075 0.042465364613047576
2.9845130209103035 0.030387541436074052
3.047344873982099 0.01825447564905813
3.1101767270538954 0.006088473204691483
3.173008580125691 -0.006088473204691483
3.2358404331974873 -0.01825447564905813
3.2986722862692828 -0.030387541436074052
3.3615041393410787 -0.042465364613047576
3.4243359924128747 -0.054465120574387065
3.48716784548467 -0.06636326593041104
3.549999698556466 -0.0781353459187675
3.612831551628262 -0.08975581180956699
3.675663404700058 -0.10119785096367664
3.7384952577718535 -0.11243323244249193
3.8013271108436495 -0.12343217132681862
3.8641589639154454 -0.13416321516981589
3.9269908169872414 -0.14459315626938624
3.989822670059038 -0.15468697368157772
4.052654523130833 -0.164407809088614
4.115486376202629 -0.17371698076106246
4.178318229274425 -0.18257403988947093
4.241150082346222 -0.19093687348152344
4.303981935418017 -0.19876185780106048
4.366813788489813 -0.20600406594085047
4.429645641561608 -0.21261753254987054
4.4924774946334045 -0.21855557796030206
4.5553093477052 -0.22377119296783807
4.618141200776996 -0.2282174843076435
4.680973053848792 -0.2318481794438934
4.743804906920587 -0.2346181876714587
4.806636759992383 -0.2364842127452864
4.869468613064179 -0.2374054103513173
4.932300466135976 -0.23734408177089136
4.995132319207771 -0.2362663931393839
5.057964172279567 -0.23414310784021422
5.120796025351362 -0.23095031789503098
5.183627878423159 -0.2266701587997891
5.246459731494955 -0.22129149120174435
5.3092915845667505 -0.21481053219291654
5.372123437638546 -0.20723141887608174
5.434955290710342 -0.19856668728562132
5.497787143782137 -0.1888376507401898
5.560618996853934 -0.17807466326395247
5.62345084992573 -0.16631725580822604
5.686282702997525 -0.15361413558010334
5.749114556069321 -0.14002304176067978
5.811946409141116 -0.12561045417596808
5.874778262212914 -0.11045115495897989
5.937610115284709 -0.09462764679566461
6.000441968356505 -0.07822943486401887
6.0632738214283 -0.06135218294363147
6.126105674500097 -0.04409675729091264
6.188937527571893 -0.02656817465508974
6.2517693806436885 -0.008874473178302783