0.031415926535897934 0.004424188172700183
0.0942477796076938 0.013260527581384875
0.15707963267948966 0.02206074830003764
0.21991148575128552 0.030800745097198594
0.2827433388230814 0.03945637415879691
0.34557519189487723 0.04800343883742892
0.4084070449666731 0.05641767666097802
0.47123889803846897 0.06467474806909249
0.5340707511102649 0.0727502274251876
0.5969026041820606 0.0806195969456095
0.6597344572538566 0.08825824429456479
0.7225663103256523 0.09564146471105732
0.7853981633974483 0.10274446865949464
0.8482300164692442 0.1095423961252761
0.91106186954104 0.11601033880625906
0.9738937226128359 0.122123371575342
1.0367255756846319 0.12785659470242025
1.0995574287564276 0.13318518841850216
1.1623892818282235 0.1380844814726313
1.2252211349000193 0.14253003536412553
1.2880529879718152 0.1464977459182058
1.350884841043611 0.14996396380113847
1.413716694115407 0.15290563542973026
1.4765485471872026 0.1553004655073568
1.5393804002589986 0.1571271021029838
1.6022122533307945 0.15836534477026604
1.6650441064025903 0.15899637567222746
1.7278759594743862 0.1590030130278825
1.7907078125461822 0.15836998542955755
1.853539665617978 0.1570842246986057
1.9163715186897736 0.1551351739649939
1.9792033717615696 0.1525151065938295
2.0420352248333655 0.14921945046995355
2.104867077905162 0.14524711103130325
2.1676989309769574 0.1406007853641359
2.230530784048753 0.13528725869921313
2.2933626371205493 0.12931767384586046
2.356194490192345 0.12270776354306794
2.4190263432641403 0.11547803546612852
2.4818581963359367 0.10765389977105706
2.5446900494077322 0.09926572964302047
2.607521902479528 0.09034884637700002
2.670353755551324 0.0809434220723249
2.7331856086231197 0.0710942950512958
2.796017461694916 0.060850695566405
2.8588493147667116 0.05026588215685357
2.9216811678385075 0.03939669203703514
2.9845130209103035 0.028303012004131642
3.047344873982099 0.01704717937699629
3.1101767270538954 0.005693325254610581
3.173008580125691 -0.005693325254610581
3.2358404331974873 -0.01704717937699629
3.2986722862692828 -0.028303012004131642
3.3615041393410787 -0.03939669203703514
3.4243359924128747 -0.05026588215685357
3.48716784548467 -0.060850695566405
3.549999698556466 -0.07109429505129566
3.612831551628262 -0.0809434220723249
3.675663404700058 -0.09034884637700002
3.7384952577718535 -0.0992657296430204
3.8013271108436495 -0.10765389977105706
3.8641589639154454 -0.11547803546612852
3.9269908169872414 -0.12270776354306794
3.989822670059038 -0.12931767384586057
4.052654523130833 -0.13528725869921313
4.115486376202629 -0.1406007853641359
4.178318229274425 -0.1452471110313033
4.241150082346222 -0.14921945046995366
4.303981935418017 -0.1525151065938295
4.366813788489813 -0.1551351739649939
4.429645641561608 -0.15708422469860553
4.4924774946334045 -0.1583699854295576
4.5553093477052 -0.1590030130278825
4.618141200776996 -0.15899637567222757
4.680973053848792 -0.158365344770266
4.743804906920587 -0.1571271021029838
4.806636759992383 -0.15530046550735685
4.869468613064179 -0.15290563542973026
4.932300466135976 -0.1499639638011385
4.995132319207771 -0.1464977459182058
5.057964172279567 -0.14253003536412565
5.120796025351362 -0.1380844814726313
5.183627878423159 -0.13318518841850216
5.246459731494955 -0.1278565947024203
5.3092915845667505 -0.122123371575342
5.372123437638546 -0.11601033880625906
5.434955290710342 -0.1095423961252761
5.497787143782137 -0.10274446865949462
5.560618996853934 -0.09564146471105732
5.62345084992573 -0.08825824429456479
5.686282702997525 -0.0806195969456095
5.749114556069321 -0.07275022742518762
5.811946409141116 -0.06467474806909257
5.874778262212914 -0.056417676660977946
5.937610115284709 -0.04800343883742892
6.000441968356505 -0.03945637415879691
6.0632738214283 -0.030800745097198594
6.126105674500097 -0.02206074830003764
6.188937527571893 -0.013260527581384747
6.2517693806436885 -0.004424188172700183