0.031415926535897934 0.0021052627235686196
0.0942477796076938 0.006308589490831763
0.15707963267948966 0.010490333708693456
0.21991148575128552 0.014636152080607168
0.2827433388230814 0.01873176927204175
0.34557519189487723 0.022763005807669757
0.4084070449666731 0.026715806675005577
0.47123889803846897 0.030576270827516308
0.5340707511102649 0.03433068177301133
0.5969026041820606 0.03796553942366475
0.6597344572538566 0.04146759337195447
0.7225663103256523 0.0448238777417433
0.7853981633974483 0.04802174774523551
0.8482300164692442 0.05104891805420457
0.91106186954104 0.053893503067260755
0.9738937226128359 0.05654405912365145
1.0367255756846319 0.05898962867779292
1.0995574287564276 0.061219786407195796
1.1623892818282235 0.06322468717951092
1.2252211349000193 0.06499511575208708
1.2880529879718152 0.06652253801986238
1.350884841043611 0.06779915356497918
1.413716694115407 0.0688179491947995
1.4765485471872026 0.06957275308485404
1.5393804002589986 0.0700582890707844
1.6022122533307945 0.0702702305599329
1.6650441064025903 0.07020525346055426
1.7278759594743862 0.06986108745661543
1.7907078125461822 0.06923656489098505
1.853539665617978 0.06833166646189298
1.9163715186897736 0.06714756288937992
1.9792033717615696 0.06568665167268112
2.0420352248333655 0.06395258803868477
2.104867077905162 0.061950309178246205
2.1676989309769574 0.05968605088347065
2.230530784048753 0.0571673557369663
2.2933626371205493 0.05440307206491974
2.356194490192345 0.05140334295042725
2.4190263432641403 0.0481795847119055
2.4818581963359367 0.04474445438284112
2.5446900494077322 0.04111180588203071
2.607521902479528 0.0372966347352585
2.670353755551324 0.03331501139670849
2.7331856086231197 0.029184003417028037
2.796017461694916 0.024921586909961956
2.8588493147667116 0.02054654797530262
2.9216811678385075 0.016078374936676357
2.9845130209103035 0.011537142442378223
3.047344873982099 0.006943388650090357
3.1101767270538954 0.0023179868663136447
3.173008580125691 -0.0023179868663136447
3.2358404331974873 -0.006943388650090357
3.2986722862692828 -0.011537142442378223
3.3615041393410787 -0.016078374936676357
3.4243359924128747 -0.02054654797530262
3.48716784548467 -0.024921586909961956
3.549999698556466 -0.029184003417028037
3.612831551628262 -0.03331501139670849
3.675663404700058 -0.0372966347352585
3.7384952577718535 -0.041111805882030616
3.8013271108436495 -0.04474445438284112
3.8641589639154454 -0.04817958471190541
3.9269908169872414 -0.05140334295042725
3.989822670059038 -0.054403072064919726
4.052654523130833 -0.0571673557369663
4.115486376202629 -0.05968605088347065
4.178318229274425 -0.061950309178246205
4.241150082346222 -0.06395258803868475
4.303981935418017 -0.06568665167268112
4.366813788489813 -0.06714756288937992
4.429645641561608 -0.06833166646189298
4.4924774946334045 -0.06923656489098505
4.5553093477052 -0.06986108745661543
4.618141200776996 -0.07020525346055426
4.680973053848792 -0.0702702305599329
4.743804906920587 -0.0700582890707844
4.806636759992383 -0.06957275308485411
4.869468613064179 -0.0688179491947995
4.932300466135976 -0.06779915356497918
4.995132319207771 -0.06652253801986238
5.057964172279567 -0.06499511575208708
5.120796025351362 -0.06322468717951085
5.183627878423159 -0.061219786407195796
5.246459731494955 -0.05898962867779292
5.3092915845667505 -0.05654405912365145
5.372123437638546 -0.053893503067260755
5.434955290710342 -0.05104891805420457
5.497787143782137 -0.04802174774523559
5.560618996853934 -0.044823877741743214
5.62345084992573 -0.04146759337195447
5.686282702997525 -0.03796553942366475
5.749114556069321 -0.03433068177301133
5.811946409141116 -0.030576270827516308
5.874778262212914 -0.026715806675005577
5.937610115284709 -0.022763005807669757
6.000441968356505 -0.01873176927204175
6.0632738214283 -0.014636152080607168
6.126105674500097 -0.010490333708693456
6.188937527571893 -0.006308589490831763
6.2517693806436885 -0.0021052627235686196