0.031415926535897934 0.007533812797093865
0.0942477796076938 0.022579147580379152
0.15707963267948966 0.03755763465774922
0.21991148575128552 0.05242479087189136
0.2827433388230814 0.06713625451666295
0.34557519189487723 0.08164783098947039
0.4084070449666731 0.09591553576840013
0.47123889803846897 0.10989563430442811
0.5340707511102649 0.12354467867379172
0.5969026041820606 0.1368195411347801
0.6597344572538566 0.14967744506987016
0.7225663103256523 0.16207599416037366
0.7853981633974483 0.17397320102777294
0.8482300164692442 0.1853275169739892
0.91106186954104 0.19609786485138617
0.9738937226128359 0.20624367748083025
1.0367255756846319 0.2157249444000502
1.0995574287564276 0.2245022700511463
1.1623892818282235 0.23253694679034947
1.2252211349000193 0.23979104630853826
1.2880529879718152 0.2462275331696487
1.350884841043611 0.2518104041864438
1.413716694115407 0.2565048572384876
1.4765485471872026 0.26027749287396407
1.5393804002589986 0.2630965516035163
1.6022122533307945 0.2649321891697986
1.6650441064025903 0.265756791242562
1.7278759594743862 0.2655453279318466
1.7907078125461822 0.26427574722386027
1.853539665617978 0.2619294049273612
1.9163715186897736 0.258491526987091
1.9792033717615696 0.2539516981044512
2.0420352248333655 0.24830436855154933
2.104867077905162 0.24154936894018308
2.1676989309769574 0.23369242060047707
2.230530784048753 0.22474562724317113
2.2933626371205493 0.21472793185117162
2.356194490192345 0.20366552140878547
2.4190263432641403 0.19159216127512316
2.4818581963359367 0.17854944088062896
2.5446900494077322 0.16458691309458515
2.607521902479528 0.1497621111682622
2.670353755551324 0.13414042965043313
2.7331856086231197 0.11779485909023964
2.796017461694916 0.10080556861254021
2.8588493147667116 0.08325933542894205
2.9216811678385075 0.0652488258222226
2.9845130209103035 0.04687173784280482
3.047344873982099 0.028229821570925167
3.1101767270538954 0.009427797994610156
3.173008580125691 -0.009427797994610156
3.2358404331974873 -0.028229821570925167
3.2986722862692828 -0.04687173784280482
3.3615041393410787 -0.0652488258222226
3.4243359924128747 -0.08325933542894205
3.48716784548467 -0.10080556861254021
3.549999698556466 -0.11779485909023943
3.612831551628262 -0.13414042965043313
3.675663404700058 -0.1497621111682622
3.7384952577718535 -0.1645869130945849
3.8013271108436495 -0.17854944088062896
3.8641589639154454 -0.19159216127512302
3.9269908169872414 -0.20366552140878547
3.989822670059038 -0.2147279318511719
4.052654523130833 -0.22474562724317113
4.115486376202629 -0.23369242060047707
4.178318229274425 -0.24154936894018322
4.241150082346222 -0.24830436855154941
4.303981935418017 -0.25395169810445134
4.366813788489813 -0.258491526987091
4.429645641561608 -0.2619294049273612
4.4924774946334045 -0.2642757472238602
4.5553093477052 -0.2655453279318466
4.618141200776996 -0.2657567912425621
4.680973053848792 -0.2649321891697986
4.743804906920587 -0.2630965516035163
4.806636759992383 -0.260277492873964
4.869468613064179 -0.2565048572384876
4.932300466135976 -0.25181040418644374
4.995132319207771 -0.24622753316964874
5.057964172279567 -0.23979104630853834
5.120796025351362 -0.23253694679034945
5.183627878423159 -0.2245022700511463
5.246459731494955 -0.21572494440005008
5.3092915845667505 -0.20624367748083025
5.372123437638546 -0.19609786485138617
5.434955290710342 -0.18532751697398933
5.497787143782137 -0.17397320102777317
5.560618996853934 -0.16207599416037366
5.62345084992573 -0.14967744506987016
5.686282702997525 -0.1368195411347801
5.749114556069321 -0.12354467867379178
5.811946409141116 -0.10989563430442828
5.874778262212914 -0.09591553576839999
5.937610115284709 -0.08164783098947039
6.000441968356505 -0.06713625451666295
6.0632738214283 -0.05242479087189143
6.126105674500097 -0.03755763465774922
6.188937527571893 -0.022579147580379075
6.2517693806436885 -0.007533812797093865