0.031415926535897934 0.00031188658638131806
0.0942477796076938 0.000934461421428496
0.15707963267948966 0.0015534454730449679
0.21991148575128552 0.0021664589753812714
0.2827433388230814 0.0027711432646920302
0.34557519189487723 0.0033651691548417335
0.4084070449666731 0.0039462452469424284
0.47123889803846897 0.004512126153556247
0.5340707511102649 0.005060620617352964
0.5969026041820606 0.0055895995034834925
0.6597344572538566 0.00609700364420648
0.7225663103256523 0.006580851513526867
0.7853981633974483 0.007039246708778795
0.8482300164692442 0.007470385215225739
0.91106186954104 0.007872562428901983
0.9738937226128359 0.008244179912081965
1.0367255756846319 0.008583751854982185
1.0995574287564276 0.008889911216592201
1.1623892818282235 0.009161415516926633
1.2252211349000193 0.009397152252524082
1.2880529879718152 0.00959614390670578
1.350884841043611 0.009757552525998772
1.413716694115407 0.009880683834222323
1.4765485471872026 0.009964990856093548
1.5393804002589986 0.010010077022817544
1.6022122533307945 0.010015698733042975
1.6650441064025903 0.009981767343781776
1.7278759594743862 0.009908350567435541
1.7907078125461822 0.009795673252956515
1.853539665617978 0.009644117531393128
1.9163715186897736 0.009454222308640533
1.9792033717615696 0.009226682091126799
2.0420352248333655 0.008962345133396898
2.104867077905162 0.008662210900116098
2.1676989309769574 0.008327426838846484
2.230530784048753 0.007959284464054096
2.2933626371205493 0.007559214757137018
2.356194490192345 0.007128782891768495
2.4190263432641403 0.006669682298511312
2.4818581963359367 0.006183728087398212
2.5446900494077322 0.005672849851947907
2.607521902479528 0.005139083882849159
2.670353755551324 0.004584564824204563
2.7331856086231197 0.0040115168097662945
2.796017461694916 0.003422244120908367
2.8588493147667116 0.0028191214121456296
2.9216811678385075 0.0022045835537396145
2.9845130209103035 0.0015811151442951456
3.047344873982099 0.0009512397491824331
3.1101767270538954 0.000317508923083346
3.173008580125691 -0.000317508923083346
3.2358404331974873 -0.0009512397491824331
3.2986722862692828 -0.0015811151442951456
3.3615041393410787 -0.0022045835537396145
3.4243359924128747 -0.0028191214121456296
3.48716784548467 -0.003422244120908367
3.549999698556466 -0.0040115168097662945
3.612831551628262 -0.004584564824204563
3.675663404700058 -0.005139083882849159
3.7384952577718535 -0.005672849851947907
3.8013271108436495 -0.006183728087398212
3.8641589639154454 -0.006669682298511312
3.9269908169872414 -0.007128782891768495
3.989822670059038 -0.007559214757137018
4.052654523130833 -0.007959284464054096
4.115486376202629 -0.008327426838846484
4.178318229274425 -0.008662210900116098
4.241150082346222 -0.008962345133396898
4.303981935418017 -0.009226682091126799
4.366813788489813 -0.009454222308640533
4.429645641561608 -0.009644117531393128
4.4924774946334045 -0.009795673252956515
4.5553093477052 -0.009908350567435541
4.618141200776996 -0.009981767343781776
4.680973053848792 -0.010015698733042975
4.743804906920587 -0.010010077022817544
4.806636759992383 -0.009964990856093548
4.869468613064179 -0.009880683834222323
4.932300466135976 -0.009757552525998772
4.995132319207771 -0.00959614390670578
5.057964172279567 -0.009397152252524082
5.120796025351362 -0.009161415516926633
5.183627878423159 -0.008889911216592201
5.246459731494955 -0.008583751854982185
5.3092915845667505 -0.008244179912081965
5.372123437638546 -0.007872562428901983
5.434955290710342 -0.007470385215225739
5.497787143782137 -0.007039246708778795
5.560618996853934 -0.006580851513526867
5.62345084992573 -0.00609700364420648
5.686282702997525 -0.0055895995034834925
5.749114556069321 -0.005060620617352964
5.811946409141116 -0.004512126153556247
5.874778262212914 -0.0039462452469424284
5.937610115284709 -0.0033651691548417335
6.000441968356505 -0.0027711432646920302
6.0632738214283 -0.002166458975381349
6.126105674500097 -0.0015534454730449679
6.188937527571893 -0.000934461421428496
6.2517693806436885 -0.00031188658638131806