0.031415926535897934 0.008771475921603992
0.0942477796076938 0.026280175942256012
0.15707963267948966 0.04368626905875959
0.21991148575128552 0.060921844415618646
0.2827433388230814 0.07791972669619864
0.34557519189487723 0.09461376032933376
0.4084070449666731 0.11093908404272594
0.47123889803846897 0.12683239349741984
0.5340707511102649 0.14223219007998839
0.5969026041820606 0.1570790143191488
0.6597344572538566 0.17131566281643118
0.7225663103256523 0.18488738802031082
0.7853981633974483 0.1977420806136038
0.8482300164692442 0.2098304347089573
0.91106186954104 0.22110609644185777
0.9738937226128359 0.23152579690108926
1.0367255756846319 0.24104947063120127
1.0995574287564276 0.2496403611706712
1.1623892818282235 0.25726511524586715
1.2252211349000193 0.26389386731994974
1.2880529879718152 0.2695003161954135
1.350884841043611 0.2740617952895021
1.413716694115407 0.2775593380461225
1.4765485471872026 0.2799777397213747
1.5393804002589986 0.28130561648972474
1.6022122533307945 0.28153546247352174
1.6650441064025903 0.28066370491102993
1.7278759594743862 0.2786907572599888
1.7907078125461822 0.2756210695987956
1.853539665617978 0.2714631752505616
1.9163715186897736 0.26622973213210194
1.9792033717615696 0.2599375569363107
2.0420352248333655 0.25260764990820156
2.104867077905162 0.244265207687602
2.1676989309769574 0.2349396214794207
2.230530784048753 0.22466445768846535
2.2933626371205493 0.2134774181306465
2.356194490192345 0.20142027701406218
2.4190263432641403 0.1885387920766128
2.4818581963359367 0.17488258757230843
2.5446900494077322 0.1605050072129938
2.607521902479528 0.14546293568802296
2.670353755551324 0.1298165879891759
2.7331856086231197 0.11362926644510014
2.796017461694916 0.0969670860981878
2.8588493147667116 0.0798986698130443
2.9216811678385075 0.062494815263219004
2.9845130209103035 0.04482813667393126
3.047344873982099 0.026972684875308302
3.1101767270538954 0.009003549816640598
3.173008580125691 -0.009003549816640598
3.2358404331974873 -0.026972684875308302
3.2986722862692828 -0.04482813667393126
3.3615041393410787 -0.062494815263219004
3.4243359924128747 -0.0798986698130443
3.48716784548467 -0.0969670860981878
3.549999698556466 -0.1136292664451
3.612831551628262 -0.1298165879891759
3.675663404700058 -0.14546293568802296
3.7384952577718535 -0.16050500721299363
3.8013271108436495 -0.17488258757230843
3.8641589639154454 -0.18853879207661278
3.9269908169872414 -0.20142027701406218
3.989822670059038 -0.21347741813064655
4.052654523130833 -0.22466445768846535
4.115486376202629 -0.2349396214794207
4.178318229274425 -0.2442652076876022
4.241150082346222 -0.25260764990820167
4.303981935418017 -0.2599375569363107
4.366813788489813 -0.26622973213210194
4.429645641561608 -0.2714631752505616
4.4924774946334045 -0.27562106959879573
4.5553093477052 -0.2786907572599888
4.618141200776996 -0.2806637049110301
4.680973053848792 -0.28153546247352174
4.743804906920587 -0.28130561648972474
4.806636759992383 -0.27997773972137485
4.869468613064179 -0.2775593380461225
4.932300466135976 -0.27406179528950203
4.995132319207771 -0.26950031619541354
5.057964172279567 -0.2638938673199498
5.120796025351362 -0.25726511524586737
5.183627878423159 -0.2496403611706712
5.246459731494955 -0.2410494706312012
5.3092915845667505 -0.23152579690108926
5.372123437638546 -0.22110609644185777
5.434955290710342 -0.20983043470895732
5.497787143782137 -0.19774208061360393
5.560618996853934 -0.18488738802031082
5.62345084992573 -0.17131566281643118
5.686282702997525 -0.1570790143191488
5.749114556069321 -0.14223219007998852
5.811946409141116 -0.12683239349741995
5.874778262212914 -0.11093908404272577
5.937610115284709 -0.09461376032933376
6.000441968356505 -0.07791972669619864
6.0632738214283 -0.06092184441561873
6.126105674500097 -0.04368626905875959
6.188937527571893 -0.02628017594225588
6.2517693806436885 -0.008771475921603992