0.031415926535897934 0.008293241239848538
0.0942477796076938 0.024845737720570263
0.15707963267948966 0.041296440922361274
0.21991148575128552 0.05757803618311717
0.2827433388230814 0.07362402478609244
0.34557519189487723 0.08936903978573685
0.4084070449666731 0.10474915157628377
0.47123889803846897 0.119702160681814
0.5340707511102649 0.13416787553288215
0.5969026041820606 0.14808837332304617
0.6597344572538566 0.1614082423972925
0.7225663103256523 0.17407480500118147
0.7853981633974483 0.18603831960201936
0.8482300164692442 0.19725216236927012
0.91106186954104 0.20767298775918622
0.9738937226128359 0.2172608684778984
1.0367255756846319 0.22597941538899774
1.0995574287564276 0.23379587817881814
1.1623892818282235 0.24068122778988363
1.2252211349000193 0.246610221777057
1.2880529879718152 0.25156145383053424
1.350884841043611 0.2555173887456159
1.413716694115407 0.25846438410363265
1.4765485471872026 0.26039269986552627
1.5393804002589986 0.2612964969748953
1.6022122533307945 0.26117382592737753
1.6650441064025903 0.2600266060955361
1.7278759594743862 0.25786059641106557
1.7907078125461822 0.25468535780751583
1.853539665617978 0.2505142076254034
1.9163715186897736 0.24536416598583596
1.9792033717615696 0.23925589395658015
2.0420352248333655 0.23221362317311345
2.104867077905162 0.22426507644313745
2.1676989309769574 0.2154413787617188
2.230530784048753 0.20577695809999713
2.2933626371205493 0.19530943530625938
2.356194490192345 0.18407950247576316
2.4190263432641403 0.1721307892051677
2.4818581963359367 0.15950971624751997
2.5446900494077322 0.1462653362216662
2.607521902479528 0.13244916120161054
2.670353755551324 0.11811497721127079
2.7331856086231197 0.10331864587178405
2.796017461694916 0.08811789368454225
2.8588493147667116 0.07257208967542227
2.9216811678385075 0.05674201236574994
2.9845130209103035 0.0406896072649274
3.047344873982099 0.024477736290101117
3.1101767270538954 0.008169920702147815
3.173008580125691 -0.008169920702147815
3.2358404331974873 -0.024477736290101117
3.2986722862692828 -0.0406896072649274
3.3615041393410787 -0.05674201236574994
3.4243359924128747 -0.07257208967542227
3.48716784548467 -0.08811789368454225
3.549999698556466 -0.10331864587178399
3.612831551628262 -0.11811497721127079
3.675663404700058 -0.13244916120161054
3.7384952577718535 -0.1462653362216662
3.8013271108436495 -0.15950971624751997
3.8641589639154454 -0.17213078920516764
3.9269908169872414 -0.18407950247576316
3.989822670059038 -0.19530943530625955
4.052654523130833 -0.20577695809999713
4.115486376202629 -0.2154413787617188
4.178318229274425 -0.2242650764431376
4.241150082346222 -0.2322136231731136
4.303981935418017 -0.23925589395657998
4.366813788489813 -0.24536416598583596
4.429645641561608 -0.2505142076254031
4.4924774946334045 -0.25468535780751583
4.5553093477052 -0.25786059641106557
4.618141200776996 -0.26002660609553596
4.680973053848792 -0.26117382592737753
4.743804906920587 -0.26129649697489543
4.806636759992383 -0.2603926998655261
4.869468613064179 -0.25846438410363265
4.932300466135976 -0.2555173887456159
4.995132319207771 -0.25156145383053424
5.057964172279567 -0.2466102217770571
5.120796025351362 -0.2406812277898834
5.183627878423159 -0.23379587817881814
5.246459731494955 -0.22597941538899766
5.3092915845667505 -0.2172608684778984
5.372123437638546 -0.20767298775918622
5.434955290710342 -0.19725216236927018
5.497787143782137 -0.18603831960201966
5.560618996853934 -0.17407480500118136
5.62345084992573 -0.1614082423972925
5.686282702997525 -0.14808837332304617
5.749114556069321 -0.13416787553288229
5.811946409141116 -0.11970216068181422
5.874778262212914 -0.10474915157628376
5.937610115284709 -0.08936903978573685
6.000441968356505 -0.07362402478609244
6.0632738214283 -0.057578036183117284
6.126105674500097 -0.041296440922361274
6.188937527571893 -0.024845737720570162
6.2517693806436885 -0.008293241239848538