0.031415926535897934 0.0068220372966627816
0.0942477796076938 0.02044740365907809
0.15707963267948966 0.034016647769706726
0.21991148575128552 0.047492362683758546
0.2827433388230814 0.0608371524518395
0.34557519189487723 0.07401363492718202
0.4084070449666731 0.08698444318474197
0.47123889803846897 0.09971222544182484
0.5340707511102649 0.1121596435786244
0.5969026041820606 0.12428937060555827
0.6597344572538566 0.13606408770858533
0.7225663103256523 0.14744648181913306
0.7853981633974483 0.158399244996291
0.8482300164692442 0.1688850772691389
0.91106186954104 0.17886669495895371
0.9738937226128359 0.18830684687580318
1.0367255756846319 0.19716834115140675
1.0995574287564276 0.20541408581802115
1.1623892818282235 0.21300714655730232
1.2252211349000193 0.21991082530702313
1.2880529879718152 0.22608876360800098
1.350884841043611 0.231505074676593
1.413716694115407 0.23612450817503683
1.4765485471872026 0.23991265149556878
1.5393804002589986 0.24283617104577407
1.6022122533307945 0.24486309649236715
1.6650441064025903 0.24596315015978434
1.7278759594743862 0.2461081227628523
1.7907078125461822 0.2452722953594857
1.853539665617978 0.24343290582920532
1.9163715186897736 0.24057065631877064
1.9792033717615696 0.2366702559672881
2.0420352248333655 0.23172099087123804
2.104867077905162 0.2257173107416676
2.1676989309769574 0.21865941913594836
2.230530784048753 0.21055385163829918
2.2933626371205493 0.2014140240672277
2.356194490192345 0.1912607308769362
2.4190263432641403 0.1801225725803545
2.4818581963359367 0.16803629044234666
2.5446900494077322 0.15504698704739292
2.607521902479528 0.1412082127790788
2.670353755551324 0.1265819008498301
2.7331856086231197 0.11123813730926715
2.796017461694916 0.09525475737419734
2.8588493147667116 0.07871676530474947
2.9216811678385075 0.06171558164752803
2.9845130209103035 0.04434812864166826
3.047344873982099 0.026715771536692242
3.1101767270538954 0.008923140066966843
3.173008580125691 -0.008923140066966843
3.2358404331974873 -0.026715771536692242
3.2986722862692828 -0.04434812864166826
3.3615041393410787 -0.06171558164752803
3.4243359924128747 -0.07871676530474947
3.48716784548467 -0.09525475737419734
3.549999698556466 -0.11123813730926704
3.612831551628262 -0.1265819008498301
3.675663404700058 -0.1412082127790788
3.7384952577718535 -0.15504698704739267
3.8013271108436495 -0.16803629044234666
3.8641589639154454 -0.1801225725803545
3.9269908169872414 -0.1912607308769362
3.989822670059038 -0.20141402406722786
4.052654523130833 -0.21055385163829918
4.115486376202629 -0.21865941913594836
4.178318229274425 -0.2257173107416676
4.241150082346222 -0.231720990871238
4.303981935418017 -0.23667025596728816
4.366813788489813 -0.24057065631877064
4.429645641561608 -0.24343290582920532
4.4924774946334045 -0.24527229535948572
4.5553093477052 -0.2461081227628523
4.618141200776996 -0.2459631501597844
4.680973053848792 -0.2448630964923673
4.743804906920587 -0.24283617104577412
4.806636759992383 -0.23991265149556884
4.869468613064179 -0.23612450817503683
4.932300466135976 -0.231505074676593
4.995132319207771 -0.22608876360800093
5.057964172279567 -0.21991082530702313
5.120796025351362 -0.21300714655730218
5.183627878423159 -0.20541408581802115
5.246459731494955 -0.19716834115140658
5.3092915845667505 -0.18830684687580318
5.372123437638546 -0.17886669495895371
5.434955290710342 -0.1688850772691389
5.497787143782137 -0.15839924499629096
5.560618996853934 -0.147446481819133
5.62345084992573 -0.13606408770858533
5.686282702997525 -0.12428937060555827
5.749114556069321 -0.11215964357862455
5.811946409141116 -0.09971222544182509
5.874778262212914 -0.08698444318474188
5.937610115284709 -0.07401363492718202
6.000441968356505 -0.0608371524518395
6.0632738214283 -0.047492362683758546
6.126105674500097 -0.034016647769706726
6.188937527571893 -0.02044740365907809
6.2517693806436885 -0.0068220372966627816