0.031415926535897934 0.0026994875790585797
0.0942477796076938 0.008088560635213626
0.15707963267948966 0.013447956874721015
0.21991148575128552 0.01875799001270365
0.2827433388230814 0.023999121022031406
0.34557519189487723 0.02915201677707024
0.4084070449666731 0.03419760844672045
0.47123889803846897 0.03911714957676182
0.5340707511102649 0.04389227380907159
0.5969026041820606 0.04850505219323828
0.6597344572538566 0.052938050053767734
0.7225663103256523 0.057174383382704703
0.7853981633974483 0.06119777473228325
0.8482300164692442 0.06499260858436637
0.91106186954104 0.06854398617215278
0.9738937226128359 0.07183777972420478
1.0367255756846319 0.07486068609063742
1.0995574287564276 0.07760027969581469
1.1623892818282235 0.08004506474073972
1.2252211349000193 0.0821845265513574
1.2880529879718152 0.08400918193623123
1.350884841043611 0.0855106283787717
1.413716694115407 0.08668159184592883
1.4765485471872026 0.08751597294775382
1.5393804002589986 0.08800889113156504
1.6022122533307945 0.08815672654188719
1.6650441064025903 0.08795715912444797
1.7278759594743862 0.08740920450104832
1.7907078125461822 0.08651324609404583
1.853539665617978 0.08527106293658619
1.9163715186897736 0.08368585256974526
1.9792033717615696 0.08176224840260259
2.0420352248333655 0.0795063308980518
2.104867077905162 0.07692563194782659
2.1676989309769574 0.07402913181650216
2.230530784048753 0.07082724806748364
2.2933626371205493 0.06733181593517677
2.356194490192345 0.06355605967707464
2.4190263432641403 0.05951455452726139
2.4818581963359367 0.05522317897804676
2.5446900494077322 0.05069905723767345
2.607521902479528 0.04596049184718305
2.670353755551324 0.0410268865858473
2.7331856086231197 0.03591865994875509
2.796017461694916 0.030657149638372024
2.8588493147667116 0.025264508669978657
2.9216811678385075 0.019763593844425168
2.9845130209103035 0.014177847486135391
3.047344873982099 0.00853117347535952
3.1101767270538954 0.002847808717248415
3.173008580125691 -0.002847808717248415
3.2358404331974873 -0.00853117347535952
3.2986722862692828 -0.014177847486135391
3.3615041393410787 -0.019763593844425168
3.4243359924128747 -0.025264508669978657
3.48716784548467 -0.030657149638372024
3.549999698556466 -0.035918659948754976
3.612831551628262 -0.0410268865858473
3.675663404700058 -0.04596049184718305
3.7384952577718535 -0.05069905723767337
3.8013271108436495 -0.05522317897804676
3.8641589639154454 -0.0595145545272613
3.9269908169872414 -0.06355605967707464
3.989822670059038 -0.0673318159351769
4.052654523130833 -0.07082724806748364
4.115486376202629 -0.07402913181650216
4.178318229274425 -0.07692563194782663
4.241150082346222 -0.07950633089805176
4.303981935418017 -0.08176224840260263
4.366813788489813 -0.08368585256974526
4.429645641561608 -0.08527106293658619
4.4924774946334045 -0.0865132460940458
4.5553093477052 -0.08740920450104832
4.618141200776996 -0.08795715912444806
4.680973053848792 -0.08815672654188711
4.743804906920587 -0.08800889113156511
4.806636759992383 -0.08751597294775387
4.869468613064179 -0.08668159184592883
4.932300466135976 -0.08551062837877164
4.995132319207771 -0.08400918193623122
5.057964172279567 -0.08218452655135743
5.120796025351362 -0.08004506474073958
5.183627878423159 -0.07760027969581469
5.246459731494955 -0.07486068609063738
5.3092915845667505 -0.07183777972420478
5.372123437638546 -0.06854398617215278
5.434955290710342 -0.06499260858436634
5.497787143782137 -0.06119777473228336
5.560618996853934 -0.05717438338270468
5.62345084992573 -0.052938050053767734
5.686282702997525 -0.04850505219323828
5.749114556069321 -0.043892273809071625
5.811946409141116 -0.0391171495767619
5.874778262212914 -0.034197608446720415
5.937610115284709 -0.02915201677707024
6.000441968356505 -0.023999121022031406
6.0632738214283 -0.01875799001270365
6.126105674500097 -0.013447956874721015
6.188937527571893 -0.008088560635213626
6.2517693806436885 -0.0026994875790585797