0.031415926535897934 0.001267474842896656
0.0942477796076938 0.0037976816085226513
0.15707963267948966 0.006313674634310009
0.21991148575128552 0.008806028148626265
0.2827433388230814 0.011265391413154328
0.34557519189487723 0.013682518637162331
0.4084070449666731 0.016048298790580503
0.47123889803846897 0.018353785283871726
0.5340707511102649 0.020590225480257292
0.5969026041820606 0.022749090002822433
0.6597344572538566 0.024822101795304648
0.7225663103256523 0.026801264890935553
0.7853981633974483 0.028678892838529462
0.8482300164692442 0.030447636729049602
0.91106186954104 0.03210051275913815
0.9738937226128359 0.03363092926057533
1.0367255756846319 0.035032713116354364
1.0995574287564276 0.03630013547511624
1.1623892818282235 0.03742793666613325
1.2252211349000193 0.03841135020703581
1.2880529879718152 0.03924612578617015
1.350884841043611 0.03992855109109369
1.413716694115407 0.04045547234447125
1.4765485471872026 0.0408243133988335
1.5393804002589986 0.04103309323258668
1.6022122533307945 0.04108044168167303
1.6650441064025903 0.040965613234722496
1.7278759594743862 0.040688498714776714
1.7907078125461822 0.0402496346680864
1.853539665617978 0.03965021028043376
1.9163715186897736 0.03889207164426022
1.9792033717615696 0.03797772320588949
2.0420352248333655 0.03691032623158298
2.104867077905162 0.03569369414424451
2.1676989309769574 0.03433228459943025
2.230530784048753 0.032831188189938035
2.2933626371205493 0.03119611369260421
2.356194490192345 0.02943336979884873
2.4190263432641403 0.027549843301713228
2.4818581963359367 0.025552973746250235
2.5446900494077322 0.02345072458666614
2.607521902479528 0.02125155093199351
2.670353755551324 0.018964364001628924
2.7331856086231197 0.016598492452039076
2.796017461694916 0.014163640775547682
2.8588493147667116 0.011669845010508715
2.9216811678385075 0.00912742603853152
2.9845130209103035 0.00654694077790928
3.047344873982099 0.003939131612244769
3.1101767270538954 0.0013148744187553363
3.173008580125691 -0.0013148744187553363
3.2358404331974873 -0.003939131612244769
3.2986722862692828 -0.00654694077790928
3.3615041393410787 -0.00912742603853152
3.4243359924128747 -0.011669845010508715
3.48716784548467 -0.014163640775547682
3.549999698556466 -0.016598492452039076
3.612831551628262 -0.018964364001628924
3.675663404700058 -0.02125155093199351
3.7384952577718535 -0.02345072458666614
3.8013271108436495 -0.025552973746250235
3.8641589639154454 -0.02754984330171316
3.9269908169872414 -0.02943336979884873
3.989822670059038 -0.031196113692604208
4.052654523130833 -0.032831188189938035
4.115486376202629 -0.03433228459943025
4.178318229274425 -0.0356936941442445
4.241150082346222 -0.036910326231582906
4.303981935418017 -0.037977723205889546
4.366813788489813 -0.03889207164426022
4.429645641561608 -0.03965021028043367
4.4924774946334045 -0.04024963466808648
4.5553093477052 -0.040688498714776714
4.618141200776996 -0.04096561323472258
4.680973053848792 -0.041080441681673026
4.743804906920587 -0.04103309323258655
4.806636759992383 -0.04082431339883352
4.869468613064179 -0.04045547234447125
4.932300466135976 -0.03992855109109367
4.995132319207771 -0.03924612578617015
5.057964172279567 -0.03841135020703582
5.120796025351362 -0.03742793666613336
5.183627878423159 -0.03630013547511624
5.246459731494955 -0.03503271311635439
5.3092915845667505 -0.03363092926057533
5.372123437638546 -0.03210051275913815
5.434955290710342 -0.03044763672904954
5.497787143782137 -0.02867889283852944
5.560618996853934 -0.02680126489093553
5.62345084992573 -0.024822101795304648
5.686282702997525 -0.022749090002822433
5.749114556069321 -0.020590225480257233
5.811946409141116 -0.018353785283871785
5.874778262212914 -0.01604829879058045
5.937610115284709 -0.013682518637162331
6.000441968356505 -0.011265391413154328
6.0632738214283 -0.008806028148626311
6.126105674500097 -0.006313674634310009
6.188937527571893 -0.0037976816085226535
6.2517693806436885 -0.001267474842896656