0.031415926535897934 0.009857476914129092
0.0942477796076938 0.029521405377214677
0.15707963267948966 0.04903266141262998
0.21991148575128552 0.06829080401548468
0.2827433388230814 0.08719738584967518
0.34557519189487723 0.1056567164267755
0.4084070449666731 0.12357659150113127
0.47123889803846897 0.14086897976016136
0.5340707511102649 0.15745065845315212
0.5969026041820606 0.17324379030423237
0.6597344572538566 0.18817643489749133
0.7225663103256523 0.20218298870198237
0.7853981633974483 0.2152045490138458
0.8482300164692442 0.22718919831797302
0.91106186954104 0.23809220689179525
0.9738937226128359 0.2478761528617812
1.0367255756846319 0.25651096034622894
1.0995574287564276 0.26397385773879845
1.1623892818282235 0.2702492595661751
1.2252211349000193 0.2753285766500615
1.2880529879718152 0.2792099604798042
1.350884841043611 0.2818979887226283
1.413716694115407 0.2834032996347378
1.4765485471872026 0.2837421837667156
1.5393804002589986 0.2829361417674039
1.6022122533307945 0.2810114172772225
1.6650441064025903 0.2779985138689465
1.7278759594743862 0.2739317047537191
1.7907078125461822 0.26884854354205795
1.853539665617978 0.26278938375906286
1.9163715186897736 0.25579691408928795
1.9792033717615696 0.2479157155015353
2.0420352248333655 0.23919184550956488
2.104867077905162 0.2296724538929773
2.1676989309769574 0.21940543326270193
2.230530784048753 0.20843910693374954
2.2933626371205493 0.19682195568635572
2.356194490192345 0.18460238417304486
2.4190263432641403 0.17182852697662243
2.4818581963359367 0.15854809365127492
2.5446900494077322 0.1448082514902135
2.607521902479528 0.13065554425929987
2.670353755551324 0.11613584471431723
2.7331856086231197 0.10129433837488525
2.796017461694916 0.0861755357534732
2.8588493147667116 0.07082331002525351
2.9216811678385075 0.055280956964673195
2.9845130209103035 0.03959127385850632
3.047344873982099 0.023796654023952927
3.1101767270538954 0.00793919350602697
3.173008580125691 -0.00793919350602697
3.2358404331974873 -0.023796654023952927
3.2986722862692828 -0.03959127385850632
3.3615041393410787 -0.055280956964673195
3.4243359924128747 -0.07082331002525351
3.48716784548467 -0.0861755357534732
3.549999698556466 -0.10129433837488525
3.612831551628262 -0.11613584471431723
3.675663404700058 -0.13065554425929987
3.7384952577718535 -0.14480825149021342
3.8013271108436495 -0.15854809365127492
3.8641589639154454 -0.17182852697662238
3.9269908169872414 -0.18460238417304486
3.989822670059038 -0.19682195568635585
4.052654523130833 -0.20843910693374954
4.115486376202629 -0.21940543326270193
4.178318229274425 -0.22967245389297736
4.241150082346222 -0.239191845509565
4.303981935418017 -0.24791571550153524
4.366813788489813 -0.25579691408928795
4.429645641561608 -0.2627893837590629
4.4924774946334045 -0.268848543542058
4.5553093477052 -0.2739317047537191
4.618141200776996 -0.27799851386894653
4.680973053848792 -0.2810114172772226
4.743804906920587 -0.2829361417674039
4.806636759992383 -0.28374218376671556
4.869468613064179 -0.2834032996347378
4.932300466135976 -0.2818979887226282
4.995132319207771 -0.27920996047980423
5.057964172279567 -0.27532857665006155
5.120796025351362 -0.27024925956617507
5.183627878423159 -0.26397385773879845
5.246459731494955 -0.25651096034622883
5.3092915845667505 -0.2478761528617812
5.372123437638546 -0.23809220689179525
5.434955290710342 -0.2271891983179731
5.497787143782137 -0.21520454901384606
5.560618996853934 -0.20218298870198237
5.62345084992573 -0.18817643489749133
5.686282702997525 -0.17324379030423237
5.749114556069321 -0.15745065845315234
5.811946409141116 -0.14086897976016163
5.874778262212914 -0.12357659150113115
5.937610115284709 -0.1056567164267755
6.000441968356505 -0.08719738584967518
6.0632738214283 -0.06829080401548483
6.126105674500097 -0.04903266141262998
6.188937527571893 -0.029521405377214604
6.2517693806436885 -0.009857476914129092