0.031415926535897934 0.0037057864436113863
0.0942477796076938 0.011106828464579166
0.15707963267948966 0.018476274321885183
0.21991148575128552 0.02579304824319628
0.2827433388230814 0.03303605773579213
0.34557519189487723 0.04018418846618347
0.4084070449666731 0.04721630075105798
0.47123889803846897 0.05411122818088915
0.5340707511102649 0.0608477789410193
0.5969026041820606 0.06740474044559944
0.6597344572538566 0.07376088795578659
0.7225663103256523 0.07989499791305393
0.7853981633974483 0.08578586677889215
0.8482300164692442 0.09141233623067613
0.91106186954104 0.09675332561662879
0.9738937226128359 0.10178787261670487
1.0367255756846319 0.10649518308640127
1.0995574287564276 0.11085469107196962
1.1623892818282235 0.114846129972832
1.2252211349000193 0.11844961578428065
1.2880529879718152 0.1216457432746462
1.350884841043611 0.12441569582978311
1.413716694115407 0.12674136952787793
1.4765485471872026 0.12860551178360272
1.5393804002589986 0.12999187461785477
1.6022122533307945 0.13088538226439939
1.6650441064025903 0.13127231241634277
1.7278759594743862 0.1311404899447086
1.7907078125461822 0.13047949139292372
1.853539665617978 0.12928085797298336
1.9163715186897736 0.12753831417412034
1.9792033717615696 0.12524798846036594
2.0420352248333655 0.1224086319018341
2.104867077905162 0.11902182998308519
2.1676989309769574 0.11509220229205677
2.230530784048753 0.11062758434958901
2.2933626371205493 0.10563918552926407
2.356194490192345 0.10014171687666643
2.4190263432641403 0.09415348270035316
2.4818581963359367 0.08769643010255555
2.5446900494077322 0.08079615116649284
2.607521902479528 0.0734818333286981
2.670353755551324 0.06578615453488874
2.7331856086231197 0.057745121087279
2.796017461694916 0.04939784760416106
2.8588493147667116 0.04078628017750446
2.9216811678385075 0.03195486556542412
2.9845130209103035 0.022950171016670084
3.047344873982099 0.013820461010002949
3.1101767270538954 0.004615238717125977
3.173008580125691 -0.004615238717125977
3.2358404331974873 -0.013820461010002949
3.2986722862692828 -0.022950171016670084
3.3615041393410787 -0.03195486556542412
3.4243359924128747 -0.04078628017750446
3.48716784548467 -0.04939784760416106
3.549999698556466 -0.05774512108727892
3.612831551628262 -0.06578615453488874
3.675663404700058 -0.0734818333286981
3.7384952577718535 -0.08079615116649277
3.8013271108436495 -0.08769643010255555
3.8641589639154454 -0.09415348270035319
3.9269908169872414 -0.10014171687666643
3.989822670059038 -0.10563918552926413
4.052654523130833 -0.11062758434958901
4.115486376202629 -0.11509220229205677
4.178318229274425 -0.11902182998308529
4.241150082346222 -0.122408631901834
4.303981935418017 -0.12524798846036594
4.366813788489813 -0.12753831417412034
4.429645641561608 -0.12928085797298347
4.4924774946334045 -0.1304794913929238
4.5553093477052 -0.1311404899447086
4.618141200776996 -0.13127231241634274
4.680973053848792 -0.13088538226439944
4.743804906920587 -0.12999187461785477
4.806636759992383 -0.12860551178360274
4.869468613064179 -0.12674136952787793
4.932300466135976 -0.12441569582978311
4.995132319207771 -0.1216457432746462
5.057964172279567 -0.11844961578428077
5.120796025351362 -0.114846129972832
5.183627878423159 -0.11085469107196962
5.246459731494955 -0.10649518308640127
5.3092915845667505 -0.10178787261670487
5.372123437638546 -0.09675332561662879
5.434955290710342 -0.09141233623067613
5.497787143782137 -0.08578586677889216
5.560618996853934 -0.07989499791305382
5.62345084992573 -0.07376088795578659
5.686282702997525 -0.06740474044559944
5.749114556069321 -0.0608477789410194
5.811946409141116 -0.054111228180889245
5.874778262212914 -0.04721630075105789
5.937610115284709 -0.04018418846618347
6.000441968356505 -0.03303605773579213
6.0632738214283 -0.025793048243196375
6.126105674500097 -0.018476274321885183
6.188937527571893 -0.01110682846457907
6.2517693806436885 -0.0037057864436113863