0.031415926535897934 0.005344591622967747
0.0942477796076938 0.016019198754086396
0.15707963267948966 0.026650073259858634
0.21991148575128552 0.037208045797309214
0.2827433388230814 0.047663925685023215
0.34557519189487723 0.057988492522287445
0.4084070449666731 0.06815248808605896
0.47123889803846897 0.07812660875937179
0.5340707511102649 0.08788149887204609
0.5969026041820606 0.09738774548621441
0.6597344572538566 0.10661587533273477
0.7225663103256523 0.11553635479696268
0.7853981633974483 0.1241195940598408
0.8482300164692442 0.13233595671829407
0.91106186954104 0.14015577643201874
0.9738937226128359 0.14754938236539475
1.0367255756846319 0.15448713540564868
1.0995574287564276 0.1609394773324085
1.1623892818282235 0.16687699527868954
1.2252211349000193 0.17227050394681362
1.2880529879718152 0.17709114811069532
1.350884841043611 0.18131052793267743
1.413716694115407 0.18490084953149005
1.4765485471872026 0.18783510303975573
1.5393804002589986 0.19008727006615866
1.6022122533307945 0.1916325620107618
1.6650441064025903 0.19244769005561269
1.7278759594743862 0.1925111668535711
1.7907078125461822 0.19180363895833993
1.853539665617978 0.19030824787750908
1.9163715186897736 0.18801101629734268
1.9792033717615696 0.18490125454467254
2.0420352248333655 0.18097198075359483
2.104867077905162 0.17622034654493585
2.1676989309769574 0.17064805837386499
2.230530784048753 0.164261783141469
2.2933626371205493 0.1570735253000377
2.356194490192345 0.1491009616204803
2.4190263432641403 0.1403677191495274
2.4818581963359367 0.130903581776698
2.5446900494077322 0.12074461135562319
2.607521902479528 0.10993317055638681
2.670353755551324 0.09851783660498735
2.7331856086231197 0.08655319778766002
2.796017461694916 0.07409952800388483
2.8588493147667116 0.061222338628516816
2.9216811678385075 0.04799181132198007
2.9845130209103035 0.03448211999174948
3.047344873982099 0.02077065460756654
3.1101767270538954 0.0069371637396071955
3.173008580125691 -0.0069371637396071955
3.2358404331974873 -0.02077065460756654
3.2986722862692828 -0.03448211999174948
3.3615041393410787 -0.04799181132198007
3.4243359924128747 -0.061222338628516816
3.48716784548467 -0.07409952800388483
3.549999698556466 -0.08655319778765981
3.612831551628262 -0.09851783660498735
3.675663404700058 -0.10993317055638681
3.7384952577718535 -0.12074461135562306
3.8013271108436495 -0.130903581776698
3.8641589639154454 -0.1403677191495273
3.9269908169872414 -0.1491009616204803
3.989822670059038 -0.15707352530003785
4.052654523130833 -0.164261783141469
4.115486376202629 -0.17064805837386499
4.178318229274425 -0.1762203465449359
4.241150082346222 -0.18097198075359494
4.303981935418017 -0.18490125454467254
4.366813788489813 -0.18801101629734268
4.429645641561608 -0.19030824787750908
4.4924774946334045 -0.19180363895833996
4.5553093477052 -0.1925111668535711
4.618141200776996 -0.19244769005561274
4.680973053848792 -0.1916325620107618
4.743804906920587 -0.19008727006615866
4.806636759992383 -0.1878351030397559
4.869468613064179 -0.18490084953149005
4.932300466135976 -0.18131052793267735
4.995132319207771 -0.17709114811069532
5.057964172279567 -0.17227050394681362
5.120796025351362 -0.16687699527868957
5.183627878423159 -0.1609394773324085
5.246459731494955 -0.15448713540564862
5.3092915845667505 -0.14754938236539475
5.372123437638546 -0.14015577643201874
5.434955290710342 -0.13233595671829393
5.497787143782137 -0.12411959405984083
5.560618996853934 -0.11553635479696259
5.62345084992573 -0.10661587533273477
5.686282702997525 -0.09738774548621441
5.749114556069321 -0.08788149887204619
5.811946409141116 -0.07812660875937188
5.874778262212914 -0.06815248808605888
5.937610115284709 -0.057988492522287445
6.000441968356505 -0.047663925685023215
6.0632738214283 -0.03720804579730929
6.126105674500097 -0.026650073259858634
6.188937527571893 -0.016019198754086396
6.2517693806436885 -0.005344591622967747