0.031415926535897934 0.006088011882222375
0.0942477796076938 0.018225115463234395
0.15707963267948966 0.030245933097329175
0.21991148575128552 0.04207451197562867
0.2827433388230814 0.05363721841939657
0.34557519189487723 0.06486359171238605
0.4084070449666731 0.07568712727797153
0.47123889803846897 0.08604597335357572
0.5340707511102649 0.09588352826637427
0.5969026041820606 0.10514892871009084
0.6597344572538566 0.11379742290915723
0.7225663103256523 0.1217906260781174
0.7853981633974483 0.12909665899278536
0.8482300164692442 0.1356901736525103
0.91106186954104 0.14155227281895785
0.9738937226128359 0.1466703325812263
1.0367255756846319 0.15103773896368483
1.0995574287564276 0.1546535509342997
1.1623892818282235 0.15752210298741876
1.2252211349000193 0.15965256079028617
1.2880529879718152 0.16105844324125368
1.350884841043611 0.16175712374918627
1.413716694115407 0.1617693226773632
1.4765485471872026 0.16111860177569404
1.5393804002589986 0.15983087012720892
1.6022122533307945 0.15793390973007856
1.6650441064025903 0.15545692739001732
1.7278759594743862 0.15243013816643974
1.7907078125461822 0.1488843842459864
1.853539665617978 0.14485079184550098
1.9163715186897736 0.14036046759954968
1.9792033717615696 0.13544423488193655
2.0420352248333655 0.13013240965470618
2.104867077905162 0.12445461473294493
2.1676989309769574 0.11843963079452405
2.230530784048753 0.11211528204148669
2.2933626371205493 0.1055083541216135
2.356194490192345 0.09864454173022896
2.4190263432641403 0.09154842321796822
2.4818581963359367 0.084243459514159
2.5446900494077322 0.076752014722243
2.607521902479528 0.0690953958387047
2.670353755551324 0.061293909176906525
2.7331856086231197 0.05336693123004424
2.796017461694916 0.04533299187259723
2.8588493147667116 0.03720986796809464
2.9216811678385075 0.029014685615073126
2.9845130209103035 0.020764029416447723
3.047344873982099 0.012474057294970127
3.1101767270538954 0.004160619494976588
3.173008580125691 -0.004160619494976588
3.2358404331974873 -0.012474057294970127
3.2986722862692828 -0.020764029416447723
3.3615041393410787 -0.029014685615073126
3.4243359924128747 -0.03720986796809464
3.48716784548467 -0.04533299187259723
3.549999698556466 -0.053366931230044184
3.612831551628262 -0.061293909176906525
3.675663404700058 -0.0690953958387047
3.7384952577718535 -0.076752014722243
3.8013271108436495 -0.084243459514159
3.8641589639154454 -0.09154842321796815
3.9269908169872414 -0.09864454173022896
3.989822670059038 -0.10550835412161352
4.052654523130833 -0.11211528204148669
4.115486376202629 -0.11843963079452405
4.178318229274425 -0.12445461473294497
4.241150082346222 -0.13013240965470613
4.303981935418017 -0.13544423488193658
4.366813788489813 -0.14036046759954968
4.429645641561608 -0.1448507918455009
4.4924774946334045 -0.14888438424598646
4.5553093477052 -0.15243013816643974
4.618141200776996 -0.15545692739001735
4.680973053848792 -0.15793390973007856
4.743804906920587 -0.1598308701272088
4.806636759992383 -0.161118601775694
4.869468613064179 -0.1617693226773632
4.932300466135976 -0.16175712374918624
4.995132319207771 -0.16105844324125362
5.057964172279567 -0.15965256079028603
5.120796025351362 -0.15752210298741876
5.183627878423159 -0.1546535509342997
5.246459731494955 -0.1510377389636848
5.3092915845667505 -0.1466703325812263
5.372123437638546 -0.14155227281895785
5.434955290710342 -0.13569017365251024
5.497787143782137 -0.12909665899278536
5.560618996853934 -0.12179062607811743
5.62345084992573 -0.11379742290915723
5.686282702997525 -0.10514892871009084
5.749114556069321 -0.0958835282663743
5.811946409141116 -0.08604597335357578
5.874778262212914 -0.07568712727797156
5.937610115284709 -0.06486359171238605
6.000441968356505 -0.05363721841939657
6.0632738214283 -0.04207451197562876
6.126105674500097 -0.030245933097329175
6.188937527571893 -0.01822511546323432
6.2517693806436885 -0.006088011882222375