0.031415926535897934 0.005552774843269354
0.0942477796076938 0.01663642193233058
0.15707963267948966 0.027654451833091048
0.21991148575128552 0.03856342118996574
0.2827433388230814 0.049320336793509674
0.34557519189487723 0.05988283166147726
0.4084070449666731 0.07020933723477381
0.47123889803846897 0.08025925070649292
0.5340707511102649 0.08999309659221996
0.5969026041820606 0.0993726817532061
0.6597344572538566 0.10836124319737174
0.7225663103256523 0.11692358810256662
0.7853981633974483 0.12502622562814653
0.8482300164692442 0.13263749020079638
0.91106186954104 0.13972765607481868
0.9738937226128359 0.14626904307232969
1.0367255756846319 0.1522361135018408
1.0995574287564276 0.1576055603319645
1.1623892818282235 0.16235638675846664
1.2252211349000193 0.16646997734622268
1.2880529879718152 0.16993016095216898
1.350884841043611 0.1727232656410838
1.413716694115407 0.17483816579371217
1.4765485471872026 0.1762663215777169
1.5393804002589986 0.1770018109082032
1.6022122533307945 0.17704135396860293
1.6650441064025903 0.17638433029752565
1.7278759594743862 0.17503278837610511
1.7907078125461822 0.17299144757697352
1.853539665617978 0.17026769226404417
1.9163715186897736 0.16687155776549914
1.9792033717615696 0.16281570788445157
2.0420352248333655 0.15811540356609682
2.104867077905162 0.15278846230989598
2.1676989309769574 0.14685520790309312
2.230530784048753 0.14033841005971787
2.2933626371205493 0.13326321357864332
2.356194490192345 0.1256570566859114
2.4190263432641403 0.11754957830039127
2.4818581963359367 0.10897251405698034
2.5446900494077322 0.09995958103633246
2.607521902479528 0.09054635128202114
2.670353755551324 0.08077011433193731
2.7331856086231197 0.07066972914674063
2.796017461694916 0.06028546597999303
2.8588493147667116 0.04965883889748995
2.9216811678385075 0.03883242981233232
2.9845130209103035 0.027849705052510415
3.047344873982099 0.016754825614402953
3.1101767270538954 0.0055924523741883525
3.173008580125691 -0.0055924523741883525
3.2358404331974873 -0.016754825614402953
3.2986722862692828 -0.027849705052510415
3.3615041393410787 -0.03883242981233232
3.4243359924128747 -0.04965883889748995
3.48716784548467 -0.06028546597999303
3.549999698556466 -0.07066972914674052
3.612831551628262 -0.08077011433193731
3.675663404700058 -0.09054635128202114
3.7384952577718535 -0.09995958103633246
3.8013271108436495 -0.10897251405698034
3.8641589639154454 -0.11754957830039123
3.9269908169872414 -0.1256570566859114
3.989822670059038 -0.13326321357864354
4.052654523130833 -0.14033841005971787
4.115486376202629 -0.14685520790309312
4.178318229274425 -0.15278846230989607
4.241150082346222 -0.15811540356609685
4.303981935418017 -0.16281570788445163
4.366813788489813 -0.16687155776549914
4.429645641561608 -0.17026769226404417
4.4924774946334045 -0.17299144757697366
4.5553093477052 -0.17503278837610511
4.618141200776996 -0.17638433029752562
4.680973053848792 -0.1770413539686029
4.743804906920587 -0.17700181090820324
4.806636759992383 -0.17626632157771688
4.869468613064179 -0.17483816579371217
4.932300466135976 -0.1727232656410838
4.995132319207771 -0.16993016095216906
5.057964172279567 -0.1664699773462228
5.120796025351362 -0.16235638675846667
5.183627878423159 -0.1576055603319645
5.246459731494955 -0.1522361135018407
5.3092915845667505 -0.14626904307232969
5.372123437638546 -0.13972765607481868
5.434955290710342 -0.13263749020079643
5.497787143782137 -0.1250262256281466
5.560618996853934 -0.11692358810256659
5.62345084992573 -0.10836124319737174
5.686282702997525 -0.0993726817532061
5.749114556069321 -0.08999309659222016
5.811946409141116 -0.08025925070649313
5.874778262212914 -0.07020933723477367
5.937610115284709 -0.05988283166147726
6.000441968356505 -0.049320336793509674
6.0632738214283 -0.038563421189965696
6.126105674500097 -0.027654451833091048
6.188937527571893 -0.01663642193233052
6.2517693806436885 -0.005552774843269354