0.031415926535897934 0.00900522457187726
0.0942477796076938 0.02698011700544014
0.15707963267948966 0.04484849853440806
0.21991148575128552 0.06253989105565819
0.2827433388230814 0.07998460470839054
0.34557519189487723 0.09711404231866774
0.4084070449666731 0.11386099336481863
0.47123889803846897 0.13015991498629323
0.5340707511102649 0.14594719791784627
0.5969026041820606 0.1611614156404008
0.6597344572538566 0.1757435554840372
0.7225663103256523 0.18963723088062812
0.7853981633974483 0.20278887442679042
0.8482300164692442 0.21514791186548154
0.91106186954104 0.22666691751115575
0.9738937226128359 0.2373017520148938
1.0367255756846319 0.2470116836802809
1.0995574287564276 0.2557594947883388
1.1623892818282235 0.2635115745633418
1.2252211349000193 0.27023800050640695
1.2880529879718152 0.2759126098385447
1.350884841043611 0.28051306273024523
1.413716694115407 0.28402089885402665
1.4765485471872026 0.2864215885853454
1.5393804002589986 0.2877045799037115
1.6022122533307945 0.28786334171939504
1.6650441064025903 0.28689540398311014
1.7278759594743862 0.28480239453913264
1.7907078125461822 0.28159007227020244
1.853539665617978 0.2772683556697932
1.9163715186897736 0.27185134557882246
1.9792033717615696 0.26535734045473897
2.0420352248333655 0.2578088422158973
2.104867077905162 0.24923255043732875
2.1676989309769574 0.23965934247836443
2.230530784048753 0.229124237009341
2.2933626371205493 0.21766633838303256
2.356194490192345 0.2053287593729713
2.4190263432641403 0.1921585199789868
2.4818581963359367 0.17820642028002948
2.5446900494077322 0.1635268856919062
2.607521902479528 0.1481777834551973
2.670353755551324 0.13222020972473245
2.7331856086231197 0.1157182472411307
2.796017461694916 0.09873869421838533
2.8588493147667116 0.08135076575774364
2.9216811678385075 0.06362576977379002
2.9845130209103035 0.0456367600692272
3.047344873982099 0.027458169795960687
3.1101767270538954 0.009165429068590676
3.173008580125691 -0.009165429068590676
3.2358404331974873 -0.027458169795960687
3.2986722862692828 -0.0456367600692272
3.3615041393410787 -0.06362576977379002
3.4243359924128747 -0.08135076575774364
3.48716784548467 -0.09873869421838533
3.549999698556466 -0.1157182472411307
3.612831551628262 -0.13222020972473245
3.675663404700058 -0.1481777834551973
3.7384952577718535 -0.163526885691906
3.8013271108436495 -0.17820642028002948
3.8641589639154454 -0.19215851997898672
3.9269908169872414 -0.2053287593729713
3.989822670059038 -0.2176663383830327
4.052654523130833 -0.229124237009341
4.115486376202629 -0.23965934247836443
4.178318229274425 -0.24923255043732895
4.241150082346222 -0.2578088422158972
4.303981935418017 -0.265357340454739
4.366813788489813 -0.27185134557882246
4.429645641561608 -0.2772683556697932
4.4924774946334045 -0.2815900722702025
4.5553093477052 -0.28480239453913264
4.618141200776996 -0.28689540398311025
4.680973053848792 -0.28786334171939487
4.743804906920587 -0.2877045799037115
4.806636759992383 -0.2864215885853455
4.869468613064179 -0.28402089885402665
4.932300466135976 -0.28051306273024545
4.995132319207771 -0.2759126098385447
5.057964172279567 -0.27023800050640706
5.120796025351362 -0.2635115745633418
5.183627878423159 -0.2557594947883388
5.246459731494955 -0.24701168368028079
5.3092915845667505 -0.2373017520148938
5.372123437638546 -0.22666691751115575
5.434955290710342 -0.21514791186548168
5.497787143782137 -0.20278887442679072
5.560618996853934 -0.18963723088062806
5.62345084992573 -0.1757435554840372
5.686282702997525 -0.1611614156404008
5.749114556069321 -0.14594719791784633
5.811946409141116 -0.13015991498629353
5.874778262212914 -0.11386099336481846
5.937610115284709 -0.09711404231866774
6.000441968356505 -0.07998460470839054
6.0632738214283 -0.06253989105565826
6.126105674500097 -0.04484849853440806
6.188937527571893 -0.02698011700544005
6.2517693806436885 -0.00900522457187726