0.031415926535897934 0.006398309217868009
0.0942477796076938 0.019171725174487474
0.15707963267948966 0.03187560812745938
0.21991148575128552 0.04446385035489416
0.2827433388230814 0.05689071383017286
0.34557519189487723 0.0691109747169217
0.4084070449666731 0.08108006463675166
0.47123889803846897 0.09275420800362785
0.5340707511102649 0.10409055486912433
0.5969026041820606 0.11504730889428279
0.6597344572538566 0.1255838502496519
0.7225663103256523 0.13566085343800793
0.7853981633974483 0.14524040022653215
0.8482300164692442 0.1542860880589979
0.91106186954104 0.16276313448604293
0.9738937226128359 0.1706384782954342
1.0367255756846319 0.17788087813748887
1.0995574287564276 0.18446100951731118
1.1623892818282235 0.1903515610599825
1.2252211349000193 0.1955273309430602
1.2880529879718152 0.19996532432968214
1.350884841043611 0.20364485252348924
1.413716694115407 0.20654763440319385
1.4765485471872026 0.2086579004811312
1.5393804002589986 0.2099624996694401
1.6022122533307945 0.21045100853414206
1.6650441064025903 0.21011584247774093
1.7278759594743862 0.2089523679231382
1.7907078125461822 0.2069590141856981
1.853539665617978 0.20413738332786052
1.9163715186897736 0.20049235590514336
1.9792033717615696 0.19603219014838014
2.0420352248333655 0.19076861180033672
2.104867077905162 0.1847168915517335
2.1676989309769574 0.1778959068184783
2.230530784048753 0.17032818448418754
2.2933626371205493 0.16203992121395516
2.356194490192345 0.15306097803859753
2.4190263432641403 0.14342484612181883
2.4818581963359367 0.1331685809603844
2.5446900494077322 0.12233270272916168
2.607521902479528 0.1109610610630513
2.670353755551324 0.09910066325498511
2.7331856086231197 0.08680146562608114
2.796017461694916 0.0741161286680702
2.8588493147667116 0.06109973744178337
2.9216811678385075 0.04780948960759397
2.9845130209103035 0.03430435433068835
3.047344873982099 0.020644706111485313
3.1101767270538954 0.006891938306183561
3.173008580125691 -0.006891938306183561
3.2358404331974873 -0.020644706111485313
3.2986722862692828 -0.03430435433068835
3.3615041393410787 -0.04780948960759397
3.4243359924128747 -0.06109973744178337
3.48716784548467 -0.0741161286680702
3.549999698556466 -0.08680146562608096
3.612831551628262 -0.09910066325498511
3.675663404700058 -0.1109610610630513
3.7384952577718535 -0.12233270272916165
3.8013271108436495 -0.1331685809603844
3.8641589639154454 -0.14342484612181874
3.9269908169872414 -0.15306097803859753
3.989822670059038 -0.16203992121395536
4.052654523130833 -0.17032818448418754
4.115486376202629 -0.1778959068184783
4.178318229274425 -0.18471689155173365
4.241150082346222 -0.19076861180033677
4.303981935418017 -0.1960321901483802
4.366813788489813 -0.20049235590514336
4.429645641561608 -0.20413738332786052
4.4924774946334045 -0.20695901418569812
4.5553093477052 -0.2089523679231382
4.618141200776996 -0.210115842477741
4.680973053848792 -0.21045100853414206
4.743804906920587 -0.20996249966944003
4.806636759992383 -0.20865790048113142
4.869468613064179 -0.20654763440319385
4.932300466135976 -0.2036448525234893
4.995132319207771 -0.1999653243296821
5.057964172279567 -0.1955273309430602
5.120796025351362 -0.1903515610599824
5.183627878423159 -0.18446100951731118
5.246459731494955 -0.17788087813748882
5.3092915845667505 -0.1706384782954342
5.372123437638546 -0.16276313448604293
5.434955290710342 -0.15428608805899788
5.497787143782137 -0.14524040022653217
5.560618996853934 -0.13566085343800793
5.62345084992573 -0.1255838502496519
5.686282702997525 -0.11504730889428279
5.749114556069321 -0.1040905548691243
5.811946409141116 -0.09275420800362792
5.874778262212914 -0.08108006463675156
5.937610115284709 -0.0691109747169217
6.000441968356505 -0.05689071383017286
6.0632738214283 -0.044463850354894356
6.126105674500097 -0.03187560812745938
6.188937527571893 -0.019171725174487304
6.2517693806436885 -0.006398309217868009