0.031415926535897934 0.0025453300511663604
0.0942477796076938 0.007626720594042948
0.15707963267948966 0.01268032903675954
0.21991148575128552 0.01768772255492268
0.2827433388230814 0.022630601124408987
0.34557519189487723 0.02749085051768762
0.4084070449666731 0.032250595182686276
0.47123889803846897 0.036892250979059675
0.5340707511102649 0.041398577751977646
0.5969026041820606 0.045752731728834234
0.6597344572538566 0.049938317728979796
0.7225663103256523 0.053939441180011066
0.7853981633974483 0.05774075993559626
0.8482300164692442 0.061327535888555884
0.91106186954104 0.06468568636824336
0.9738937226128359 0.0678018353025334
1.0367255756846319 0.0706633641113518
1.0995574287564276 0.07325846228021354
1.1623892818282235 0.07557617753835859
1.2252211349000193 0.07760646553663533
1.2880529879718152 0.07934023888534641
1.350884841043611 0.08076941537209252
1.413716694115407 0.08188696513475001
1.4765485471872026 0.08268695651584923
1.5393804002589986 0.0831646002727949
1.6022122533307945 0.0833162917648667
1.6650441064025903 0.08313965068424967
1.7278759594743862 0.08263355784622049
1.7907078125461822 0.0817981885049571
1.853539665617978 0.0806350416183163
1.9163715186897736 0.07914696444948952
1.9792033717615696 0.0773381718678412
2.0420352248333655 0.0752142596976028
2.104867077905162 0.07278221146336337
2.1676989309769574 0.07005039789722081
2.230530784048753 0.06702856860540711
2.2933626371205493 0.06372783534316966
2.356194490192345 0.06016064641613418
2.4190263432641403 0.056340751814183625
2.4818581963359367 0.05228315878931397
2.5446900494077322 0.048004077710561636
2.607521902479528 0.043520858164835044
2.670353755551324 0.03885191541960619
2.7331856086231197 0.03401664751857492
2.796017461694916 0.029035343440777288
2.8588493147667116 0.02392908291295169
2.9216811678385075 0.01871962861981156
2.9845130209103035 0.013429311702690341
3.047344873982099 0.008080911569348787
3.1101767270538954 0.0026975311524450084
3.173008580125691 -0.0026975311524450084
3.2358404331974873 -0.008080911569348787
3.2986722862692828 -0.013429311702690341
3.3615041393410787 -0.01871962861981156
3.4243359924128747 -0.02392908291295169
3.48716784548467 -0.029035343440777288
3.549999698556466 -0.03401664751857492
3.612831551628262 -0.03885191541960619
3.675663404700058 -0.043520858164835044
3.7384952577718535 -0.04800407771056153
3.8013271108436495 -0.05228315878931397
3.8641589639154454 -0.056340751814183625
3.9269908169872414 -0.06016064641613418
3.989822670059038 -0.06372783534316975
4.052654523130833 -0.06702856860540711
4.115486376202629 -0.07005039789722081
4.178318229274425 -0.07278221146336335
4.241150082346222 -0.07521425969760287
4.303981935418017 -0.07733817186784128
4.366813788489813 -0.07914696444948952
4.429645641561608 -0.08063504161831618
4.4924774946334045 -0.0817981885049571
4.5553093477052 -0.08263355784622049
4.618141200776996 -0.08313965068424961
4.680973053848792 -0.0833162917648667
4.743804906920587 -0.08316460027279499
4.806636759992383 -0.08268695651584924
4.869468613064179 -0.08188696513475001
4.932300466135976 -0.08076941537209248
4.995132319207771 -0.07934023888534651
5.057964172279567 -0.07760646553663537
5.120796025351362 -0.07557617753835857
5.183627878423159 -0.07325846228021354
5.246459731494955 -0.0706633641113517
5.3092915845667505 -0.0678018353025334
5.372123437638546 -0.06468568636824336
5.434955290710342 -0.06132753588855593
5.497787143782137 -0.05774075993559634
5.560618996853934 -0.053939441180011184
5.62345084992573 -0.049938317728979796
5.686282702997525 -0.045752731728834234
5.749114556069321 -0.041398577751977694
5.811946409141116 -0.03689225097905983
5.874778262212914 -0.032250595182686234
5.937610115284709 -0.02749085051768762
6.000441968356505 -0.022630601124408987
6.0632738214283 -0.017687722554922698
6.126105674500097 -0.01268032903675954
6.188937527571893 -0.007626720594042939
6.2517693806436885 -0.0025453300511663604