0.031415926535897934 0.006204441250217525
0.0942477796076938 0.018594411866597015
0.15707963267948966 0.030927670220638005
0.21991148575128552 0.043166485874017474
0.2827433388230814 0.05527324421095566
0.34557519189487723 0.06721049127773933
0.4084070449666731 0.07894097730611932
0.47123889803846897 0.09042769878725464
0.5340707511102649 0.10163393913634243
0.5969026041820606 0.11252330819073995
0.6597344572538566 0.1230597810108939
0.7225663103256523 0.13320773669755756
0.7853981633974483 0.14293199819369606
0.8482300164692442 0.15219787429749573
0.91106186954104 0.16097120536571166
0.9738937226128359 0.16921841442518284
1.0367255756846319 0.17690656562503418
1.0995574287564276 0.18400343214248507
1.1623892818282235 0.19047757579022728
1.2252211349000193 0.19629844065128
1.2880529879718152 0.20143646307582164
1.350884841043611 0.20586320030105176
1.413716694115407 0.2095514797869019
1.4765485471872026 0.21247557108498907
1.5393804002589986 0.21461138166412147
1.6022122533307945 0.21593667759322566
1.6650441064025903 0.21643132932484846
1.7278759594743862 0.2160775820264183
1.7907078125461822 0.2148603489746203
1.853539665617978 0.212767525469711
1.9163715186897736 0.2097903195588146
1.9792033717615696 0.20592359460720475
2.0420352248333655 0.20116621746188326
2.104867077905162 0.1955214046610703
2.1676989309769574 0.18899705791598723
2.230530784048753 0.18160607899659822
2.2933626371205493 0.17336665326710235
2.356194490192345 0.16430249051988322
2.4190263432641403 0.15444301152718665
2.4818581963359367 0.1438234689397131
2.5446900494077322 0.1324849918686308
2.607521902479528 0.12047454472949341
2.670353755551324 0.10784479271325882
2.7331856086231197 0.09465386855835377
2.796017461694916 0.08096503806976212
2.8588493147667116 0.06684626497069826
2.9216811678385075 0.05236967904944395
2.9845130209103035 0.03761095501976798
3.047344873982099 0.022648612870150134
3.1101767270538954 0.007563253549840577
3.173008580125691 -0.007563253549840577
3.2358404331974873 -0.022648612870150134
3.2986722862692828 -0.03761095501976798
3.3615041393410787 -0.05236967904944395
3.4243359924128747 -0.06684626497069826
3.48716784548467 -0.08096503806976212
3.549999698556466 -0.0946538685583536
3.612831551628262 -0.10784479271325882
3.675663404700058 -0.12047454472949341
3.7384952577718535 -0.13248499186863064
3.8013271108436495 -0.1438234689397131
3.8641589639154454 -0.1544430115271865
3.9269908169872414 -0.16430249051988322
3.989822670059038 -0.17336665326710238
4.052654523130833 -0.18160607899659822
4.115486376202629 -0.18899705791598723
4.178318229274425 -0.1955214046610703
4.241150082346222 -0.2011662174618832
4.303981935418017 -0.20592359460720477
4.366813788489813 -0.2097903195588146
4.429645641561608 -0.212767525469711
4.4924774946334045 -0.21486034897462025
4.5553093477052 -0.2160775820264183
4.618141200776996 -0.21643132932484843
4.680973053848792 -0.21593667759322566
4.743804906920587 -0.2146113816641215
4.806636759992383 -0.21247557108498905
4.869468613064179 -0.2095514797869019
4.932300466135976 -0.20586320030105187
4.995132319207771 -0.20143646307582166
5.057964172279567 -0.19629844065128
5.120796025351362 -0.19047757579022728
5.183627878423159 -0.18400343214248507
5.246459731494955 -0.17690656562503407
5.3092915845667505 -0.16921841442518284
5.372123437638546 -0.16097120536571166
5.434955290710342 -0.1521978742974958
5.497787143782137 -0.14293199819369623
5.560618996853934 -0.13320773669755753
5.62345084992573 -0.1230597810108939
5.686282702997525 -0.11252330819073995
5.749114556069321 -0.10163393913634249
5.811946409141116 -0.09042769878725487
5.874778262212914 -0.0789409773061192
5.937610115284709 -0.06721049127773933
6.000441968356505 -0.05527324421095566
6.0632738214283 -0.04316648587401759
6.126105674500097 -0.030927670220638005
6.188937527571893 -0.018594411866597015
6.2517693806436885 -0.006204441250217525