0.031415926535897934 0.0029527696469393446
0.0942477796076938 0.008846357463416141
0.15707963267948966 0.01470414263176577
0.21991148575128552 0.020502429059567027
0.2827433388230814 0.026217778207193856
0.34557519189487723 0.031827110202895456
0.4084070449666731 0.037307803068958714
0.47123889803846897 0.042637789543542325
0.5340707511102649 0.04779565100069047
0.5969026041820606 0.05276070799259545
0.6597344572538566 0.05751310696318676
0.7225663103256523 0.062033902710365144
0.7853981633974483 0.06630513620536202
0.8482300164692442 0.07030990741154698
0.91106186954104 0.07403244278113215
0.9738937226128359 0.07745815714632871
1.0367255756846319 0.08057370976117054
1.0995574287564276 0.08336705429104929
1.1623892818282235 0.08582748258857298
1.2252211349000193 0.0879456621362328
1.2880529879718152 0.08971366707809732
1.350884841043611 0.09112500280391368
1.413716694115407 0.09217462408915449
1.4765485471872026 0.09285894683327404
1.5393804002589986 0.09317585347535409
1.6022122533307945 0.09312469220104702
1.6650441064025903 0.0927062700869329
1.7278759594743862 0.09192284035781541
1.7907078125461822 0.09077808395883458
1.853539665617978 0.08927708566739069
1.9163715186897736 0.08742630498960903
1.9792033717615696 0.085233542102347
2.0420352248333655 0.08270789911454939
2.104867077905162 0.07985973693110053
2.1676989309769574 0.07670062800833351
2.230530784048753 0.07324330529315108
2.2933626371205493 0.06950160763752916
2.356194490192345 0.06549042197721296
2.4190263432641403 0.06122562255802707
2.4818581963359367 0.056724007485663204
2.5446900494077322 0.052003232865498177
2.607521902479528 0.04708174478825604
2.670353755551324 0.04197870940558414
2.7331856086231197 0.036713941327233365
2.796017461694916 0.03130783055892432
2.8588493147667116 0.025781268187515353
2.9216811678385075 0.02015557100813067
2.9845130209103035 0.014452405276795866
3.047344873982099 0.0086937097621731
3.1101767270538954 0.0029016182614484093
3.173008580125691 -0.0029016182614484093
3.2358404331974873 -0.0086937097621731
3.2986722862692828 -0.014452405276795866
3.3615041393410787 -0.02015557100813067
3.4243359924128747 -0.025781268187515353
3.48716784548467 -0.03130783055892432
3.549999698556466 -0.036713941327233365
3.612831551628262 -0.04197870940558414
3.675663404700058 -0.04708174478825604
3.7384952577718535 -0.052003232865498177
3.8013271108436495 -0.056724007485663204
3.8641589639154454 -0.06122562255802709
3.9269908169872414 -0.06549042197721296
3.989822670059038 -0.06950160763752908
4.052654523130833 -0.07324330529315108
4.115486376202629 -0.07670062800833351
4.178318229274425 -0.07985973693110066
4.241150082346222 -0.08270789911454939
4.303981935418017 -0.08523354210234707
4.366813788489813 -0.08742630498960903
4.429645641561608 -0.08927708566739069
4.4924774946334045 -0.09077808395883458
4.5553093477052 -0.09192284035781541
4.618141200776996 -0.09270627008693304
4.680973053848792 -0.09312469220104702
4.743804906920587 -0.09317585347535409
4.806636759992383 -0.09285894683327404
4.869468613064179 -0.09217462408915449
4.932300466135976 -0.09112500280391368
4.995132319207771 -0.08971366707809732
5.057964172279567 -0.0879456621362328
5.120796025351362 -0.08582748258857298
5.183627878423159 -0.08336705429104929
5.246459731494955 -0.08057370976117058
5.3092915845667505 -0.07745815714632871
5.372123437638546 -0.07403244278113215
5.434955290710342 -0.07030990741154698
5.497787143782137 -0.06630513620536202
5.560618996853934 -0.062033902710365144
5.62345084992573 -0.05751310696318676
5.686282702997525 -0.05276070799259545
5.749114556069321 -0.04779565100069047
5.811946409141116 -0.04263778954354233
5.874778262212914 -0.037307803068958666
5.937610115284709 -0.031827110202895456
6.000441968356505 -0.026217778207193856
6.0632738214283 -0.020502429059567027
6.126105674500097 -0.01470414263176577
6.188937527571893 -0.008846357463416029
6.2517693806436885 -0.0029527696469393446