0.031415926535897934 0.0026863257858399806
0.0942477796076938 0.008048205670848347
0.15707963267948966 0.013377816022298844
0.21991148575128552 0.018653795333310928
0.2827433388230814 0.02385500853479792
0.34557519189487723 0.028960635908058068
0.4084070449666731 0.03395026035415724
0.47123889803846897 0.038803952577775004
0.5340707511102649 0.043502353762783635
0.5969026041820606 0.048026755339966996
0.6597344572538566 0.052359175473506436
0.7225663103256523 0.05648243192165979
0.7853981633974483 0.06038021095790656
0.8482300164692442 0.06403713207117416
0.91106186954104 0.06743880819704198
0.9738937226128359 0.07057190126549272
1.0367255756846319 0.07342417288434706
1.0995574287564276 0.07598453001047091
1.1623892818282235 0.07824306549279288
1.2252211349000193 0.08019109340171213
1.2880529879718152 0.08182117908834605
1.350884841043611 0.0831271639439908
1.413716694115407 0.08410418485503361
1.4765485471872026 0.08474868837122707
1.5393804002589986 0.08505843962572564
1.6022122533307945 0.0850325260636235
1.6650441064025903 0.08467135605201305
1.7278759594743862 0.08397665245896306
1.7907078125461822 0.08295144130147829
1.853539665617978 0.0816000355736558
1.9163715186897736 0.07992801437614988
1.9792033717615696 0.07794219747691443
2.0420352248333655 0.07565061544128432
2.104867077905162 0.07306247547698608
2.1676989309769574 0.07018812314686208
2.230530784048753 0.06703900010913828
2.2933626371205493 0.06362759805210981
2.356194490192345 0.059967408997281375
2.4190263432641403 0.05607287215236329
2.4818581963359367 0.05195931750312046
2.5446900494077322 0.047642906340903346
2.607521902479528 0.04314056893071739
2.670353755551324 0.038469939532826104
2.7331856086231197 0.033649288999053825
2.796017461694916 0.028697455172991687
2.8588493147667116 0.02363377133110671
2.9216811678385075 0.01847799290912509
2.9845130209103035 0.01325022276485899
3.047344873982099 0.007970835234712535
3.1101767270538954 0.0026603992462902746
3.173008580125691 -0.0026603992462902746
3.2358404331974873 -0.007970835234712535
3.2986722862692828 -0.01325022276485899
3.3615041393410787 -0.01847799290912509
3.4243359924128747 -0.02363377133110671
3.48716784548467 -0.028697455172991687
3.549999698556466 -0.03364928899905383
3.612831551628262 -0.038469939532826104
3.675663404700058 -0.04314056893071739
3.7384952577718535 -0.04764290634090343
3.8013271108436495 -0.05195931750312046
3.8641589639154454 -0.05607287215236329
3.9269908169872414 -0.059967408997281375
3.989822670059038 -0.06362759805210984
4.052654523130833 -0.06703900010913828
4.115486376202629 -0.07018812314686208
4.178318229274425 -0.07306247547698612
4.241150082346222 -0.07565061544128432
4.303981935418017 -0.0779421974769144
4.366813788489813 -0.07992801437614988
4.429645641561608 -0.08160003557365589
4.4924774946334045 -0.08295144130147826
4.5553093477052 -0.08397665245896306
4.618141200776996 -0.084671356052013
4.680973053848792 -0.08503252606362346
4.743804906920587 -0.08505843962572555
4.806636759992383 -0.08474868837122708
4.869468613064179 -0.08410418485503361
4.932300466135976 -0.08312716394399083
4.995132319207771 -0.08182117908834602
5.057964172279567 -0.08019109340171224
5.120796025351362 -0.07824306549279277
5.183627878423159 -0.07598453001047091
5.246459731494955 -0.07342417288434688
5.3092915845667505 -0.07057190126549272
5.372123437638546 -0.06743880819704198
5.434955290710342 -0.06403713207117424
5.497787143782137 -0.06038021095790654
5.560618996853934 -0.056482431921659734
5.62345084992573 -0.052359175473506436
5.686282702997525 -0.048026755339966996
5.749114556069321 -0.043502353762783656
5.811946409141116 -0.038803952577775094
5.874778262212914 -0.03395026035415721
5.937610115284709 -0.028960635908058068
6.000441968356505 -0.02385500853479792
6.0632738214283 -0.01865379533331092
6.126105674500097 -0.013377816022298844
6.188937527571893 -0.008048205670848232
6.2517693806436885 -0.0026863257858399806