0.031415926535897934 0.009787538919850092
0.0942477796076938 0.02929831731513698
0.15707963267948966 0.04861695018320908
0.21991148575128552 0.06761783631191418
0.2827433388230814 0.08617907100899638
0.34557519189487723 0.10418383115711632
0.4084070449666731 0.121521668669944
0.47123889803846897 0.1380896890346113
0.5340707511102649 0.15379359386050662
0.5969026041820606 0.16854856914935273
0.6597344572538566 0.18228000434765695
0.7225663103256523 0.1949240310970652
0.7853981633974483 0.20642787487858152
0.8482300164692442 0.21675001733063248
0.91106186954104 0.22586017175040438
0.9738937226128359 0.23373907897835808
1.0367255756846319 0.24037813531971627
1.0995574287564276 0.24577886817895606
1.1623892818282235 0.24995227849712987
1.2252211349000193 0.25291807174331615
1.2880529879718152 0.2547038010209296
1.350884841043611 0.25534394675838623
1.413716694115407 0.25487895746630296
1.4765485471872026 0.253354275214975
1.5393804002589986 0.2508193679146032
1.6022122533307945 0.2473267882981771
1.6650441064025903 0.2429312768658386
1.7278759594743862 0.23768892311156645
1.7907078125461822 0.23165639627708826
1.853539665617978 0.2248902538102916
1.9163715186897736 0.21744633277233008
1.9792033717615696 0.20937922674040668
2.0420352248333655 0.2007418483660628
2.104867077905162 0.19158507571887703
2.1676989309769574 0.18195747889487854
2.230530784048753 0.17190512209802034
2.2933626371205493 0.16147143549434342
2.356194490192345 0.15069715056126146
2.4190263432641403 0.13962029236890655
2.4818581963359367 0.12827622219175627
2.5446900494077322 0.11669772400994359
2.607521902479528 0.10491512877470205
2.670353755551324 0.09295647073796506
2.7331856086231197 0.08084767064287669
2.796017461694916 0.06861274110538257
2.8588493147667116 0.056274010057609736
2.9216811678385075 0.04385235864694328
2.9845130209103035 0.03136747047071385
3.047344873982099 0.01883808945957608
3.1101767270538954 0.00628228409100994
3.173008580125691 -0.00628228409100994
3.2358404331974873 -0.01883808945957608
3.2986722862692828 -0.03136747047071385
3.3615041393410787 -0.04385235864694328
3.4243359924128747 -0.056274010057609736
3.48716784548467 -0.06861274110538257
3.549999698556466 -0.08084767064287653
3.612831551628262 -0.09295647073796506
3.675663404700058 -0.10491512877470205
3.7384952577718535 -0.1166977240099435
3.8013271108436495 -0.12827622219175627
3.8641589639154454 -0.13962029236890655
3.9269908169872414 -0.15069715056126146
3.989822670059038 -0.16147143549434365
4.052654523130833 -0.17190512209802034
4.115486376202629 -0.18195747889487854
4.178318229274425 -0.19158507571887717
4.241150082346222 -0.2007418483660629
4.303981935418017 -0.20937922674040677
4.366813788489813 -0.21744633277233008
4.429645641561608 -0.2248902538102915
4.4924774946334045 -0.23165639627708828
4.5553093477052 -0.23768892311156645
4.618141200776996 -0.24293127686583874
4.680973053848792 -0.24732678829817714
4.743804906920587 -0.2508193679146032
4.806636759992383 -0.2533542752149751
4.869468613064179 -0.25487895746630296
4.932300466135976 -0.2553439467583861
4.995132319207771 -0.2547038010209297
5.057964172279567 -0.25291807174331615
5.120796025351362 -0.24995227849712992
5.183627878423159 -0.24577886817895606
5.246459731494955 -0.24037813531971605
5.3092915845667505 -0.23373907897835808
5.372123437638546 -0.22586017175040438
5.434955290710342 -0.21675001733063246
5.497787143782137 -0.20642787487858175
5.560618996853934 -0.1949240310970651
5.62345084992573 -0.18228000434765695
5.686282702997525 -0.16854856914935273
5.749114556069321 -0.15379359386050678
5.811946409141116 -0.13808968903461147
5.874778262212914 -0.12152166866994392
5.937610115284709 -0.10418383115711632
6.000441968356505 -0.08617907100899638
6.0632738214283 -0.0676178363119143
6.126105674500097 -0.04861695018320908
6.188937527571893 -0.029298317315136792
6.2517693806436885 -0.009787538919850092