0.031415926535897934 0.004609323758850244
0.0942477796076938 0.013815565390783694
0.15707963267948966 0.022984580192204597
0.21991148575128552 0.0320915198455358
0.2827433388230814 0.04111149091138356
0.34557519189487723 0.050019537864581416
0.4084070449666731 0.058790627300135935
0.47123889803846897 0.0673996337636393
0.5340707511102649 0.07582132774860129
0.5969026041820606 0.08403036650781982
0.6597344572538566 0.0920012884455368
0.7225663103256523 0.09970851198935876
0.7853981633974483 0.1071263399828365
0.8482300164692442 0.1142289707875349
0.91106186954104 0.12099051743294352
0.9738937226128359 0.12738503629828285
1.0367255756846319 0.13338656694570258
1.0995574287564276 0.13896918484193993
1.1623892818282235 0.1441070687963714
1.2252211349000193 0.14877458499739377
1.2880529879718152 0.15294638953486628
1.350884841043611 0.1565975512413866
1.413716694115407 0.15970369655612857
1.4765485471872026 0.16224117789792525
1.5393804002589986 0.16418726671554545
1.6022122533307945 0.1655203719498515
1.6650441064025903 0.16622028408389208
1.7278759594743862 0.1662684442653745
1.7907078125461822 0.16564823715847188
1.853539665617978 0.16434530522201793
1.9163715186897736 0.1623478810303546
1.9792033717615696 0.1596471330726456
2.0420352248333655 0.15623751921867565
2.104867077905162 0.15211714076834743
2.1676989309769574 0.14728808876478702
2.230530784048753 0.141756773115148
2.2933626371205493 0.1355342241062498
2.356194490192345 0.12863635520754876
2.4190263432641403 0.12108417570634374
2.4818581963359367 0.11290394179934253
2.5446900494077322 0.10412723533846016
2.607521902479528 0.09479096054480642
2.670353755551324 0.08493725068362155
2.7331856086231197 0.07461327892080165
2.796017461694916 0.0638709703063953
2.8588493147667116 0.05276661495952966
2.9216811678385075 0.041360385931661275
2.9845130209103035 0.02971576873728039
3.047344873982099 0.017898912976689704
3.1101767270538954 0.005977919637832751
3.173008580125691 -0.005977919637832751
3.2358404331974873 -0.017898912976689704
3.2986722862692828 -0.02971576873728039
3.3615041393410787 -0.041360385931661275
3.4243359924128747 -0.05276661495952966
3.48716784548467 -0.0638709703063953
3.549999698556466 -0.07461327892080157
3.612831551628262 -0.08493725068362155
3.675663404700058 -0.09479096054480642
3.7384952577718535 -0.10412723533846008
3.8013271108436495 -0.11290394179934253
3.8641589639154454 -0.12108417570634371
3.9269908169872414 -0.12863635520754876
3.989822670059038 -0.1355342241062499
4.052654523130833 -0.141756773115148
4.115486376202629 -0.14728808876478702
4.178318229274425 -0.15211714076834748
4.241150082346222 -0.15623751921867568
4.303981935418017 -0.15964713307264558
4.366813788489813 -0.1623478810303546
4.429645641561608 -0.16434530522201787
4.4924774946334045 -0.1656482371584719
4.5553093477052 -0.1662684442653745
4.618141200776996 -0.16622028408389208
4.680973053848792 -0.1655203719498515
4.743804906920587 -0.16418726671554545
4.806636759992383 -0.16224117789792533
4.869468613064179 -0.15970369655612857
4.932300466135976 -0.15659755124138658
4.995132319207771 -0.15294638953486628
5.057964172279567 -0.1487745849973938
5.120796025351362 -0.1441070687963714
5.183627878423159 -0.13896918484193993
5.246459731494955 -0.1333865669457025
5.3092915845667505 -0.12738503629828285
5.372123437638546 -0.12099051743294352
5.434955290710342 -0.114228970787535
5.497787143782137 -0.10712633998283669
5.560618996853934 -0.09970851198935861
5.62345084992573 -0.0920012884455368
5.686282702997525 -0.08403036650781982
5.749114556069321 -0.07582132774860136
5.811946409141116 -0.06739963376363947
5.874778262212914 -0.058790627300135866
5.937610115284709 -0.050019537864581416
6.000441968356505 -0.04111149091138356
6.0632738214283 -0.0320915198455358
6.126105674500097 -0.022984580192204597
6.188937527571893 -0.013815565390783628
6.2517693806436885 -0.004609323758850244