0.031415926535897934 0.0022648798580398393
0.0942477796076938 0.006777416465034859
0.15707963267948966 0.011238558170454849
0.21991148575128552 0.015614948143826158
0.2827433388230814 0.019874560511898277
0.34557519189487723 0.02398717676974142
0.4084070449666731 0.027924809443846375
0.47123889803846897 0.03166206228859864
0.5340707511102649 0.035176419144898774
0.5969026041820606 0.03844845665583515
0.6597344572538566 0.04146197913239793
0.7225663103256523 0.044204076817088815
0.7853981633974483 0.04666511145413689
0.8482300164692442 0.048838635324740955
0.91106186954104 0.050721251666066586
0.9738937226128359 0.052312425625479664
1.0367255756846319 0.053614255606278964
1.0995574287564276 0.05463121506994397
1.1623892818282235 0.05536987462997552
1.2252211349000193 0.05583861367829979
1.2880529879718152 0.05604732991075281
1.350884841043611 0.056007154049163566
1.413716694115407 0.05573017587571096
1.4765485471872026 0.0552291864737508
1.5393804002589986 0.05451744036977792
1.6022122533307945 0.05360844014227596
1.6650441064025903 0.05251574504027244
1.7278759594743862 0.05125280426035027
1.7907078125461822 0.04983281477748718
1.853539665617978 0.04826860301491253
1.9163715186897736 0.04657252916646972
1.9792033717615696 0.0447564126416558
2.0420352248333655 0.04283147687497458
2.104867077905162 0.04080831161189746
2.1676989309769574 0.03869685073726967
2.230530784048753 0.03650636373239071
2.2933626371205493 0.03424545891918961
2.356194490192345 0.03192209676025909
2.4190263432641403 0.0295436116200903
2.4818581963359367 0.027116740545525805
2.5446900494077322 0.024647657783827718
2.607521902479528 0.022142013918163103
2.670353755551324 0.019604978657491313
2.7331856086231197 0.01704128646691361
2.796017461694916 0.01445528436268037
2.8588493147667116 0.011850981321336945
2.9216811678385075 0.009232098863706451
2.9845130209103035 0.006602122470881993
3.047344873982099 0.003964353570819024
3.1101767270538954 0.0013219619004470214
3.173008580125691 -0.0013219619004470214
3.2358404331974873 -0.003964353570819024
3.2986722862692828 -0.006602122470881993
3.3615041393410787 -0.009232098863706451
3.4243359924128747 -0.011850981321336945
3.48716784548467 -0.01445528436268037
3.549999698556466 -0.017041286466913528
3.612831551628262 -0.019604978657491313
3.675663404700058 -0.022142013918163103
3.7384952577718535 -0.024647657783827808
3.8013271108436495 -0.027116740545525805
3.8641589639154454 -0.0295436116200903
3.9269908169872414 -0.03192209676025909
3.989822670059038 -0.034245458919189696
4.052654523130833 -0.03650636373239071
4.115486376202629 -0.03869685073726967
4.178318229274425 -0.040808311611897546
4.241150082346222 -0.04283147687497458
4.303981935418017 -0.0447564126416558
4.366813788489813 -0.04657252916646972
4.429645641561608 -0.04826860301491253
4.4924774946334045 -0.04983281477748727
4.5553093477052 -0.05125280426035027
4.618141200776996 -0.05251574504027244
4.680973053848792 -0.05360844014227596
4.743804906920587 -0.05451744036977792
4.806636759992383 -0.0552291864737508
4.869468613064179 -0.05573017587571096
4.932300466135976 -0.05600715404916349
4.995132319207771 -0.05604732991075281
5.057964172279567 -0.05583861367829979
5.120796025351362 -0.05536987462997552
5.183627878423159 -0.05463121506994397
5.246459731494955 -0.05361425560627889
5.3092915845667505 -0.052312425625479664
5.372123437638546 -0.050721251666066586
5.434955290710342 -0.048838635324741045
5.497787143782137 -0.046665111454136904
5.560618996853934 -0.0442040768170889
5.62345084992573 -0.04146197913239793
5.686282702997525 -0.03844845665583515
5.749114556069321 -0.035176419144898774
5.811946409141116 -0.03166206228859872
5.874778262212914 -0.027924809443846375
5.937610115284709 -0.02398717676974142
6.000441968356505 -0.019874560511898277
6.0632738214283 -0.015614948143826158
6.126105674500097 -0.011238558170454849
6.188937527571893 -0.006777416465034859
6.2517693806436885 -0.0022648798580398393