0.031415926535897934 0.008643821374827216
0.0942477796076938 0.025888736759998105
0.15707963267948966 0.04300578518842697
0.21991148575128552 0.05991076859527898
0.2827433388230814 0.07652104525011515
0.34557519189487723 0.09275612547129196
0.4084070449666731 0.1085382410562542
0.47123889803846897 0.12379288167392566
0.5340707511102649 0.1384492920168889
0.5969026041820606 0.15244092416743982
0.6597344572538566 0.1657058403818267
0.7225663103256523 0.17818706232767414
0.7853981633974483 0.1898328637051764
0.8482300164692442 0.20059700412550532
0.91106186954104 0.21043890309068938
0.9738937226128359 0.2193237538973523
1.0367255756846319 0.22722257825085965
1.0995574287564276 0.23411222330523526
1.1623892818282235 0.23997530371704126
1.2252211349000193 0.24480009209904424
1.2880529879718152 0.24858036196490146
1.350884841043611 0.25131518785503715
1.413716694115407 0.25300870781548523
1.4765485471872026 0.2536698537585293
1.5393804002589986 0.2533120554632129
1.6022122533307945 0.2519529240757914
1.6650441064025903 0.2496139209493456
1.7278759594743862 0.24632001752572913
1.7907078125461822 0.24209935172247868
1.853539665617978 0.23698288595517053
1.9163715186897736 0.23100407151663302
1.9792033717615696 0.22419852356402856
2.0420352248333655 0.21660371044907592
2.104867077905162 0.20825866058129497
2.1676989309769574 0.1992036894539952
2.230530784048753 0.18948014890140913
2.2933626371205493 0.17913020010491565
2.356194490192345 0.16819661133686506
2.4190263432641403 0.15672258093032548
2.4818581963359367 0.14475158549837064
2.5446900494077322 0.1323272530015837
2.607521902479528 0.11949325987984774
2.670353755551324 0.10629325112511515
2.7331856086231197 0.09277078187530759
2.796017461694916 0.07896927885426702
2.8588493147667116 0.06493201976640324
2.9216811678385075 0.050702128574457994
2.9845130209103035 0.03632258444142186
3.047344873982099 0.021836241999768705
3.1101767270538954 0.007285860519715172
3.173008580125691 -0.007285860519715172
3.2358404331974873 -0.021836241999768705
3.2986722862692828 -0.03632258444142186
3.3615041393410787 -0.050702128574457994
3.4243359924128747 -0.06493201976640324
3.48716784548467 -0.07896927885426702
3.549999698556466 -0.09277078187530759
3.612831551628262 -0.10629325112511515
3.675663404700058 -0.11949325987984774
3.7384952577718535 -0.13232725300158354
3.8013271108436495 -0.14475158549837064
3.8641589639154454 -0.15672258093032543
3.9269908169872414 -0.16819661133686506
3.989822670059038 -0.17913020010491595
4.052654523130833 -0.18948014890140913
4.115486376202629 -0.1992036894539952
4.178318229274425 -0.20825866058129514
4.241150082346222 -0.21660371044907603
4.303981935418017 -0.2241985235640286
4.366813788489813 -0.23100407151663302
4.429645641561608 -0.23698288595517053
4.4924774946334045 -0.2420993517224787
4.5553093477052 -0.24632001752572913
4.618141200776996 -0.24961392094934565
4.680973053848792 -0.2519529240757914
4.743804906920587 -0.2533120554632128
4.806636759992383 -0.2536698537585293
4.869468613064179 -0.25300870781548523
4.932300466135976 -0.2513151878550371
4.995132319207771 -0.24858036196490146
5.057964172279567 -0.24480009209904424
5.120796025351362 -0.23997530371704132
5.183627878423159 -0.23411222330523526
5.246459731494955 -0.22722257825085956
5.3092915845667505 -0.2193237538973523
5.372123437638546 -0.21043890309068938
5.434955290710342 -0.20059700412550546
5.497787143782137 -0.18983286370517655
5.560618996853934 -0.1781870623276741
5.62345084992573 -0.1657058403818267
5.686282702997525 -0.15244092416743982
5.749114556069321 -0.13844929201688896
5.811946409141116 -0.12379288167392598
5.874778262212914 -0.10853824105625415
5.937610115284709 -0.09275612547129196
6.000441968356505 -0.07652104525011515
6.0632738214283 -0.05991076859527917
6.126105674500097 -0.04300578518842697
6.188937527571893 -0.02588873675999805
6.2517693806436885 -0.008643821374827216