0.031415926535897934 0.004803838554860121
0.0942477796076938 0.01438912353070777
0.15707963267948966 0.02390737559464031
0.21991148575128552 0.03331438299853577
0.2827433388230814 0.04256664426420605
0.34557519189487723 0.05162164231424723
0.4084070449666731 0.060438108771471453
0.47123889803846897 0.0689762758258687
0.5340707511102649 0.07719811322335338
0.5969026041820606 0.08506754811926408
0.6597344572538566 0.09255066576049233
0.7225663103256523 0.0996158892114031
0.7853981633974483 0.10623413661779775
0.8482300164692442 0.11237895480669334
0.91106186954104 0.1180266283433639
0.9738937226128359 0.12315626350583764
1.0367255756846319 0.12774984698497838
1.0995574287564276 0.13179227946888458
1.1623892818282235 0.13527138461668486
1.2252211349000193 0.13817789426166524
1.2880529879718152 0.1405054109999508
1.350884841043611 0.14225034961180122
1.413716694115407 0.14341185902175788
1.4765485471872026 0.14399172672596125
1.5393804002589986 0.14399426779557184
1.6022122533307945 0.14342620070118214
1.6650441064025903 0.14229651229254817
1.7278759594743862 0.14061631431033664
1.7907078125461822 0.1383986938026986
1.853539665617978 0.13565855977135874
1.9163715186897736 0.13241248828270966
1.9792033717615696 0.12867856815320736
2.0420352248333655 0.12447624915998431
2.104867077905162 0.11982619454239352
2.1676989309769574 0.114750139353757
2.230530784048753 0.10927075600065991
2.2933626371205493 0.10341152807525401
2.356194490192345 0.09719663334952407
2.4190263432641403 0.09065083656417303
2.4818581963359367 0.08379939241302704
2.5446900494077322 0.07666795890037362
2.607521902479528 0.06928252103649575
2.670353755551324 0.0616693246383357
2.7331856086231197 0.053854819819515024
2.796017461694916 0.04586561358818605
2.8588493147667116 0.03772843082315888
2.9216811678385075 0.029470082768849673
2.9845130209103035 0.021117442077905023
3.047344873982099 0.01269742333670785
3.1101767270538954 0.004236967933072409
3.173008580125691 -0.004236967933072409
3.2358404331974873 -0.01269742333670785
3.2986722862692828 -0.021117442077905023
3.3615041393410787 -0.029470082768849673
3.4243359924128747 -0.03772843082315888
3.48716784548467 -0.04586561358818605
3.549999698556466 -0.053854819819515024
3.612831551628262 -0.0616693246383357
3.675663404700058 -0.06928252103649575
3.7384952577718535 -0.07666795890037362
3.8013271108436495 -0.08379939241302704
3.8641589639154454 -0.09065083656417303
3.9269908169872414 -0.09719663334952407
3.989822670059038 -0.10341152807525399
4.052654523130833 -0.10927075600065991
4.115486376202629 -0.114750139353757
4.178318229274425 -0.11982619454239352
4.241150082346222 -0.12447624915998431
4.303981935418017 -0.12867856815320744
4.366813788489813 -0.13241248828270966
4.429645641561608 -0.13565855977135866
4.4924774946334045 -0.13839869380269865
4.5553093477052 -0.14061631431033664
4.618141200776996 -0.14229651229254817
4.680973053848792 -0.14342620070118214
4.743804906920587 -0.14399426779557176
4.806636759992383 -0.14399172672596125
4.869468613064179 -0.14341185902175788
4.932300466135976 -0.14225034961180122
4.995132319207771 -0.1405054109999508
5.057964172279567 -0.13817789426166524
5.120796025351362 -0.13527138461668498
5.183627878423159 -0.13179227946888458
5.246459731494955 -0.12774984698497832
5.3092915845667505 -0.12315626350583764
5.372123437638546 -0.1180266283433639
5.434955290710342 -0.1123789548066935
5.497787143782137 -0.10623413661779785
5.560618996853934 -0.0996158892114031
5.62345084992573 -0.09255066576049233
5.686282702997525 -0.08506754811926408
5.749114556069321 -0.07719811322335346
5.811946409141116 -0.06897627582586878
5.874778262212914 -0.060438108771471453
5.937610115284709 -0.05162164231424723
6.000441968356505 -0.04256664426420605
6.0632738214283 -0.03331438299853577
6.126105674500097 -0.02390737559464031
6.188937527571893 -0.01438912353070777
6.2517693806436885 -0.004803838554860121