0.031415926535897934 0.008752032407094441
0.0942477796076938 0.026139206082503006
0.15707963267948966 0.04317938859287033
0.21991148575128552 0.059653310481897176
0.2827433388230814 0.07535905284300544
0.34557519189487723 0.09011758470176008
0.4084070449666731 0.10377705140239143
0.47123889803846897 0.11621565412276576
0.5340707511102649 0.12734307290888958
0.5969026041820606 0.13710049117859563
0.6597344572538566 0.14545936829400616
0.7225663103256523 0.15241917176824205
0.7853981633974483 0.15800431903430404
0.8482300164692442 0.1622605911368398
0.91106186954104 0.16525127070254716
0.9738937226128359 0.16705322937157469
1.0367255756846319 0.167753151510923
1.0995574287564276 0.16744403726490822
1.1623892818282235 0.16622208376860212
1.2252211349000193 0.16418400240234354
1.2880529879718152 0.1614247947509671
1.350884841043611 0.1580359817076801
1.413716694115407 0.15410425920845766
1.4765485471872026 0.14971053996444042
1.5393804002589986 0.14492933239315292
1.6022122533307945 0.13982840462726384
1.6650441064025903 0.1344686818466429
1.7278759594743862 0.1289043281522151
1.7907078125461822 0.12318296883831463
1.853539665617978 0.1173460144590038
1.9163715186897736 0.11142905393748335
1.9792033717615696 0.10546228971586688
2.0420352248333655 0.09947099330618199
2.104867077905162 0.09347596441736122
2.1676989309769574 0.08749398101889161
2.230530784048753 0.08153823124386421
2.2933626371205493 0.07561872095874282
2.356194490192345 0.06974265318650746
2.4190263432641403 0.063914777429984
2.4818581963359367 0.05813770837423486
2.5446900494077322 0.05241221452105552
2.607521902479528 0.04673747809055004
2.670353755551324 0.04111132807344044
2.7331856086231197 0.035530448684641676
2.796017461694916 0.029990565697523654
2.8588493147667116 0.02448661326567337
2.9216811678385075 0.019012883894768642
2.9845130209103035 0.013563164235401002
3.047344873982099 0.008130859347332342
3.1101767270538954 0.002709108051439153
3.173008580125691 -0.002709108051439153
3.2358404331974873 -0.008130859347332342
3.2986722862692828 -0.013563164235401002
3.3615041393410787 -0.019012883894768642
3.4243359924128747 -0.02448661326567337
3.48716784548467 -0.029990565697523654
3.549999698556466 -0.035530448684641676
3.612831551628262 -0.04111132807344044
3.675663404700058 -0.04673747809055004
3.7384952577718535 -0.052412214521055434
3.8013271108436495 -0.05813770837423486
3.8641589639154454 -0.06391477742998389
3.9269908169872414 -0.06974265318650746
3.989822670059038 -0.07561872095874292
4.052654523130833 -0.08153823124386421
4.115486376202629 -0.08749398101889161
4.178318229274425 -0.09347596441736129
4.241150082346222 -0.09947099330618207
4.303981935418017 -0.10546228971586688
4.366813788489813 -0.11142905393748335
4.429645641561608 -0.1173460144590039
4.4924774946334045 -0.12318296883831463
4.5553093477052 -0.1289043281522151
4.618141200776996 -0.13446868184664293
4.680973053848792 -0.13982840462726379
4.743804906920587 -0.14492933239315292
4.806636759992383 -0.14971053996444048
4.869468613064179 -0.15410425920845766
4.932300466135976 -0.15803598170768005
4.995132319207771 -0.1614247947509671
5.057964172279567 -0.16418400240234354
5.120796025351362 -0.166222083768602
5.183627878423159 -0.16744403726490822
5.246459731494955 -0.16775315151092288
5.3092915845667505 -0.16705322937157469
5.372123437638546 -0.16525127070254716
5.434955290710342 -0.16226059113683988
5.497787143782137 -0.15800431903430404
5.560618996853934 -0.15241917176824205
5.62345084992573 -0.14545936829400616
5.686282702997525 -0.13710049117859563
5.749114556069321 -0.12734307290888974
5.811946409141116 -0.11621565412276597
5.874778262212914 -0.10377705140239125
5.937610115284709 -0.09011758470176008
6.000441968356505 -0.07535905284300544
6.0632738214283 -0.05965331048189735
6.126105674500097 -0.04317938859287033
6.188937527571893 -0.02613920608250276
6.2517693806436885 -0.008752032407094441