0.031415926535897934 0.004262729505348119
0.0942477796076938 0.012775490492107194
0.15707963267948966 0.021250163811735855
0.21991148575128552 0.02966137914045855
0.2827433388230814 0.037983798712923796
0.34557519189487723 0.04619213112863945
0.4084070449666731 0.05426114600873209
0.47123889803846897 0.06216568984010485
0.5340707511102649 0.06988070341122271
0.5969026041820606 0.07738124132197718
0.6597344572538566 0.08464249413702657
0.7225663103256523 0.09163981384485567
0.7853981633974483 0.09834874338025006
0.8482300164692442 0.10474505106213819
0.91106186954104 0.11080477088749666
0.9738937226128359 0.11650424970041319
1.0367255756846319 0.12182020231807154
1.0995574287564276 0.12672977573651106
1.1623892818282235 0.13121062355219418
1.2252211349000193 0.13524099171397214
1.2880529879718152 0.13879981665707988
1.350884841043611 0.1418668367592918
1.413716694115407 0.144422717892624
1.4765485471872026 0.1464491936157507
1.5393804002589986 0.14792922025746275
1.6022122533307945 0.14884714677634966
1.6650441064025903 0.1491888988449093
1.7278759594743862 0.14894217609872734
1.7907078125461822 0.1480966609179402
1.853539665617978 0.14664423647779634
1.9163715186897736 0.144579211131385
1.9792033717615696 0.14189854548939007
2.0420352248333655 0.1386020778633041
2.104867077905162 0.1346927430695218
2.1676989309769574 0.13017677898649355
2.230530784048753 0.12506391475375533
2.2933626371205493 0.11936753414047992
2.356194490192345 0.11310480743248183
2.4190263432641403 0.10629678522810816
2.4818581963359367 0.09896844782721123
2.5446900494077322 0.09114870446668483
2.607521902479528 0.08287033751209968
2.670353755551324 0.07416988785427986
2.7331856086231197 0.0650874791618335
2.796017461694916 0.05566658026750963
2.8588493147667116 0.04595370676197642
2.9216811678385075 0.03599806476172087
2.9845130209103035 0.025851141724295364
3.047344873982099 0.015566251012490435
3.1101767270538954 0.005198038565815149
3.173008580125691 -0.005198038565815149
3.2358404331974873 -0.015566251012490435
3.2986722862692828 -0.025851141724295364
3.3615041393410787 -0.03599806476172087
3.4243359924128747 -0.04595370676197642
3.48716784548467 -0.05566658026750963
3.549999698556466 -0.0650874791618335
3.612831551628262 -0.07416988785427986
3.675663404700058 -0.08287033751209968
3.7384952577718535 -0.09114870446668476
3.8013271108436495 -0.09896844782721123
3.8641589639154454 -0.10629678522810808
3.9269908169872414 -0.11310480743248183
3.989822670059038 -0.11936753414048011
4.052654523130833 -0.12506391475375533
4.115486376202629 -0.13017677898649355
4.178318229274425 -0.13469274306952186
4.241150082346222 -0.13860207786330422
4.303981935418017 -0.14189854548939015
4.366813788489813 -0.144579211131385
4.429645641561608 -0.1466442364777964
4.4924774946334045 -0.14809666091794016
4.5553093477052 -0.14894217609872734
4.618141200776996 -0.14918889884490935
4.680973053848792 -0.14884714677634966
4.743804906920587 -0.14792922025746275
4.806636759992383 -0.14644919361575076
4.869468613064179 -0.144422717892624
4.932300466135976 -0.14186683675929185
4.995132319207771 -0.13879981665707988
5.057964172279567 -0.13524099171397216
5.120796025351362 -0.131210623552194
5.183627878423159 -0.12672977573651106
5.246459731494955 -0.1218202023180715
5.3092915845667505 -0.11650424970041319
5.372123437638546 -0.11080477088749666
5.434955290710342 -0.10474505106213819
5.497787143782137 -0.09834874338025013
5.560618996853934 -0.09163981384485562
5.62345084992573 -0.08464249413702657
5.686282702997525 -0.07738124132197718
5.749114556069321 -0.0698807034112229
5.811946409141116 -0.06216568984010504
5.874778262212914 -0.05426114600873209
5.937610115284709 -0.04619213112863945
6.000441968356505 -0.037983798712923796
6.0632738214283 -0.02966137914045855
6.126105674500097 -0.021250163811735855
6.188937527571893 -0.012775490492107118
6.2517693806436885 -0.004262729505348119