0.031415926535897934 0.006057467151400844
0.0942477796076938 0.018123656809217695
0.15707963267948966 0.030044419047444666
0.21991148575128552 0.04172546685080049
0.2827433388230814 0.0530764278866313
0.34557519189487723 0.06401224963312341
0.4084070449666731 0.07445445214267657
0.47123889803846897 0.08433219634226498
0.5340707511102649 0.09358314344735312
0.5969026041820606 0.10215408951881144
0.6597344572538566 0.11000136796556112
0.7225663103256523 0.11709102142962773
0.7853981633974483 0.12339875255383298
0.8482300164692442 0.12890967025101954
0.91106186954104 0.13361785397228404
0.9738937226128359 0.1375257629098905
1.0367255756846319 0.14064351997012453
1.0995574287564276 0.14298810171468807
1.1623892818282235 0.14458246538976913
1.2252211349000193 0.1454546428081898
1.2880529879718152 0.145636828445319
1.350884841043611 0.14516448590940995
1.413716694115407 0.14407549321783222
1.4765485471872026 0.14240934330928176
1.5393804002589986 0.1402064121805032
1.6022122533307945 0.1375073031501987
1.6650441064025903 0.13435227217592882
1.7278759594743862 0.13078073599063736
1.7907078125461822 0.12683086214988565
1.853539665617978 0.12253923791658573
1.9163715186897736 0.11794061325257911
1.9792033717615696 0.11306771200669415
2.0420352248333655 0.10795110464011881
2.104867077905162 0.10261913545445485
2.1676989309769574 0.09709789722299107
2.230530784048753 0.09141124630849952
2.2933626371205493 0.08558085172131445
2.356194490192345 0.07962627207527014
2.4190263432641403 0.07356505498885674
2.4818581963359367 0.06741285411495541
2.5446900494077322 0.0611835596325329
2.607521902479528 0.054889438672695356
2.670353755551324 0.04854128276089842
2.7331856086231197 0.042148559923775634
2.796017461694916 0.03571956962446149
2.8588493147667116 0.02926159914950498
2.9216811678385075 0.022781080471354798
2.9845130209103035 0.016283746952708254
3.047344873982099 0.009774789543847397
3.1101767270538954 0.0032590123531965032
3.173008580125691 -0.0032590123531965032
3.2358404331974873 -0.009774789543847397
3.2986722862692828 -0.016283746952708254
3.3615041393410787 -0.022781080471354798
3.4243359924128747 -0.02926159914950498
3.48716784548467 -0.03571956962446149
3.549999698556466 -0.042148559923775634
3.612831551628262 -0.04854128276089842
3.675663404700058 -0.054889438672695356
3.7384952577718535 -0.06118355963253279
3.8013271108436495 -0.06741285411495541
3.8641589639154454 -0.07356505498885674
3.9269908169872414 -0.07962627207527014
3.989822670059038 -0.08558085172131455
4.052654523130833 -0.09141124630849952
4.115486376202629 -0.09709789722299107
4.178318229274425 -0.10261913545445495
4.241150082346222 -0.1079511046401189
4.303981935418017 -0.11306771200669415
4.366813788489813 -0.11794061325257911
4.429645641561608 -0.12253923791658573
4.4924774946334045 -0.12683086214988573
4.5553093477052 -0.13078073599063736
4.618141200776996 -0.13435227217592902
4.680973053848792 -0.1375073031501987
4.743804906920587 -0.1402064121805032
4.806636759992383 -0.1424093433092818
4.869468613064179 -0.14407549321783222
4.932300466135976 -0.14516448590941
4.995132319207771 -0.14563682844531908
5.057964172279567 -0.14545464280818982
5.120796025351362 -0.14458246538976913
5.183627878423159 -0.14298810171468807
5.246459731494955 -0.1406435199701244
5.3092915845667505 -0.1375257629098905
5.372123437638546 -0.13361785397228404
5.434955290710342 -0.12890967025101965
5.497787143782137 -0.12339875255383302
5.560618996853934 -0.11709102142962788
5.62345084992573 -0.11000136796556112
5.686282702997525 -0.10215408951881144
5.749114556069321 -0.09358314344735327
5.811946409141116 -0.08433219634226524
5.874778262212914 -0.07445445214267657
5.937610115284709 -0.06401224963312341
6.000441968356505 -0.0530764278866313
6.0632738214283 -0.04172546685080034
6.126105674500097 -0.030044419047444666
6.188937527571893 -0.01812365680921761
6.2517693806436885 -0.006057467151400844