0.031415926535897934 0.005416323825403559
0.0942477796076938 0.016234660180089098
0.15707963267948966 0.02701005174222211
0.21991148575128552 0.03771383236871714
0.2827433388230814 0.04831728173932897
0.34557519189487723 0.058791604226746876
0.4084070449666731 0.06910790842640648
0.47123889803846897 0.07923718770273168
0.5340707511102649 0.08915030223212911
0.5969026041820606 0.09881796317112723
0.6597344572538566 0.10821071974858155
0.7225663103256523 0.11729895027127529
0.7853981633974483 0.12605285823923046
0.8482300164692442 0.13444247498652967
0.91106186954104 0.142437670490298
0.9738937226128359 0.15000817421842533
1.0367255756846319 0.15712360810792925
1.0995574287564276 0.16375353397131076
1.1623892818282235 0.16986751780675205
1.2252211349000193 0.17543521362657047
1.2880529879718152 0.1804264695019593
1.350884841043611 0.184811458533671
1.413716694115407 0.18856083737911183
1.4765485471872026 0.19164593477600958
1.5393804002589986 0.19403897218031727
1.6022122533307945 0.19571331816039858
1.6650441064025903 0.19664377754140164
1.7278759594743862 0.19680691545688028
1.7907078125461822 0.1961814154283391
1.853539665617978 0.19474846935446902
1.9163715186897736 0.19249219585798125
1.9792033717615696 0.18940008183007553
2.0420352248333655 0.18546344026766506
2.104867077905162 0.18067787567161003
2.1676989309769574 0.17504374643985718
2.230530784048753 0.16856661194120212
2.2933626371205493 0.1612576504043433
2.356194490192345 0.15313403252704685
2.4190263432641403 0.14421923493225342
2.4818581963359367 0.1345432774001279
2.5446900494077322 0.12414286830219781
2.607521902479528 0.11306144394483007
2.670353755551324 0.10134908964463618
2.7331856086231197 0.08906233330792121
2.796017461694916 0.07626380601065924
2.8588493147667116 0.06302176845144329
2.9216811678385075 0.0494095069913549
2.9845130209103035 0.035504608060681515
3.047344873982099 0.021388124721115582
3.1101767270538954 0.007143653821584169
3.173008580125691 -0.007143653821584169
3.2358404331974873 -0.021388124721115582
3.2986722862692828 -0.035504608060681515
3.3615041393410787 -0.0494095069913549
3.4243359924128747 -0.06302176845144329
3.48716784548467 -0.07626380601065924
3.549999698556466 -0.08906233330792121
3.612831551628262 -0.10134908964463618
3.675663404700058 -0.11306144394483007
3.7384952577718535 -0.12414286830219781
3.8013271108436495 -0.1345432774001279
3.8641589639154454 -0.14421923493225353
3.9269908169872414 -0.15313403252704685
3.989822670059038 -0.1612576504043435
4.052654523130833 -0.16856661194120212
4.115486376202629 -0.17504374643985718
4.178318229274425 -0.18067787567161003
4.241150082346222 -0.18546344026766512
4.303981935418017 -0.18940008183007567
4.366813788489813 -0.19249219585798125
4.429645641561608 -0.19474846935446907
4.4924774946334045 -0.19618141542833914
4.5553093477052 -0.19680691545688028
4.618141200776996 -0.19664377754140164
4.680973053848792 -0.19571331816039853
4.743804906920587 -0.19403897218031727
4.806636759992383 -0.1916459347760096
4.869468613064179 -0.18856083737911183
4.932300466135976 -0.18481145853367092
4.995132319207771 -0.18042646950195937
5.057964172279567 -0.17543521362657052
5.120796025351362 -0.16986751780675205
5.183627878423159 -0.16375353397131076
5.246459731494955 -0.15712360810792914
5.3092915845667505 -0.15000817421842533
5.372123437638546 -0.142437670490298
5.434955290710342 -0.13444247498652967
5.497787143782137 -0.12605285823923057
5.560618996853934 -0.11729895027127528
5.62345084992573 -0.10821071974858155
5.686282702997525 -0.09881796317112723
5.749114556069321 -0.08915030223212927
5.811946409141116 -0.07923718770273191
5.874778262212914 -0.06910790842640638
5.937610115284709 -0.058791604226746876
6.000441968356505 -0.04831728173932897
6.0632738214283 -0.03771383236871722
6.126105674500097 -0.02701005174222211
6.188937527571893 -0.016234660180089098
6.2517693806436885 -0.005416323825403559