0.031415926535897934 0.004390491096098807
0.0942477796076938 0.013159214655350865
0.15707963267948966 0.021891158611312092
0.21991148575128552 0.030561791020026007
0.2827433388230814 0.03914656212317734
0.34557519189487723 0.047620898251747146
0.4084070449666731 0.055960196835074055
0.47123889803846897 0.06413982293819682
0.5340707511102649 0.0721351078278949
0.5969026041820606 0.07992135015948709
0.6597344572538566 0.0874738204801537
0.7225663103256523 0.09476776985782942
0.7853981633974483 0.10177844356448985
0.8482300164692442 0.10848110086524668
0.91106186954104 0.11485104208568897
0.9738937226128359 0.12086364424420007
1.0367255756846319 0.1264944066375535
1.0995574287564276 0.13171900785005305
1.1623892818282235 0.13651337571104394
1.2252211349000193 0.14085377174408667
1.2880529879718152 0.14471689162396023
1.350884841043611 0.14807998307481285
1.413716694115407 0.15092098249367641
1.4765485471872026 0.15321867135772915
1.5393804002589986 0.15495285316117607
1.6022122533307945 0.15610455121974454
1.6650441064025903 0.15665622717099695
1.7278759594743862 0.15659201938350506
1.7907078125461822 0.1558979997682365
1.853539665617978 0.15456244666759708
1.9163715186897736 0.1525761305944093
1.9792033717615696 0.149932608625447
2.0420352248333655 0.14662852225128167
2.104867077905162 0.1426638924844139
2.1676989309769574 0.13804240507797536
2.230530784048753 0.13277167786255234
2.2933626371205493 0.12686350152957634
2.356194490192345 0.12033404474001741
2.4190263432641403 0.11320401427967731
2.4818581963359367 0.10549876117449652
2.5446900494077322 0.09724832426729528
2.607521902479528 0.08848740377107416
2.670353755551324 0.07925525876143115
2.7331856086231197 0.06959552443367865
2.796017461694916 0.05955594718190862
2.8588493147667116 0.04918803808103988
2.9216811678385075 0.03854664806475243
2.9845130209103035 0.02768947086542222
3.047344873982099 0.016676482474520877
3.1101767270538954 0.005569328345607421
3.173008580125691 -0.005569328345607421
3.2358404331974873 -0.016676482474520877
3.2986722862692828 -0.02768947086542222
3.3615041393410787 -0.03854664806475243
3.4243359924128747 -0.04918803808103988
3.48716784548467 -0.05955594718190862
3.549999698556466 -0.06959552443367857
3.612831551628262 -0.07925525876143115
3.675663404700058 -0.08848740377107416
3.7384952577718535 -0.09724832426729518
3.8013271108436495 -0.10549876117449652
3.8641589639154454 -0.11320401427967722
3.9269908169872414 -0.12033404474001741
3.989822670059038 -0.12686350152957646
4.052654523130833 -0.13277167786255234
4.115486376202629 -0.13804240507797536
4.178318229274425 -0.14266389248441408
4.241150082346222 -0.14662852225128178
4.303981935418017 -0.14993260862544694
4.366813788489813 -0.1525761305944093
4.429645641561608 -0.154562446667597
4.4924774946334045 -0.15589799976823637
4.5553093477052 -0.15659201938350506
4.618141200776996 -0.15665622717099698
4.680973053848792 -0.1561045512197445
4.743804906920587 -0.15495285316117607
4.806636759992383 -0.1532186713577292
4.869468613064179 -0.15092098249367641
4.932300466135976 -0.14807998307481285
4.995132319207771 -0.14471689162396023
5.057964172279567 -0.14085377174408667
5.120796025351362 -0.136513375711044
5.183627878423159 -0.13171900785005305
5.246459731494955 -0.12649440663755337
5.3092915845667505 -0.12086364424420007
5.372123437638546 -0.11485104208568897
5.434955290710342 -0.10848110086524668
5.497787143782137 -0.10177844356448994
5.560618996853934 -0.09476776985782942
5.62345084992573 -0.0874738204801537
5.686282702997525 -0.07992135015948709
5.749114556069321 -0.07213510782789492
5.811946409141116 -0.06413982293819691
5.874778262212914 -0.05596019683507414
5.937610115284709 -0.047620898251747146
6.000441968356505 -0.03914656212317734
6.0632738214283 -0.030561791020026093
6.126105674500097 -0.021891158611312092
6.188937527571893 -0.013159214655350701
6.2517693806436885 -0.004390491096098807