0.031415926535897934 0.004530935993198133
0.0942477796076938 0.013568142697898581
0.15707963267948966 0.022531574046818294
0.21991148575128552 0.031372778062895804
0.2827433388230814 0.040044388431006654
0.34557519189487723 0.04850053555641965
0.4084070449666731 0.056697234995587695
0.47123889803846897 0.0645927476076161
0.5340707511102649 0.07214790636145292
0.5969026041820606 0.07932640542476124
0.6597344572538566 0.0860950479397342
0.7225663103256523 0.09242394974022776
0.7853981633974483 0.09828669716254719
0.8482300164692442 0.10366045802614043
0.91106186954104 0.10852604578616865
0.9738937226128359 0.11286793776293573
1.0367255756846319 0.11667424920937883
1.0995574287564276 0.11993666576475476
1.1623892818282235 0.12265033754019748
1.2252211349000193 0.12481373867324107
1.2880529879718152 0.12642849666098585
1.350884841043611 0.1274991961271657
1.413716694115407 0.12803316189358
1.4765485471872026 0.12804022631255274
1.5393804002589986 0.1275324857801636
1.6022122533307945 0.12652405119981502
1.6650441064025903 0.12503079691542324
1.7278759594743862 0.12307011229877518
1.7907078125461822 0.12066065977362567
1.853539665617978 0.11782214260785026
1.9163715186897736 0.11457508532221898
1.9792033717615696 0.11094062906705404
2.0420352248333655 0.10694034382158271
2.104867077905162 0.10259605878868859
2.1676989309769574 0.09792971190117207
2.230530784048753 0.0929632189333286
2.2933626371205493 0.08771836232994763
2.356194490192345 0.0822166995276911
2.4190263432641403 0.07647949025300706
2.4818581963359367 0.070527642036184
2.5446900494077322 0.0643816729811245
2.607521902479528 0.058061690671923925
2.670353755551324 0.05158738597642941
2.7331856086231197 0.04497804041900475
2.796017461694916 0.038252545734772346
2.8588493147667116 0.031429434180520646
2.9216811678385075 0.024526918158253884
2.9845130209103035 0.01756293770126578
3.047344873982099 0.010555214375295687
3.1101767270538954 0.003521310154961143
3.173008580125691 -0.003521310154961143
3.2358404331974873 -0.010555214375295687
3.2986722862692828 -0.01756293770126578
3.3615041393410787 -0.024526918158253884
3.4243359924128747 -0.031429434180520646
3.48716784548467 -0.038252545734772346
3.549999698556466 -0.04497804041900475
3.612831551628262 -0.05158738597642941
3.675663404700058 -0.058061690671923925
3.7384952577718535 -0.0643816729811245
3.8013271108436495 -0.070527642036184
3.8641589639154454 -0.07647949025300706
3.9269908169872414 -0.0822166995276911
3.989822670059038 -0.08771836232994763
4.052654523130833 -0.0929632189333286
4.115486376202629 -0.09792971190117207
4.178318229274425 -0.10259605878868869
4.241150082346222 -0.10694034382158268
4.303981935418017 -0.11094062906705401
4.366813788489813 -0.11457508532221898
4.429645641561608 -0.11782214260785026
4.4924774946334045 -0.12066065977362579
4.5553093477052 -0.12307011229877518
4.618141200776996 -0.1250307969154232
4.680973053848792 -0.1265240511998149
4.743804906920587 -0.12753248578016366
4.806636759992383 -0.12804022631255274
4.869468613064179 -0.12803316189358
4.932300466135976 -0.12749919612716565
4.995132319207771 -0.12642849666098585
5.057964172279567 -0.12481373867324107
5.120796025351362 -0.12265033754019748
5.183627878423159 -0.11993666576475476
5.246459731494955 -0.11667424920937873
5.3092915845667505 -0.11286793776293573
5.372123437638546 -0.10852604578616865
5.434955290710342 -0.10366045802614043
5.497787143782137 -0.09828669716254723
5.560618996853934 -0.0924239497402276
5.62345084992573 -0.0860950479397342
5.686282702997525 -0.07932640542476124
5.749114556069321 -0.07214790636145307
5.811946409141116 -0.06459274760761638
5.874778262212914 -0.056697234995587674
5.937610115284709 -0.04850053555641965
6.000441968356505 -0.040044388431006654
6.0632738214283 -0.031372778062895935
6.126105674500097 -0.022531574046818294
6.188937527571893 -0.013568142697898581
6.2517693806436885 -0.004530935993198133