0.031415926535897934 0.004590067042229882
0.0942477796076938 0.01375678040012376
0.15707963267948966 0.02288323632850752
0.21991148575128552 0.031942612455244615
0.2827433388230814 0.040908110570424344
0.34557519189487723 0.049752966909119255
0.4084070449666731 0.05845046313524685
0.47123889803846897 0.06697393834365326
0.5340707511102649 0.07529680248142094
0.5969026041820606 0.08339255168776656
0.6597344572538566 0.09123478616216861
0.7225663103256523 0.09879723128947691
0.7853981633974483 0.10605376287506378
0.8482300164692442 0.11297843746836099
0.91106186954104 0.11954552887453278
0.9738937226128359 0.12572957206606886
1.0367255756846319 0.13150541580252803
1.0995574287564276 0.136848285340652
1.1623892818282235 0.14173385666103047
1.2252211349000193 0.14613834364324782
1.2880529879718152 0.1500385995803013
1.350884841043611 0.15341223432605405
1.413716694115407 0.156237748207554
1.4765485471872026 0.15849468359852062
1.5393804002589986 0.16016379473339665
1.6022122533307945 0.16122723593672722
1.6650441064025903 0.16166876794624715
1.7278759594743862 0.16147398141896638
1.7907078125461822 0.16063053603090874
1.853539665617978 0.15912841282118517
1.9163715186897736 0.15696017660394038
1.9792033717615696 0.15412124439837038
2.0420352248333655 0.15061015493569035
2.104867077905162 0.14642883342828078
2.1676989309769574 0.14158284497289447
2.230530784048753 0.1360816292552953
2.2933626371205493 0.12993870868068183
2.356194490192345 0.12317186172678465
2.4190263432641403 0.11580325325677814
2.4818581963359367 0.1078595137832827
2.5446900494077322 0.09937176027848668
2.607521902479528 0.09037555209963542
2.670353755551324 0.08091077694561534
2.7331856086231197 0.07102146345857323
2.796017461694916 0.06075551908976938
2.8588493147667116 0.05016439409217117
2.9216811678385075 0.03930267489235403
2.9845130209103035 0.028227612521802076
3.047344873982099 0.01699859413160005
3.1101767270538954 0.005676567750008362
3.173008580125691 -0.005676567750008362
3.2358404331974873 -0.01699859413160005
3.2986722862692828 -0.028227612521802076
3.3615041393410787 -0.03930267489235403
3.4243359924128747 -0.05016439409217117
3.48716784548467 -0.06075551908976938
3.549999698556466 -0.07102146345857317
3.612831551628262 -0.08091077694561534
3.675663404700058 -0.09037555209963542
3.7384952577718535 -0.09937176027848668
3.8013271108436495 -0.1078595137832827
3.8641589639154454 -0.11580325325677808
3.9269908169872414 -0.12317186172678465
3.989822670059038 -0.12993870868068205
4.052654523130833 -0.1360816292552953
4.115486376202629 -0.14158284497289447
4.178318229274425 -0.14642883342828086
4.241150082346222 -0.15061015493569033
4.303981935418017 -0.1541212443983705
4.366813788489813 -0.15696017660394038
4.429645641561608 -0.1591284128211851
4.4924774946334045 -0.16063053603090865
4.5553093477052 -0.16147398141896638
4.618141200776996 -0.1616687679462473
4.680973053848792 -0.16122723593672722
4.743804906920587 -0.16016379473339665
4.806636759992383 -0.15849468359852062
4.869468613064179 -0.156237748207554
4.932300466135976 -0.15341223432605403
4.995132319207771 -0.1500385995803013
5.057964172279567 -0.1461383436432479
5.120796025351362 -0.14173385666103056
5.183627878423159 -0.136848285340652
5.246459731494955 -0.13150541580252798
5.3092915845667505 -0.12572957206606886
5.372123437638546 -0.11954552887453278
5.434955290710342 -0.11297843746836106
5.497787143782137 -0.10605376287506398
5.560618996853934 -0.09879723128947687
5.62345084992573 -0.09123478616216861
5.686282702997525 -0.08339255168776656
5.749114556069321 -0.07529680248142097
5.811946409141116 -0.06697393834365337
5.874778262212914 -0.058450463135246836
5.937610115284709 -0.049752966909119255
6.000441968356505 -0.040908110570424344
6.0632738214283 -0.031942612455244705
6.126105674500097 -0.02288323632850752
6.188937527571893 -0.013756780400123583
6.2517693806436885 -0.004590067042229882