0.031415926535897934 0.007633843414122574
0.0942477796076938 0.022874450561655522
0.15707963267948966 0.03803390371037134
0.21991148575128552 0.053058382885572776
0.2827433388230814 0.06789448942886062
0.34557519189487723 0.08248940919934213
0.4084070449666731 0.09679107071495138
0.47123889803846897 0.11074829715627868
0.5340707511102649 0.12431095141241758
0.5969026041820606 0.13743007364243442
0.6597344572538566 0.15005801114629536
0.7225663103256523 0.16214854067356368
0.7853981633974483 0.17365698363449916
0.8482300164692442 0.1845403150036547
0.91106186954104 0.19475726700821636
0.9738937226128359 0.20426842896008596
1.0367255756846319 0.21303634481082048
1.0995574287564276 0.22102561017169192
1.1623892818282235 0.22820297063823466
1.2252211349000193 0.23453742328194274
1.2880529879718152 0.2400003231150742
1.350884841043611 0.24456549619326415
1.413716694115407 0.24820936079216477
1.4765485471872026 0.2509110577780034
1.5393804002589986 0.2526525908893908
1.6022122533307945 0.2534189771631331
1.6650441064025903 0.2531984071771592
1.7278759594743862 0.2519824141590794
1.7907078125461822 0.2497660503327524
1.853539665617978 0.24654806816458524
1.9163715186897736 0.24233110344672026
1.9792033717615696 0.23712185644000164
2.0420352248333655 0.23093126662312013
2.104867077905162 0.2237746759857991
2.1676989309769574 0.21567197529532242
2.230530784048753 0.20664772738982157
2.2933626371205493 0.19673126134028815
2.356194490192345 0.18595673130542958
2.4190263432641403 0.17436313410360024
2.4818581963359367 0.161994279961757
2.5446900494077322 0.14889871158139242
2.607521902479528 0.13512956758372413
2.670353755551324 0.12074438754699962
2.7331856086231197 0.10580485720068475
2.796017461694916 0.0903764938548168
2.8588493147667116 0.07452827376631577
2.9216811678385075 0.058332204815971005
2.9845130209103035 0.041862849521443916
3.047344873982099 0.025196804970680185
3.1101767270538954 0.00841214765497702
3.173008580125691 -0.00841214765497702
3.2358404331974873 -0.025196804970680185
3.2986722862692828 -0.041862849521443916
3.3615041393410787 -0.058332204815971005
3.4243359924128747 -0.07452827376631577
3.48716784548467 -0.0903764938548168
3.549999698556466 -0.10580485720068464
3.612831551628262 -0.12074438754699962
3.675663404700058 -0.13512956758372413
3.7384952577718535 -0.14889871158139242
3.8013271108436495 -0.161994279961757
3.8641589639154454 -0.17436313410360016
3.9269908169872414 -0.18595673130542958
3.989822670059038 -0.19673126134028826
4.052654523130833 -0.20664772738982157
4.115486376202629 -0.21567197529532242
4.178318229274425 -0.22377467598579914
4.241150082346222 -0.23093126662312027
4.303981935418017 -0.2371218564400017
4.366813788489813 -0.24233110344672026
4.429645641561608 -0.24654806816458533
4.4924774946334045 -0.24976605033275232
4.5553093477052 -0.2519824141590794
4.618141200776996 -0.25319840717715936
4.680973053848792 -0.253418977163133
4.743804906920587 -0.25265259088939096
4.806636759992383 -0.2509110577780034
4.869468613064179 -0.24820936079216477
4.932300466135976 -0.24456549619326423
4.995132319207771 -0.2400003231150742
5.057964172279567 -0.23453742328194274
5.120796025351362 -0.22820297063823466
5.183627878423159 -0.22102561017169192
5.246459731494955 -0.21303634481082034
5.3092915845667505 -0.20426842896008596
5.372123437638546 -0.19475726700821636
5.434955290710342 -0.18454031500365467
5.497787143782137 -0.17365698363449933
5.560618996853934 -0.16214854067356374
5.62345084992573 -0.15005801114629536
5.686282702997525 -0.13743007364243442
5.749114556069321 -0.12431095141241777
5.811946409141116 -0.11074829715627894
5.874778262212914 -0.0967910707149514
5.937610115284709 -0.08248940919934213
6.000441968356505 -0.06789448942886062
6.0632738214283 -0.05305838288557287
6.126105674500097 -0.03803390371037134
6.188937527571893 -0.022874450561655317
6.2517693806436885 -0.007633843414122574