0.031415926535897934 0.002076977042134351
0.0942477796076938 0.006213326454836593
0.15707963267948966 0.01029718906527318
0.21991148575128552 0.01429465272926665
0.2827433388230814 0.018173383782492745
0.34557519189487723 0.021903180580773424
0.4084070449666731 0.025456454494299726
0.47123889803846897 0.02880862471065115
0.5340707511102649 0.03193841770532589
0.5969026041820606 0.03482806695950568
0.6597344572538566 0.03746341311250143
0.7225663103256523 0.03983390893883023
0.7853981633974483 0.04193253710685887
0.8482300164692442 0.043755651452355736
0.91106186954104 0.04530275441027573
0.9738937226128359 0.04657622429022105
1.0367255756846319 0.04758100631681609
1.0995574287564276 0.04832428089443515
1.1623892818282235 0.048815121534920236
1.2252211349000193 0.049064153458834615
1.2880529879718152 0.04908322219568147
1.350884841043611 0.04888507970396101
1.413716694115407 0.04848309372528184
1.4765485471872026 0.047890984370885854
1.5393804002589986 0.04712259038140066
1.6022122533307945 0.04619166614470155
1.6650441064025903 0.04511170942444411
1.7278759594743862 0.04389581884761308
1.7907078125461822 0.04255657951435243
1.853539665617978 0.041105974609001894
1.9163715186897736 0.03955532058339239
1.9792033717615696 0.03791522332484839
2.0420352248333655 0.03619555268429
2.104867077905162 0.034405432797753877
2.1676989309769574 0.03255324576326985
2.230530784048753 0.030646646413085142
2.2933626371205493 0.028692586130667167
2.356194490192345 0.026697343888026703
2.4190263432641403 0.024666562910028566
2.4818581963359367 0.022605291599659436
2.5446900494077322 0.020518027575276074
2.607521902479528 0.01840876387326079
2.670353755551324 0.016281036554529806
2.7331856086231197 0.014137973119499075
2.796017461694916 0.011982341282934525
2.8588493147667116 0.009816597787792635
2.9216811678385075 0.007642937046372929
2.9845130209103035 0.005463339488784246
3.047344873982099 0.0032796195739487276
3.1101767270538954 0.00109347347818449
3.173008580125691 -0.00109347347818449
3.2358404331974873 -0.0032796195739487276
3.2986722862692828 -0.005463339488784246
3.3615041393410787 -0.007642937046372929
3.4243359924128747 -0.009816597787792635
3.48716784548467 -0.011982341282934525
3.549999698556466 -0.014137973119499075
3.612831551628262 -0.016281036554529806
3.675663404700058 -0.01840876387326079
3.7384952577718535 -0.020518027575276074
3.8013271108436495 -0.022605291599659436
3.8641589639154454 -0.02466656291002843
3.9269908169872414 -0.026697343888026703
3.989822670059038 -0.028692586130667167
4.052654523130833 -0.030646646413085142
4.115486376202629 -0.03255324576326985
4.178318229274425 -0.034405432797753877
4.241150082346222 -0.03619555268429
4.303981935418017 -0.03791522332484839
4.366813788489813 -0.03955532058339239
4.429645641561608 -0.041105974609001894
4.4924774946334045 -0.04255657951435243
4.5553093477052 -0.04389581884761308
4.618141200776996 -0.04511170942444397
4.680973053848792 -0.04619166614470155
4.743804906920587 -0.04712259038140066
4.806636759992383 -0.047890984370885854
4.869468613064179 -0.04848309372528184
4.932300466135976 -0.04888507970396096
4.995132319207771 -0.04908322219568147
5.057964172279567 -0.049064153458834615
5.120796025351362 -0.048815121534920236
5.183627878423159 -0.04832428089443515
5.246459731494955 -0.04758100631681609
5.3092915845667505 -0.04657622429022105
5.372123437638546 -0.04530275441027573
5.434955290710342 -0.043755651452355736
5.497787143782137 -0.04193253710685887
5.560618996853934 -0.03983390893883023
5.62345084992573 -0.03746341311250143
5.686282702997525 -0.03482806695950568
5.749114556069321 -0.031938417705326023
5.811946409141116 -0.02880862471065115
5.874778262212914 -0.02545645449429966
5.937610115284709 -0.021903180580773424
6.000441968356505 -0.018173383782492745
6.0632738214283 -0.01429465272926665
6.126105674500097 -0.01029718906527318
6.188937527571893 -0.006213326454836593
6.2517693806436885 -0.002076977042134351