0.031415926535897934 0.0072152185659995005
0.0942477796076938 0.021593383189409027
0.15707963267948966 0.03581546126611378
0.21991148575128552 0.04977981436184383
0.2827433388230814 0.06338837281961032
0.34557519189487723 0.07654794499334093
0.4084070449666731 0.08917141271346836
0.47123889803846897 0.101178786762299
0.5340707511102649 0.1124981005686511
0.5969026041820606 0.12306612543293412
0.6597344572538566 0.13282889617723187
0.7225663103256523 0.14174204196452045
0.7853981633974483 0.14977092291289365
0.8482300164692442 0.15689057880425047
0.91106186954104 0.16308550141954234
0.9738937226128359 0.16834924661431697
1.0367255756846319 0.17268390600541428
1.0995574287564276 0.17609946094702747
1.1623892818282235 0.1786130432624747
1.2252211349000193 0.1802481279562322
1.2880529879718152 0.18103368290510666
1.350884841043611 0.18100329941386187
1.413716694115407 0.18019432565504329
1.4765485471872026 0.1786470225580897
1.5393804002589986 0.17640375884568024
1.6022122533307945 0.17350825881277476
1.6650441064025903 0.1700049132722254
1.7278759594743862 0.16593816099660522
1.7907078125461822 0.1613519450894619
1.853539665617978 0.15628924611184003
1.9163715186897736 0.15079169153317742
1.9792033717615696 0.1448992392031188
2.0420352248333655 0.1386499310611507
2.104867077905162 0.13207971220262685
2.1676989309769574 0.1252223096754035
2.230530784048753 0.11810916495275217
2.2933626371205493 0.11076941387073906
2.356194490192345 0.10322990788440459
2.4190263432641403 0.0955152707396871
2.4818581963359367 0.08764798503254048
2.5446900494077322 0.0796485035926509
2.607521902479528 0.07153538115118858
2.670353755551324 0.06332542230016845
2.7331856086231197 0.055033842300688834
2.796017461694916 0.04667443782907504
2.8588493147667116 0.03825976524883654
2.9216811678385075 0.029801324451288694
2.9845130209103035 0.02130974671088612
3.047344873982099 0.012794985347460134
3.1101767270538954 0.004266508273329922
3.173008580125691 -0.004266508273329922
3.2358404331974873 -0.012794985347460134
3.2986722862692828 -0.02130974671088612
3.3615041393410787 -0.029801324451288694
3.4243359924128747 -0.03825976524883654
3.48716784548467 -0.04667443782907504
3.549999698556466 -0.055033842300688834
3.612831551628262 -0.06332542230016845
3.675663404700058 -0.07153538115118858
3.7384952577718535 -0.0796485035926509
3.8013271108436495 -0.08764798503254048
3.8641589639154454 -0.0955152707396871
3.9269908169872414 -0.10322990788440459
3.989822670059038 -0.11076941387073917
4.052654523130833 -0.11810916495275217
4.115486376202629 -0.1252223096754035
4.178318229274425 -0.13207971220262696
4.241150082346222 -0.13864993106115073
4.303981935418017 -0.1448992392031188
4.366813788489813 -0.15079169153317742
4.429645641561608 -0.15628924611184003
4.4924774946334045 -0.1613519450894619
4.5553093477052 -0.16593816099660522
4.618141200776996 -0.17000491327222553
4.680973053848792 -0.17350825881277476
4.743804906920587 -0.17640375884568024
4.806636759992383 -0.17864702255808962
4.869468613064179 -0.18019432565504329
4.932300466135976 -0.1810032994138619
4.995132319207771 -0.18103368290510666
5.057964172279567 -0.18024812795623216
5.120796025351362 -0.1786130432624747
5.183627878423159 -0.17609946094702747
5.246459731494955 -0.17268390600541406
5.3092915845667505 -0.16834924661431697
5.372123437638546 -0.16308550141954234
5.434955290710342 -0.15689057880425047
5.497787143782137 -0.14977092291289382
5.560618996853934 -0.14174204196452042
5.62345084992573 -0.13282889617723187
5.686282702997525 -0.12306612543293412
5.749114556069321 -0.11249810056865124
5.811946409141116 -0.10117878676229908
5.874778262212914 -0.08917141271346833
5.937610115284709 -0.07654794499334093
6.000441968356505 -0.06338837281961032
6.0632738214283 -0.04977981436184397
6.126105674500097 -0.03581546126611378
6.188937527571893 -0.02159338318940881
6.2517693806436885 -0.0072152185659995005