0.031415926535897934 0.008840664314222162
0.0942477796076938 0.026473635899766115
0.15707963267948966 0.04396196805603391
0.21991148575128552 0.061210667100539025
0.2827433388230814 0.07812686599429611
0.34557519189487723 0.09462063089982146
0.4084070449666731 0.11060572462607167
0.47123889803846897 0.12600031603889286
0.5340707511102649 0.1407276255396173
0.5969026041820606 0.15471649793721695
0.6597344572538566 0.16790189544024933
0.7225663103256523 0.18022530504709083
0.7853981633974483 0.19163505628398925
0.8482300164692442 0.2020865469918934
0.91106186954104 0.21154237665149775
0.9738937226128359 0.21997238851473544
1.0367255756846319 0.2273536235315513
1.0995574287564276 0.2336701906752772
1.1623892818282235 0.23891305973316582
1.2252211349000193 0.24307978390056897
1.2880529879718152 0.2461741605650341
1.350884841043611 0.24820583946608693
1.413716694115407 0.2491898879535406
1.4765485471872026 0.24914632333795497
1.5393804002589986 0.2480996223378388
1.6022122533307945 0.24607821739520372
1.6650441064025903 0.24311398917827806
1.7278759594743862 0.23924176394816105
1.7907078125461822 0.23449882367019464
1.853539665617978 0.22892443583863126
1.9163715186897736 0.2225594089931661
1.9792033717615696 0.21544567887528449
2.0420352248333655 0.2076259291355243
2.104867077905162 0.19914324949017617
2.1676989309769574 0.1900408332632402
2.230530784048753 0.18036171535700218
2.2933626371205493 0.1701485508872622
2.356194490192345 0.15944343400665886
2.4190263432641403 0.14828775582633408
2.4818581963359367 0.13672209983270267
2.5446900494077322 0.12478617277892219
2.607521902479528 0.11251876870342697
2.670353755551324 0.0999577634820182
2.7331856086231197 0.08714013714532291
2.796017461694916 0.07410202107894925
2.8588493147667116 0.06087876715804603
2.9216811678385075 0.047505035840070736
2.9845130209103035 0.03401490023883765
3.047344873982099 0.020441963219691234
3.1101767270538954 0.006819484581461109
3.173008580125691 -0.006819484581461109
3.2358404331974873 -0.020441963219691234
3.2986722862692828 -0.03401490023883765
3.3615041393410787 -0.047505035840070736
3.4243359924128747 -0.06087876715804603
3.48716784548467 -0.07410202107894925
3.549999698556466 -0.0871401371453228
3.612831551628262 -0.0999577634820182
3.675663404700058 -0.11251876870342697
3.7384952577718535 -0.12478617277892212
3.8013271108436495 -0.13672209983270267
3.8641589639154454 -0.1482877558263339
3.9269908169872414 -0.15944343400665886
3.989822670059038 -0.17014855088726236
4.052654523130833 -0.18036171535700218
4.115486376202629 -0.1900408332632402
4.178318229274425 -0.1991432494901762
4.241150082346222 -0.2076259291355244
4.303981935418017 -0.21544567887528457
4.366813788489813 -0.2225594089931661
4.429645641561608 -0.22892443583863117
4.4924774946334045 -0.23449882367019473
4.5553093477052 -0.23924176394816105
4.618141200776996 -0.24311398917827817
4.680973053848792 -0.24607821739520372
4.743804906920587 -0.2480996223378388
4.806636759992383 -0.24914632333795503
4.869468613064179 -0.2491898879535406
4.932300466135976 -0.24820583946608693
4.995132319207771 -0.24617416056503416
5.057964172279567 -0.24307978390056897
5.120796025351362 -0.23891305973316573
5.183627878423159 -0.2336701906752772
5.246459731494955 -0.22735362353155114
5.3092915845667505 -0.21997238851473544
5.372123437638546 -0.21154237665149775
5.434955290710342 -0.20208654699189335
5.497787143782137 -0.1916350562839894
5.560618996853934 -0.18022530504709072
5.62345084992573 -0.16790189544024933
5.686282702997525 -0.15471649793721695
5.749114556069321 -0.14072762553961732
5.811946409141116 -0.12600031603889317
5.874778262212914 -0.1106057246260715
5.937610115284709 -0.09462063089982146
6.000441968356505 -0.07812686599429611
6.0632738214283 -0.06121066710053914
6.126105674500097 -0.04396196805603391
6.188937527571893 -0.026473635899766
6.2517693806436885 -0.008840664314222162