0.031415926535897934 0.009438269843036565
0.0942477796076938 0.028240814450459124
0.15707963267948966 0.04682250809430292
0.21991148575128552 0.06503986925292957
0.2827433388230814 0.08275494637423132
0.34557519189487723 0.09983733558230352
0.4084070449666731 0.11616601137753749
0.47123889803846897 0.13163092713287988
0.5340707511102649 0.14613434955430082
0.5969026041820606 0.1595918998789736
0.6597344572538566 0.17193328413875153
0.7225663103256523 0.18310270495324374
0.7853981633974483 0.19305895760885733
0.8482300164692442 0.20177522316324964
0.91106186954104 0.20923858052030522
0.9738937226128359 0.21544926741435141
1.0367255756846319 0.22041972665994838
1.0995574287564276 0.22417347860349895
1.1623892818282235 0.22674386331660323
1.2252211349000193 0.22817269669145035
1.2880529879718152 0.22850888335475006
1.350884841043611 0.22780702643651563
1.413716694115407 0.22612607002333343
1.4765485471872026 0.22352800495250247
1.5393804002589986 0.2200766628407335
1.6022122533307945 0.21583661725274056
1.6650441064025903 0.21087220502681464
1.7278759594743862 0.2052466752563423
1.7907078125461822 0.19902146848272007
1.853539665617978 0.1922556244224911
1.9163715186897736 0.18500531310140708
1.9792033717615696 0.17732348161537081
2.0420352248333655 0.16925960685160757
2.104867077905162 0.1608595433174868
2.1676989309769574 0.15216545465111636
2.230530784048753 0.14321581732696226
2.2933626371205493 0.1340454854179118
2.356194490192345 0.12468580593243883
2.4190263432641403 0.11516477512025357
2.4818581963359367 0.1055072271517916
2.5446900494077322 0.09573504765854153
2.607521902479528 0.08586740571804989
2.670353755551324 0.07592099893726997
2.7331856086231197 0.06591030729961872
2.796017461694916 0.05584785237312763
2.8588493147667116 0.04574445931563022
2.9216811678385075 0.035609519850396364
2.9845130209103035 0.02545125501890593
3.047344873982099 0.015276977046582955
3.1101767270538954 0.005093350084253754
3.173008580125691 -0.005093350084253754
3.2358404331974873 -0.015276977046582955
3.2986722862692828 -0.02545125501890593
3.3615041393410787 -0.035609519850396364
3.4243359924128747 -0.04574445931563022
3.48716784548467 -0.05584785237312763
3.549999698556466 -0.06591030729961865
3.612831551628262 -0.07592099893726997
3.675663404700058 -0.08586740571804989
3.7384952577718535 -0.09573504765854146
3.8013271108436495 -0.1055072271517916
3.8641589639154454 -0.11516477512025332
3.9269908169872414 -0.12468580593243883
3.989822670059038 -0.13404548541791197
4.052654523130833 -0.14321581732696226
4.115486376202629 -0.15216545465111636
4.178318229274425 -0.16085954331748692
4.241150082346222 -0.16925960685160754
4.303981935418017 -0.17732348161537084
4.366813788489813 -0.18500531310140708
4.429645641561608 -0.192255624422491
4.4924774946334045 -0.19902146848272007
4.5553093477052 -0.2052466752563423
4.618141200776996 -0.21087220502681475
4.680973053848792 -0.21583661725274064
4.743804906920587 -0.2200766628407335
4.806636759992383 -0.22352800495250244
4.869468613064179 -0.22612607002333343
4.932300466135976 -0.22780702643651557
4.995132319207771 -0.22850888335474998
5.057964172279567 -0.22817269669145035
5.120796025351362 -0.22674386331660312
5.183627878423159 -0.22417347860349895
5.246459731494955 -0.22041972665994825
5.3092915845667505 -0.21544926741435141
5.372123437638546 -0.20923858052030522
5.434955290710342 -0.2017752231632496
5.497787143782137 -0.19305895760885747
5.560618996853934 -0.18310270495324363
5.62345084992573 -0.17193328413875153
5.686282702997525 -0.1595918998789736
5.749114556069321 -0.146134349554301
5.811946409141116 -0.13163092713288013
5.874778262212914 -0.11616601137753738
5.937610115284709 -0.09983733558230352
6.000441968356505 -0.08275494637423132
6.0632738214283 -0.06503986925292979
6.126105674500097 -0.04682250809430292
6.188937527571893 -0.028240814450458975
6.2517693806436885 -0.009438269843036565