0.031415926535897934 0.004940995935403271
0.0942477796076938 0.014806285863103863
0.15707963267948966 0.024621506595705705
0.21991148575128552 0.03435340067112081
0.2827433388230814 0.04396889324508405
0.34557519189487723 0.0534351644073932
0.4084070449666731 0.06271972085311449
0.47123889803846897 0.07179046684352147
0.5340707511102649 0.08061577447465991
0.5969026041820606 0.08916455336633214
0.6597344572538566 0.09740631998722622
0.7225663103256523 0.10531126693861996
0.7853981633974483 0.11285033262495271
0.8482300164692442 0.11999527183966012
0.91106186954104 0.1267187278838948
0.9738937226128359 0.13299430690894562
1.0367255756846319 0.13879665522513274
1.0995574287564276 0.14410154034568942
1.1623892818282235 0.1488859365288896
1.2252211349000193 0.15312811554107644
1.2880529879718152 0.15680774328350544
1.350884841043611 0.15990598280394633
1.413716694115407 0.16240560404762613
1.4765485471872026 0.16429110049028928
1.5393804002589986 0.1655488125392058
1.6022122533307945 0.16616705728772938
1.6650441064025903 0.16613626386921063
1.7278759594743862 0.1654491132824024
1.7907078125461822 0.1641006811609016
1.853539665617978 0.16208858154392822
1.9163715186897736 0.15941310928744543
1.9792033717615696 0.15607737834821395
2.0420352248333655 0.15208745279574748
2.104867077905162 0.1474524670768567
2.1676989309769574 0.14218473179409793
2.230530784048753 0.1362998210827684
2.2933626371205493 0.1298166376000954
2.356194490192345 0.12275745119208899
2.4190263432641403 0.11514790749208323
2.4818581963359367 0.10701700303984388
2.5446900494077322 0.09839702399515657
2.607521902479528 0.08932344615230085
2.670353755551324 0.07983479473161202
2.7331856086231197 0.06997246331349907
2.796017461694916 0.05978049226330127
2.8588493147667116 0.0493053080396435
2.9216811678385075 0.03859542584621925
2.9845130209103035 0.027701119134842855
3.047344873982099 0.016674060451997808
3.1101767270538954 0.005566938998452573
3.173008580125691 -0.005566938998452573
3.2358404331974873 -0.016674060451997808
3.2986722862692828 -0.027701119134842855
3.3615041393410787 -0.03859542584621925
3.4243359924128747 -0.0493053080396435
3.48716784548467 -0.05978049226330127
3.549999698556466 -0.06997246331349896
3.612831551628262 -0.07983479473161202
3.675663404700058 -0.08932344615230085
3.7384952577718535 -0.09839702399515632
3.8013271108436495 -0.10701700303984388
3.8641589639154454 -0.11514790749208323
3.9269908169872414 -0.12275745119208899
3.989822670059038 -0.1298166376000956
4.052654523130833 -0.1362998210827684
4.115486376202629 -0.14218473179409793
4.178318229274425 -0.14745246707685658
4.241150082346222 -0.15208745279574765
4.303981935418017 -0.15607737834821384
4.366813788489813 -0.15941310928744543
4.429645641561608 -0.16208858154392836
4.4924774946334045 -0.16410068116090157
4.5553093477052 -0.1654491132824024
4.618141200776996 -0.16613626386921074
4.680973053848792 -0.16616705728772924
4.743804906920587 -0.1655488125392058
4.806636759992383 -0.1642911004902894
4.869468613064179 -0.16240560404762613
4.932300466135976 -0.15990598280394644
4.995132319207771 -0.1568077432835055
5.057964172279567 -0.15312811554107641
5.120796025351362 -0.14888593652888962
5.183627878423159 -0.14410154034568942
5.246459731494955 -0.13879665522513268
5.3092915845667505 -0.13299430690894562
5.372123437638546 -0.1267187278838948
5.434955290710342 -0.11999527183966006
5.497787143782137 -0.11285033262495271
5.560618996853934 -0.10531126693861982
5.62345084992573 -0.09740631998722622
5.686282702997525 -0.08916455336633214
5.749114556069321 -0.08061577447465991
5.811946409141116 -0.07179046684352157
5.874778262212914 -0.06271972085311447
5.937610115284709 -0.0534351644073932
6.000441968356505 -0.04396889324508405
6.0632738214283 -0.03435340067112081
6.126105674500097 -0.024621506595705705
6.188937527571893 -0.014806285863103863
6.2517693806436885 -0.004940995935403271