0.031415926535897934 0.007975567285746282
0.0942477796076938 0.02389955182804095
0.15707963267948966 0.03974216107052803
0.21991148575128552 0.0554493932914661
0.2827433388230814 0.07096761667299058
0.34557519189487723 0.08624371176936352
0.4084070449666731 0.10122520878830825
0.47123889803846897 0.11586041862915351
0.5340707511102649 0.13009855692031508
0.5969026041820606 0.1438898606420219
0.6597344572538566 0.1571856972963443
0.7225663103256523 0.16993866698253207
0.7853981633974483 0.18210269813770663
0.8482300164692442 0.1936331380969896
0.91106186954104 0.20448683999904624
0.9738937226128359 0.21462224789887197
1.0367255756846319 0.22399948223599936
1.0995574287564276 0.23258042803039364
1.1623892818282235 0.24032882832815192
1.2252211349000193 0.2472103854836988
1.2880529879718152 0.25319287283459885
1.350884841043611 0.2582462591906757
1.413716694115407 0.2623428483137517
1.4765485471872026 0.26545743520266923
1.5393804002589986 0.26756748051725093
1.6022122533307945 0.26865330387424247
1.6650441064025903 0.26869829603117723
1.7278759594743862 0.2676891491477517
1.7907078125461822 0.265616103390905
1.853539665617978 0.26247320714710076
1.9163715186897736 0.2582585870474292
1.9792033717615696 0.25297472292885603
2.0420352248333655 0.24662872178586495
2.104867077905162 0.23923258375501344
2.1676989309769574 0.23080345227028257
2.230530784048753 0.22136383978336077
2.2933626371205493 0.2109418199158509
2.356194490192345 0.19957117665431115
2.4190263432641403 0.187291501263939
2.4818581963359367 0.1741482280237269
2.5446900494077322 0.16019260070331084
2.607521902479528 0.14548156292085598
2.670353755551324 0.13007756713305063
2.7331856086231197 0.11404829898064105
2.796017461694916 0.09746631598998796
2.8588493147667116 0.080408602133682
2.9216811678385075 0.0629560423815265
2.9845130209103035 0.0451928240115323
3.047344873982099 0.027205773973732847
3.1101767270538954 0.00908364388084408
3.173008580125691 -0.00908364388084408
3.2358404331974873 -0.027205773973732847
3.2986722862692828 -0.0451928240115323
3.3615041393410787 -0.0629560423815265
3.4243359924128747 -0.080408602133682
3.48716784548467 -0.09746631598998796
3.549999698556466 -0.11404829898064085
3.612831551628262 -0.13007756713305063
3.675663404700058 -0.14548156292085598
3.7384952577718535 -0.16019260070331082
3.8013271108436495 -0.1741482280237269
3.8641589639154454 -0.18729150126393898
3.9269908169872414 -0.19957117665431115
3.989822670059038 -0.21094181991585118
4.052654523130833 -0.22136383978336077
4.115486376202629 -0.23080345227028257
4.178318229274425 -0.23923258375501352
4.241150082346222 -0.24662872178586487
4.303981935418017 -0.2529747229288562
4.366813788489813 -0.2582585870474292
4.429645641561608 -0.26247320714710076
4.4924774946334045 -0.265616103390905
4.5553093477052 -0.2676891491477517
4.618141200776996 -0.26869829603117723
4.680973053848792 -0.2686533038742425
4.743804906920587 -0.26756748051725093
4.806636759992383 -0.2654574352026695
4.869468613064179 -0.2623428483137517
4.932300466135976 -0.2582462591906757
4.995132319207771 -0.25319287283459885
5.057964172279567 -0.2472103854836988
5.120796025351362 -0.24032882832815192
5.183627878423159 -0.23258042803039364
5.246459731494955 -0.22399948223599903
5.3092915845667505 -0.21462224789887197
5.372123437638546 -0.20448683999904624
5.434955290710342 -0.19363313809698957
5.497787143782137 -0.18210269813770685
5.560618996853934 -0.16993866698253188
5.62345084992573 -0.1571856972963443
5.686282702997525 -0.1438898606420219
5.749114556069321 -0.13009855692031524
5.811946409141116 -0.11586041862915367
5.874778262212914 -0.10122520878830815
5.937610115284709 -0.08624371176936352
6.000441968356505 -0.07096761667299058
6.0632738214283 -0.055449393291466184
6.126105674500097 -0.03974216107052803
6.188937527571893 -0.02389955182804086
6.2517693806436885 -0.007975567285746282