0.031415926535897934 0.007272753902376659
0.0942477796076938 0.021794353845940723
0.15707963267948966 0.03624428445539533
0.21991148575128552 0.050574946443573646
0.2827433388230814 0.06473900898773152
0.34557519189487723 0.07868951334529631
0.4084070449666731 0.09237997294771869
0.47123889803846897 0.10576446931165681
0.5340707511102649 0.11879774335045228
0.5969026041820606 0.13143528195025939
0.6597344572538566 0.14363339998518124
0.7225663103256523 0.15534931827424045
0.7853981633974483 0.16654123831912876
0.8482300164692442 0.17716841499402938
0.91106186954104 0.18719122867566276
0.9738937226128359 0.19657125859120017
1.0367255756846319 0.2052713594119015
1.0995574287564276 0.21325574331948308
1.1623892818282235 0.22049006990874306
1.2252211349000193 0.22694154635260078
1.2880529879718152 0.2325790402337111
1.350884841043611 0.2373732073300884
1.413716694115407 0.24129663642159932
1.4765485471872026 0.24432401285195926
1.5393804002589986 0.2464323021310692
1.6022122533307945 0.24760095429166665
1.6650441064025903 0.24781212902217026
1.7278759594743862 0.24705094078819154
1.7907078125461822 0.24530572223752334
1.853539665617978 0.24256830317260186
1.9163715186897736 0.23883430129251815
1.9792033717615696 0.2341034197833298
2.0420352248333655 0.22837974570833566
2.104867077905162 0.22167204206468225
2.1676989309769574 0.21399402538181003
2.230530784048753 0.2053646198991117
2.2933626371205493 0.1958081787363883
2.356194490192345 0.18535466212299517
2.4190263432641403 0.17403976273796135
2.4818581963359367 0.16190496858344233
2.5446900494077322 0.1489975546039779
2.607521902479528 0.13537049549244093
2.670353755551324 0.12108229378615142
2.7331856086231197 0.10619671942361816
2.796017461694916 0.09078245934674121
2.8588493147667116 0.07491267841109335
2.9216811678385075 0.058664495699879624
2.9845130209103035 0.04211838319796853
3.047344873982099 0.025357496531556004
3.1101767270538954 0.008466949974213819
3.173008580125691 -0.008466949974213819
3.2358404331974873 -0.025357496531556004
3.2986722862692828 -0.04211838319796853
3.3615041393410787 -0.058664495699879624
3.4243359924128747 -0.07491267841109335
3.48716784548467 -0.09078245934674121
3.549999698556466 -0.10619671942361819
3.612831551628262 -0.12108229378615142
3.675663404700058 -0.13537049549244093
3.7384952577718535 -0.1489975546039778
3.8013271108436495 -0.16190496858344233
3.8641589639154454 -0.17403976273796118
3.9269908169872414 -0.18535466212299517
3.989822670059038 -0.19580817873638842
4.052654523130833 -0.2053646198991117
4.115486376202629 -0.21399402538181003
4.178318229274425 -0.22167204206468238
4.241150082346222 -0.22837974570833564
4.303981935418017 -0.2341034197833298
4.366813788489813 -0.23883430129251815
4.429645641561608 -0.24256830317260175
4.4924774946334045 -0.2453057222375234
4.5553093477052 -0.24705094078819154
4.618141200776996 -0.24781212902217026
4.680973053848792 -0.2476009542916666
4.743804906920587 -0.2464323021310692
4.806636759992383 -0.2443240128519594
4.869468613064179 -0.24129663642159932
4.932300466135976 -0.23737320733008835
4.995132319207771 -0.2325790402337111
5.057964172279567 -0.2269415463526009
5.120796025351362 -0.22049006990874317
5.183627878423159 -0.21325574331948308
5.246459731494955 -0.2052713594119014
5.3092915845667505 -0.19657125859120017
5.372123437638546 -0.18719122867566276
5.434955290710342 -0.17716841499402944
5.497787143782137 -0.16654123831912906
5.560618996853934 -0.15534931827424026
5.62345084992573 -0.14363339998518124
5.686282702997525 -0.13143528195025939
5.749114556069321 -0.11879774335045225
5.811946409141116 -0.10576446931165696
5.874778262212914 -0.0923799729477186
5.937610115284709 -0.07868951334529631
6.000441968356505 -0.06473900898773152
6.0632738214283 -0.05057494644357372
6.126105674500097 -0.03624428445539533
6.188937527571893 -0.02179435384594064
6.2517693806436885 -0.007272753902376659