0.031415926535897934 0.003910515126224098
0.0942477796076938 0.011703559638369351
0.15707963267948966 0.01941304699981384
0.21991148575128552 0.02698459551448324
0.2827433388230814 0.034365771778805995
0.34557519189487723 0.04150679886957212
0.4084070449666731 0.048361196815377164
0.47123889803846897 0.05488634066698126
0.5340707511102649 0.061043924623686165
0.5969026041820606 0.06680032414927076
0.6597344572538566 0.07212685164475721
0.7225663103256523 0.07699990485898371
0.7853981633974483 0.08140101064548874
0.8482300164692442 0.08531676977027526
0.91106186954104 0.08873871112284479
0.9738937226128359 0.09166306579923846
1.0367255756846319 0.09409047306319082
1.0995574287564276 0.09602563113770482
1.1623892818282235 0.09747690615451232
1.2252211349000193 0.09845591244058259
1.2880529879718152 0.09897707671792541
1.350884841043611 0.09905719781862464
1.413716694115407 0.0987150122620027
1.4765485471872026 0.0979707745967983
1.5393804002589986 0.09684585986553407
1.6022122533307945 0.09536239397945805
1.6650441064025903 0.09354291626745644
1.7278759594743862 0.09141007703469047
1.7907078125461822 0.08898637167602377
1.853539665617978 0.08629391176182456
1.9163715186897736 0.0833542325633792
1.9792033717615696 0.08018813571545996
2.0420352248333655 0.07681556511939844
2.104867077905162 0.07325551375974797
2.1676989309769574 0.06952595882509523
2.230530784048753 0.06564382236986079
2.2933626371205493 0.06162495470879185
2.356194490192345 0.05748413777904476
2.4190263432641403 0.053235105816862124
2.4818581963359367 0.048890580859043645
2.5446900494077322 0.044462320777698586
2.607521902479528 0.03996117777639174
2.670353755551324 0.03539716550506621
2.7331856086231197 0.030779533180516027
2.796017461694916 0.02611684532103954
2.8588493147667116 0.02141706591228676
2.9216811678385075 0.016687646011762758
2.9845130209103035 0.011935613968672827
3.047344873982099 0.007167667581503307
3.1101767270538954 0.002390267636359141
3.173008580125691 -0.002390267636359141
3.2358404331974873 -0.007167667581503307
3.2986722862692828 -0.011935613968672827
3.3615041393410787 -0.016687646011762758
3.4243359924128747 -0.02141706591228676
3.48716784548467 -0.02611684532103954
3.549999698556466 -0.030779533180516027
3.612831551628262 -0.03539716550506621
3.675663404700058 -0.03996117777639174
3.7384952577718535 -0.044462320777698586
3.8013271108436495 -0.048890580859043645
3.8641589639154454 -0.053235105816862124
3.9269908169872414 -0.05748413777904476
3.989822670059038 -0.06162495470879185
4.052654523130833 -0.06564382236986079
4.115486376202629 -0.06952595882509523
4.178318229274425 -0.07325551375974808
4.241150082346222 -0.07681556511939855
4.303981935418017 -0.08018813571545996
4.366813788489813 -0.0833542325633792
4.429645641561608 -0.08629391176182456
4.4924774946334045 -0.08898637167602386
4.5553093477052 -0.09141007703469047
4.618141200776996 -0.09354291626745664
4.680973053848792 -0.09536239397945805
4.743804906920587 -0.09684585986553394
4.806636759992383 -0.0979707745967982
4.869468613064179 -0.0987150122620027
4.932300466135976 -0.09905719781862464
4.995132319207771 -0.09897707671792541
5.057964172279567 -0.09845591244058259
5.120796025351362 -0.09747690615451232
5.183627878423159 -0.09602563113770482
5.246459731494955 -0.09409047306319082
5.3092915845667505 -0.09166306579923846
5.372123437638546 -0.08873871112284479
5.434955290710342 -0.0853167697702753
5.497787143782137 -0.08140101064548867
5.560618996853934 -0.07699990485898363
5.62345084992573 -0.07212685164475721
5.686282702997525 -0.06680032414927076
5.749114556069321 -0.061043924623686165
5.811946409141116 -0.05488634066698146
5.874778262212914 -0.04836119681537696
5.937610115284709 -0.04150679886957212
6.000441968356505 -0.034365771778805995
6.0632738214283 -0.026984595514483338
6.126105674500097 -0.01941304699981384
6.188937527571893 -0.011703559638369254
6.2517693806436885 -0.003910515126224098