0.031415926535897934 0.008496745235164131
0.0942477796076938 0.02546070352098359
0.15707963267948966 0.04233615319300992
0.21991148575128552 0.05906438072875396
0.2827433388230814 0.07558710778198281
0.34557519189487723 0.0918466590867464
0.4084070449666731 0.10778612451904487
0.47123889803846897 0.1233495140967514
0.5340707511102649 0.1384819050133496
0.5969026041820606 0.1531295801620834
0.6597344572538566 0.16724015800138917
0.7225663103256523 0.18076271402587274
0.7853981633974483 0.19364789452484604
0.8482300164692442 0.20584802371739686
0.91106186954104 0.217317205734155
0.9738937226128359 0.22801142325673193
1.0367255756846319 0.23788863491241719
1.0995574287564276 0.24690887374120168
1.1623892818282235 0.2550343491928887
1.2252211349000193 0.26222955516348534
1.2880529879718152 0.26846138653341417
1.350884841043611 0.2736992665180527
1.413716694115407 0.27791528687840306
1.4765485471872026 0.28108436266311404
1.5393804002589986 0.2831844026619893
1.6022122533307945 0.2841964961478182
1.6650441064025903 0.28410511577361486
1.7278759594743862 0.28289833568593065
1.7907078125461822 0.2805680630261421
1.853539665617978 0.2771102800399542
1.9163715186897736 0.2725252930257119
1.9792033717615696 0.26681798335506646
2.0420352248333655 0.25999805483125754
2.104867077905162 0.25208027075194966
2.1676989309769574 0.24308467326048988
2.230530784048753 0.23303677694941838
2.2933626371205493 0.2219677282713345
2.356194490192345 0.2099144221608284
2.4190263432641403 0.19691956741788288
2.4818581963359367 0.18303169288005303
2.5446900494077322 0.16830508723782983
2.607521902479528 0.15279966652959337
2.670353755551324 0.1365807648763029
2.7331856086231197 0.11971884584861105
2.796017461694916 0.10228913394746464
2.8588493147667116 0.08437116795119397
2.9216811678385075 0.06604828024867053
2.9845130209103035 0.047407008637965466
3.047344873982099 0.028536449314562798
3.1101767270538954 0.009527561793760398
3.173008580125691 -0.009527561793760398
3.2358404331974873 -0.028536449314562798
3.2986722862692828 -0.047407008637965466
3.3615041393410787 -0.06604828024867053
3.4243359924128747 -0.08437116795119397
3.48716784548467 -0.10228913394746464
3.549999698556466 -0.11971884584861081
3.612831551628262 -0.1365807648763029
3.675663404700058 -0.15279966652959337
3.7384952577718535 -0.16830508723782964
3.8013271108436495 -0.18303169288005303
3.8641589639154454 -0.19691956741788266
3.9269908169872414 -0.2099144221608284
3.989822670059038 -0.22196772827133468
4.052654523130833 -0.23303677694941838
4.115486376202629 -0.24308467326048988
4.178318229274425 -0.2520802707519497
4.241150082346222 -0.25999805483125765
4.303981935418017 -0.26681798335506657
4.366813788489813 -0.2725252930257119
4.429645641561608 -0.27711028003995414
4.4924774946334045 -0.2805680630261422
4.5553093477052 -0.28289833568593065
4.618141200776996 -0.2841051157736148
4.680973053848792 -0.2841964961478181
4.743804906920587 -0.28318440266198946
4.806636759992383 -0.28108436266311404
4.869468613064179 -0.27791528687840306
4.932300466135976 -0.27369926651805265
4.995132319207771 -0.2684613865334141
5.057964172279567 -0.2622295551634854
5.120796025351362 -0.25503434919288864
5.183627878423159 -0.24690887374120168
5.246459731494955 -0.23788863491241705
5.3092915845667505 -0.22801142325673193
5.372123437638546 -0.217317205734155
5.434955290710342 -0.20584802371739686
5.497787143782137 -0.19364789452484626
5.560618996853934 -0.18076271402587257
5.62345084992573 -0.16724015800138917
5.686282702997525 -0.1531295801620834
5.749114556069321 -0.13848190501334964
5.811946409141116 -0.12334951409675166
5.874778262212914 -0.10778612451904479
5.937610115284709 -0.0918466590867464
6.000441968356505 -0.07558710778198281
6.0632738214283 -0.05906438072875402
6.126105674500097 -0.04233615319300992
6.188937527571893 -0.02546070352098359
6.2517693806436885 -0.008496745235164131