0.031415926535897934 0.009504630212852479
0.0942477796076938 0.028456916477705978
0.15707963267948966 0.047238856637126674
0.21991148575128552 0.06573879908840767
0.2827433388230814 0.08384793027598275
0.34557519189487723 0.10146134900048118
0.4084070449666731 0.11847908077012105
0.47123889803846897 0.13480701647596452
0.5340707511102649 0.15035776081153465
0.5969026041820606 0.16505137731685784
0.6597344572538566 0.17881601872128583
0.7225663103256523 0.19158843338608855
0.7853981633974483 0.20331434108337873
0.8482300164692442 0.21394867404542095
0.91106186954104 0.22345568210744177
0.9738937226128359 0.23180890375662733
1.0367255756846319 0.23899100788362795
1.0995574287564276 0.24499351389578902
1.1623892818282235 0.24981640047867476
1.2252211349000193 0.25346761557786246
1.2880529879718152 0.2559625020265097
1.350884841043611 0.25732315459857547
1.413716694115407 0.2575777250828745
1.4765485471872026 0.256759692238468
1.5393804002589986 0.2549071132251965
1.6022122533307945 0.25206187234830507
1.6650441064025903 0.2482689417785209
1.7278759594743862 0.24357566738968023
1.7907078125461822 0.23803109108551987
1.853539665617978 0.2316853190589044
1.9163715186897736 0.22458894343107558
1.9792033717615696 0.21679252273823943
2.0420352248333655 0.20834612483930587
2.104867077905162 0.19929893406942364
2.1676989309769574 0.1896989229017944
2.230530784048753 0.17959258703293557
2.2933626371205493 0.1690247416880209
2.356194490192345 0.15803837605480997
2.4190263432641403 0.14667456208839533
2.4818581963359367 0.13497241346798106
2.5446900494077322 0.1229690902088041
2.607521902479528 0.11069984431113683
2.670353755551324 0.09819810183623462
2.7331856086231197 0.0854955769080047
2.796017461694916 0.07262241332186402
2.8588493147667116 0.059607349673353884
2.9216811678385075 0.04647790417556448
2.9845130209103035 0.03326057559608992
3.047344873982099 0.019981056993752022
3.1101767270538954 0.006664459158345293
3.173008580125691 -0.006664459158345293
3.2358404331974873 -0.019981056993752022
3.2986722862692828 -0.03326057559608992
3.3615041393410787 -0.04647790417556448
3.4243359924128747 -0.059607349673353884
3.48716784548467 -0.07262241332186402
3.549999698556466 -0.08549557690800466
3.612831551628262 -0.09819810183623462
3.675663404700058 -0.11069984431113683
3.7384952577718535 -0.12296909020880395
3.8013271108436495 -0.13497241346798106
3.8641589639154454 -0.14667456208839533
3.9269908169872414 -0.15803837605480997
3.989822670059038 -0.16902474168802106
4.052654523130833 -0.17959258703293557
4.115486376202629 -0.1896989229017944
4.178318229274425 -0.19929893406942376
4.241150082346222 -0.20834612483930595
4.303981935418017 -0.2167925227382394
4.366813788489813 -0.22458894343107558
4.429645641561608 -0.2316853190589044
4.4924774946334045 -0.2380310910855198
4.5553093477052 -0.24357566738968023
4.618141200776996 -0.248268941778521
4.680973053848792 -0.252061872348305
4.743804906920587 -0.2549071132251963
4.806636759992383 -0.25675969223846795
4.869468613064179 -0.2575777250828745
4.932300466135976 -0.2573231545985754
4.995132319207771 -0.2559625020265097
5.057964172279567 -0.25346761557786257
5.120796025351362 -0.24981640047867462
5.183627878423159 -0.24499351389578902
5.246459731494955 -0.2389910078836278
5.3092915845667505 -0.23180890375662733
5.372123437638546 -0.22345568210744177
5.434955290710342 -0.21394867404542103
5.497787143782137 -0.20331434108337887
5.560618996853934 -0.1915884333860885
5.62345084992573 -0.17881601872128583
5.686282702997525 -0.16505137731685784
5.749114556069321 -0.15035776081153462
5.811946409141116 -0.13480701647596474
5.874778262212914 -0.11847908077012097
5.937610115284709 -0.10146134900048118
6.000441968356505 -0.08384793027598275
6.0632738214283 -0.06573879908840767
6.126105674500097 -0.047238856637126674
6.188937527571893 -0.02845691647770582
6.2517693806436885 -0.009504630212852479