0.031415926535897934 0.00495603018057258
0.0942477796076938 0.0148549522321981
0.15707963267948966 0.024714448406836637
0.21991148575128552 0.03450819840582599
0.2827433388230814 0.0442098277708199
0.34557519189487723 0.05379288708568068
0.4084070449666731 0.0632308321442558
0.47123889803846897 0.07249700550174808
0.5340707511102649 0.08156461993138187
0.5969026041820606 0.09040674443243661
0.6597344572538566 0.09899629357864204
0.7225663103256523 0.1073060211550068
0.7853981633974483 0.11530851920337595
0.8482300164692442 0.12297622377859818
0.91106186954104 0.13028142890341446
0.9738937226128359 0.13719631039530597
1.0367255756846319 0.14369296141555873
1.0995574287564276 0.1497434417513048
1.1623892818282235 0.15531984297540116
1.2252211349000193 0.160394371725118
1.2880529879718152 0.16493945338555882
1.350884841043611 0.16892785844272365
1.413716694115407 0.17233285366798926
1.4765485471872026 0.17512838009340373
1.5393804002589986 0.17728925941806556
1.6022122533307945 0.1787914300330671
1.6650441064025903 0.17961221325076313
1.7278759594743862 0.17973060956156447
1.7907078125461822 0.1791276238110465
1.853539665617978 0.17778661709215754
1.9163715186897736 0.17569368189117845
1.9792033717615696 0.17283803563295363
2.0420352248333655 0.1692124262754139
2.104867077905162 0.1648135420553416
2.1676989309769574 0.15964241595222586
2.230530784048753 0.1537048139958112
2.2933626371205493 0.14701159528976
2.356194490192345 0.13957903066250552
2.4190263432641403 0.13142906629446982
2.4818581963359367 0.12258951861228502
2.5446900494077322 0.1130941872765354
2.607521902479528 0.1029828742879417
2.670353755551324 0.09230129913289443
2.7331856086231197 0.08110090247566083
2.796017461694916 0.06943853412546552
2.8588493147667116 0.05737602475398529
2.9216811678385075 0.044979644954218544
2.9845130209103035 0.032319459513121186
3.047344873982099 0.019468588984250426
3.1101767270538954 0.006502394544349117
3.173008580125691 -0.006502394544349117
3.2358404331974873 -0.019468588984250426
3.2986722862692828 -0.032319459513121186
3.3615041393410787 -0.044979644954218544
3.4243359924128747 -0.05737602475398529
3.48716784548467 -0.06943853412546552
3.549999698556466 -0.08110090247566093
3.612831551628262 -0.09230129913289443
3.675663404700058 -0.1029828742879417
3.7384952577718535 -0.11309418727653532
3.8013271108436495 -0.12258951861228502
3.8641589639154454 -0.13142906629446982
3.9269908169872414 -0.13957903066250552
3.989822670059038 -0.14701159528976007
4.052654523130833 -0.1537048139958112
4.115486376202629 -0.15964241595222586
4.178318229274425 -0.16481354205534182
4.241150082346222 -0.16921242627541405
4.303981935418017 -0.17283803563295358
4.366813788489813 -0.17569368189117845
4.429645641561608 -0.17778661709215748
4.4924774946334045 -0.1791276238110465
4.5553093477052 -0.17973060956156447
4.618141200776996 -0.17961221325076313
4.680973053848792 -0.178791430033067
4.743804906920587 -0.17728925941806556
4.806636759992383 -0.1751283800934036
4.869468613064179 -0.17233285366798926
4.932300466135976 -0.16892785844272357
4.995132319207771 -0.16493945338555882
5.057964172279567 -0.160394371725118
5.120796025351362 -0.15531984297540136
5.183627878423159 -0.1497434417513048
5.246459731494955 -0.1436929614155585
5.3092915845667505 -0.13719631039530597
5.372123437638546 -0.13028142890341446
5.434955290710342 -0.12297622377859818
5.497787143782137 -0.1153085192033759
5.560618996853934 -0.1073060211550068
5.62345084992573 -0.09899629357864204
5.686282702997525 -0.09040674443243661
5.749114556069321 -0.08156461993138187
5.811946409141116 -0.0724970055017482
5.874778262212914 -0.06323083214425565
5.937610115284709 -0.05379288708568068
6.000441968356505 -0.0442098277708199
6.0632738214283 -0.03450819840582599
6.126105674500097 -0.024714448406836637
6.188937527571893 -0.014854952232197953
6.2517693806436885 -0.00495603018057258