0.031415926535897934 0.009138196397029272
0.0942477796076938 0.027374036827368192
0.15707963267948966 0.045488458636919735
0.21991148575128552 0.0634013085036458
0.2827433388230814 0.08103361312334816
0.34557519189487723 0.09830803414274607
0.4084070449666731 0.1151493064003414
0.47123889803846897 0.13148465523909994
0.5340707511102649 0.14724418903399422
0.5969026041820606 0.16236126351848823
0.6597344572538566 0.17677281498517228
0.7225663103256523 0.19041965996405352
0.7853981633974483 0.20324675953396656
0.8482300164692442 0.2152034469846904
0.91106186954104 0.22624361810644067
0.9738937226128359 0.23632588392711784
1.0367255756846319 0.2454136862347808
1.0995574287564276 0.2534753767034863
1.1623892818282235 0.2604842608767239
1.2252211349000193 0.2664186086477615
1.2880529879718152 0.27126163320573177
1.350884841043611 0.27500144068741117
1.413716694115407 0.27763095298634066
1.4765485471872026 0.27914780632368563
1.5393804002589986 0.2795542282809715
1.6022122533307945 0.2788568960366841
1.6650441064025903 0.27706677854077405
1.7278759594743862 0.27419896530821924
1.7907078125461822 0.2702724844203284
1.853539665617978 0.265310112196102
1.9163715186897736 0.25933817684147165
1.9792033717615696 0.2523863582073627
2.0420352248333655 0.24448748559374311
2.104867077905162 0.2356773353313667
2.1676989309769574 0.22599442966051703
2.230530784048753 0.21547983821103686
2.2933626371205493 0.20417698317404426
2.356194490192345 0.19213144904623033
2.4190263432641403 0.1793907976252518
2.4818581963359367 0.16600438874164167
2.5446900494077322 0.15202320703064862
2.607521902479528 0.1374996948777379
2.670353755551324 0.12248759151513385
2.7331856086231197 0.1070417781042672
2.796017461694916 0.09121812851073755
2.8588493147667116 0.07507336536442914
2.9216811678385075 0.05866492089771339
2.9845130209103035 0.04205080196906625
3.047344873982099 0.02528945860763391
3.1101767270538954 0.008439655356059355
3.173008580125691 -0.008439655356059355
3.2358404331974873 -0.02528945860763391
3.2986722862692828 -0.04205080196906625
3.3615041393410787 -0.05866492089771339
3.4243359924128747 -0.07507336536442914
3.48716784548467 -0.09121812851073755
3.549999698556466 -0.10704177810426704
3.612831551628262 -0.12248759151513385
3.675663404700058 -0.1374996948777379
3.7384952577718535 -0.15202320703064826
3.8013271108436495 -0.16600438874164167
3.8641589639154454 -0.17939079762525176
3.9269908169872414 -0.19213144904623033
3.989822670059038 -0.2041769831740444
4.052654523130833 -0.21547983821103686
4.115486376202629 -0.22599442966051703
4.178318229274425 -0.23567733533136673
4.241150082346222 -0.2444874855937433
4.303981935418017 -0.25238635820736277
4.366813788489813 -0.25933817684147165
4.429645641561608 -0.2653101121961019
4.4924774946334045 -0.27027248442032864
4.5553093477052 -0.27419896530821924
4.618141200776996 -0.27706677854077394
4.680973053848792 -0.278856896036684
4.743804906920587 -0.2795542282809715
4.806636759992383 -0.2791478063236855
4.869468613064179 -0.27763095298634066
4.932300466135976 -0.27500144068741117
4.995132319207771 -0.27126163320573177
5.057964172279567 -0.2664186086477615
5.120796025351362 -0.26048426087672394
5.183627878423159 -0.2534753767034863
5.246459731494955 -0.2454136862347806
5.3092915845667505 -0.23632588392711784
5.372123437638546 -0.22624361810644067
5.434955290710342 -0.21520344698469046
5.497787143782137 -0.20324675953396684
5.560618996853934 -0.1904196599640534
5.62345084992573 -0.17677281498517228
5.686282702997525 -0.16236126351848823
5.749114556069321 -0.1472441890339944
5.811946409141116 -0.13148465523910013
5.874778262212914 -0.11514930640034132
5.937610115284709 -0.09830803414274607
6.000441968356505 -0.08103361312334816
6.0632738214283 -0.06340130850364595
6.126105674500097 -0.045488458636919735
6.188937527571893 -0.02737403682736812
6.2517693806436885 -0.009138196397029272