0.031415926535897934 0.004459621806849543
0.0942477796076938 0.01336642077553945
0.15707963267948966 0.022235880511157886
0.21991148575128552 0.031043090730330344
0.2827433388230814 0.039763115661711534
0.34557519189487723 0.048370985288034136
0.4084070449666731 0.0568416880929414
0.47123889803846897 0.06515016583756507
0.5340707511102649 0.07327131096041337
0.5969026041820606 0.08117996727495806
0.6597344572538566 0.08885093473033949
0.7225663103256523 0.09625897909941177
0.7853981633974483 0.10337884756189519
0.8482300164692442 0.11018529125506067
0.91106186954104 0.11665309596580943
0.9738937226128359 0.12275712223118963
1.0367255756846319 0.12847235619338662
1.0995574287564276 0.1337739726133701
1.1623892818282235 0.13863741147710207
1.2252211349000193 0.14303846962117633
1.2880529879718152 0.1469534087519616
1.350884841043611 0.15035908112425564
1.413716694115407 0.15323307397243177
1.4765485471872026 0.15555387353960395
1.5393804002589986 0.15730104921974122
1.6022122533307945 0.1584554579066618
1.6650441064025903 0.15899946812744442
1.7278759594743862 0.15891720292424227
1.7907078125461822 0.15819479974025646
1.853539665617978 0.1568206847705646
1.9163715186897736 0.15478585837079997
1.9792033717615696 0.1520841871978031
2.0420352248333655 0.1487126978156466
2.104867077905162 0.14467186557526587
2.1676989309769574 0.13996589171135307
2.230530784048753 0.13460296084785528
2.2933626371205493 0.12859547051965042
2.356194490192345 0.12196022396093087
2.4190263432641403 0.11471857733692187
2.4818581963359367 0.10689653285509461
2.5446900494077322 0.09852476982435024
2.607521902479528 0.08963860675929573
2.670353755551324 0.0802778890548416
2.7331856086231197 0.0704867985630916
2.796017461694916 0.06031358354287736
2.8588493147667116 0.04981020984898632
2.9216811678385075 0.03903193678552199
2.9845130209103035 0.028036823648581295
3.047344873982099 0.016885175497204807
3.1101767270538954 0.005638938983741859
3.173008580125691 -0.005638938983741859
3.2358404331974873 -0.016885175497204807
3.2986722862692828 -0.028036823648581295
3.3615041393410787 -0.03903193678552199
3.4243359924128747 -0.04981020984898632
3.48716784548467 -0.06031358354287736
3.549999698556466 -0.07048679856309152
3.612831551628262 -0.0802778890548416
3.675663404700058 -0.08963860675929573
3.7384952577718535 -0.09852476982435024
3.8013271108436495 -0.10689653285509461
3.8641589639154454 -0.11471857733692176
3.9269908169872414 -0.12196022396093087
3.989822670059038 -0.12859547051965056
4.052654523130833 -0.13460296084785528
4.115486376202629 -0.13996589171135307
4.178318229274425 -0.14467186557526596
4.241150082346222 -0.14871269781564675
4.303981935418017 -0.15208418719780303
4.366813788489813 -0.15478585837079997
4.429645641561608 -0.15682068477056454
4.4924774946334045 -0.15819479974025655
4.5553093477052 -0.15891720292424227
4.618141200776996 -0.15899946812744445
4.680973053848792 -0.1584554579066618
4.743804906920587 -0.15730104921974122
4.806636759992383 -0.15555387353960398
4.869468613064179 -0.15323307397243177
4.932300466135976 -0.15035908112425564
4.995132319207771 -0.1469534087519616
5.057964172279567 -0.14303846962117633
5.120796025351362 -0.1386374114771021
5.183627878423159 -0.1337739726133701
5.246459731494955 -0.12847235619338657
5.3092915845667505 -0.12275712223118963
5.372123437638546 -0.11665309596580943
5.434955290710342 -0.11018529125506067
5.497787143782137 -0.10337884756189533
5.560618996853934 -0.09625897909941161
5.62345084992573 -0.08885093473033949
5.686282702997525 -0.08117996727495806
5.749114556069321 -0.07327131096041337
5.811946409141116 -0.0651501658375652
5.874778262212914 -0.0568416880929414
5.937610115284709 -0.048370985288034136
6.000441968356505 -0.039763115661711534
6.0632738214283 -0.031043090730330448
6.126105674500097 -0.022235880511157886
6.188937527571893 -0.013366420775539341
6.2517693806436885 -0.004459621806849543