0.031415926535897934 0.00045909718421472664
0.0942477796076938 0.001375543389383542
0.15707963267948966 0.002286751040513792
0.21991148575128552 0.003189247544428769
0.2827433388230814 0.004079589938391094
0.34557519189487723 0.00495437667413246
0.4084070449666731 0.005810259332629922
0.47123889803846897 0.0066439542482771615
0.5340707511102649 0.00745225401994968
0.5969026041820606 0.008232038885105531
0.6597344572538566 0.008980287931484855
0.7225663103256523 0.00969409011923335
0.7853981633974483 0.010370655084376467
0.8482300164692442 0.011007323692559967
0.91106186954104 0.011601578309881046
0.9738937226128359 0.012151052755493857
1.0367255756846319 0.012653541898550372
1.0995574287564276 0.013107010859949503
1.1623892818282235 0.01350960377739387
1.2252211349000193 0.013859652090427643
1.2880529879718152 0.01415568230052088
1.350884841043611 0.014396423159924539
1.413716694115407 0.014580812242010249
1.4765485471872026 0.014708001845183262
1.5393804002589986 0.014777364182284536
1.6022122533307945 0.014788495807713012
1.6650441064025903 0.014741221235376968
1.7278759594743862 0.01463559570205061
1.7907078125461822 0.014471907032817236
1.853539665617978 0.014250676568052432
1.9163715186897736 0.013972659114862663
1.9792033717615696 0.013638841890049993
2.0420352248333655 0.013250442426534127
2.104867077905162 0.01280890542070199
2.1676989309769574 0.012315898504351492
2.230530784048753 0.011773306931703337
2.2933626371205493 0.011183227179326148
2.356194490192345 0.010547959464667465
2.4190263432641403 0.009869999197140367
2.4818581963359367 0.009152027384276645
2.5446900494077322 0.008396900024211817
2.607521902479528 0.0076076365246034025
2.670353755551324 0.00678740719687663
2.7331856086231197 0.005939519883303357
2.796017461694916 0.005067405782723797
2.8588493147667116 0.004174604548589305
2.9216811678385075 0.003264748740293857
2.9845130209103035 0.002341547715366378
3.047344873982099 0.00140877105589385
3.1101767270538954 0.00047023162743274513
3.173008580125691 -0.00047023162743274513
3.2358404331974873 -0.00140877105589385
3.2986722862692828 -0.002341547715366378
3.3615041393410787 -0.003264748740293857
3.4243359924128747 -0.004174604548589305
3.48716784548467 -0.005067405782723797
3.549999698556466 -0.005939519883303293
3.612831551628262 -0.00678740719687663
3.675663404700058 -0.0076076365246034025
3.7384952577718535 -0.008396900024211819
3.8013271108436495 -0.009152027384276645
3.8641589639154454 -0.009869999197140308
3.9269908169872414 -0.010547959464667465
3.989822670059038 -0.011183227179326143
4.052654523130833 -0.011773306931703337
4.115486376202629 -0.012315898504351492
4.178318229274425 -0.01280890542070198
4.241150082346222 -0.013250442426534122
4.303981935418017 -0.013638841890050084
4.366813788489813 -0.013972659114862663
4.429645641561608 -0.014250676568052432
4.4924774946334045 -0.014471907032817316
4.5553093477052 -0.01463559570205061
4.618141200776996 -0.01474122123537704
4.680973053848792 -0.014788495807713012
4.743804906920587 -0.014777364182284609
4.806636759992383 -0.014708001845183272
4.869468613064179 -0.014580812242010249
4.932300466135976 -0.014396423159924532
4.995132319207771 -0.014155682300520878
5.057964172279567 -0.013859652090427648
5.120796025351362 -0.013509603777393794
5.183627878423159 -0.013107010859949503
5.246459731494955 -0.012653541898550355
5.3092915845667505 -0.012151052755493857
5.372123437638546 -0.011601578309881046
5.434955290710342 -0.01100732369255998
5.497787143782137 -0.010370655084376488
5.560618996853934 -0.009694090119233412
5.62345084992573 -0.008980287931484855
5.686282702997525 -0.008232038885105531
5.749114556069321 -0.007452254019949616
5.811946409141116 -0.006643954248277179
5.874778262212914 -0.005810259332630007
5.937610115284709 -0.00495437667413246
6.000441968356505 -0.004079589938391094
6.0632738214283 -0.0031892475444287843
6.126105674500097 -0.002286751040513792
6.188937527571893 -0.001375543389383542
6.2517693806436885 -0.00045909718421472664