0.031415926535897934 0.008825793334622571
0.0942477796076938 0.026443040103256873
0.15707963267948966 0.04395741182112534
0.21991148575128552 0.06130080599169799
0.2827433388230814 0.0784058369132004
0.34557519189487723 0.09520611350692411
0.4084070449666731 0.11163650856061375
0.47123889803846897 0.12763341735597394
0.5340707511102649 0.14313500394303816
0.5969026041820606 0.15808143365911884
0.6597344572538566 0.1724150908536501
0.7225663103256523 0.18608078115881246
0.7853981633974483 0.19902591802544892
0.8482300164692442 0.21120069361066843
0.91106186954104 0.22255823444459058
0.9738937226128359 0.23305474260700598
1.0367255756846319 0.24264962339988272
1.0995574287564276 0.2513056007000854
1.1623892818282235 0.25898882131188883
1.2252211349000193 0.265668949706518
1.2880529879718152 0.27131925453403605
1.350884841043611 0.2759166882216034
1.413716694115407 0.27944196083392553
1.4765485471872026 0.28187960917111676
1.5393804002589986 0.2832180618227899
1.6022122533307945 0.2834497005932764
1.6650441064025903 0.2825709183714776
1.7278759594743862 0.280582173151342
1.7907078125461822 0.27748803752793905
1.853539665617978 0.27329724261304
1.9163715186897736 0.26802271494713154
1.9792033717615696 0.2616816046462486
2.0420352248333655 0.2542953027261707
2.104867077905162 0.2458894453070885
2.1676989309769574 0.23649390223153607
2.230530784048753 0.2261427475383332
2.2933626371205493 0.21487420923468387
2.356194490192345 0.20273059590399953
2.4190263432641403 0.18975819788202747
2.4818581963359367 0.17600716102863168
2.5446900494077322 0.1615313315134167
2.607521902479528 0.14638807051280514
2.670353755551324 0.13063803827265916
2.7331856086231197 0.11434494760881367
2.796017461694916 0.09757528757938491
2.8588493147667116 0.08039801874600078
2.9216811678385075 0.06288424212282889
2.9845130209103035 0.04510684456805428
3.047344873982099 0.027140123977934957
3.1101767270538954 0.009059398175587114
3.173008580125691 -0.009059398175587114
3.2358404331974873 -0.027140123977934957
3.2986722862692828 -0.04510684456805428
3.3615041393410787 -0.06288424212282889
3.4243359924128747 -0.08039801874600078
3.48716784548467 -0.09757528757938491
3.549999698556466 -0.11434494760881357
3.612831551628262 -0.13063803827265916
3.675663404700058 -0.14638807051280514
3.7384952577718535 -0.16153133151341653
3.8013271108436495 -0.17600716102863168
3.8641589639154454 -0.1897581978820274
3.9269908169872414 -0.20273059590399953
3.989822670059038 -0.21487420923468414
4.052654523130833 -0.2261427475383332
4.115486376202629 -0.23649390223153607
4.178318229274425 -0.24588944530708862
4.241150082346222 -0.2542953027261709
4.303981935418017 -0.26168160464624884
4.366813788489813 -0.26802271494713154
4.429645641561608 -0.27329724261304
4.4924774946334045 -0.2774880375279391
4.5553093477052 -0.280582173151342
4.618141200776996 -0.2825709183714776
4.680973053848792 -0.2834497005932765
4.743804906920587 -0.2832180618227899
4.806636759992383 -0.28187960917111676
4.869468613064179 -0.27944196083392553
4.932300466135976 -0.2759166882216034
4.995132319207771 -0.27131925453403605
5.057964172279567 -0.26566894970651805
5.120796025351362 -0.25898882131188883
5.183627878423159 -0.2513056007000854
5.246459731494955 -0.24264962339988264
5.3092915845667505 -0.23305474260700598
5.372123437638546 -0.22255823444459058
5.434955290710342 -0.21120069361066854
5.497787143782137 -0.19902591802544903
5.560618996853934 -0.18608078115881238
5.62345084992573 -0.1724150908536501
5.686282702997525 -0.15808143365911884
5.749114556069321 -0.1431350039430382
5.811946409141116 -0.12763341735597414
5.874778262212914 -0.11163650856061369
5.937610115284709 -0.09520611350692411
6.000441968356505 -0.0784058369132004
6.0632738214283 -0.06130080599169815
6.126105674500097 -0.04395741182112534
6.188937527571893 -0.026443040103256658
6.2517693806436885 -0.008825793334622571