0.031415926535897934 0.0062251777844710785
0.0942477796076938 0.018650187514327225
0.15707963267948966 0.030999273044264492
0.21991148575128552 0.043222195271033506
0.2827433388230814 0.05526927821397956
0.34557519189487723 0.06709162944806513
0.4084070449666731 0.078641355787643
0.47123889803846897 0.08987177295782932
0.5340707511102649 0.10073760805791943
0.5969026041820606 0.11119519370094207
0.6597344572538566 0.12120265280356313
0.7225663103256523 0.13072007309930442
0.7853981633974483 0.13970967055353364
0.8482300164692442 0.1481359409689119
0.91106186954104 0.1559657991829687
0.9738937226128359 0.16316870537323744
1.0367255756846319 0.16971677809807667
1.0995574287564276 0.17558489381117606
1.1623892818282235 0.18075077269325526
1.2252211349000193 0.18519505074421866
1.2880529879718152 0.18890133817193838
1.350884841043611 0.19185626419895307
1.413716694115407 0.19404950848508096
1.4765485471872026 0.19547381943182046
1.5393804002589986 0.19612501969327534
1.6022122533307945 0.19600199926825101
1.6650441064025903 0.1951066965893538
1.7278759594743862 0.1934440680578081
1.7907078125461822 0.19102204649785592
1.853539665617978 0.1878514890226819
1.9163715186897736 0.18394611481560397
1.9792033717615696 0.17932243333657882
2.0420352248333655 0.17399966346575615
2.104867077905162 0.16799964409372262
2.1676989309769574 0.16134673666300015
2.230530784048753 0.15406772015811065
2.2933626371205493 0.14619167903277014
2.356194490192345 0.13774988455317566
2.4190263432641403 0.12877567002642995
2.4818581963359367 0.11930430037337875
2.5446900494077322 0.10937283649584591
2.607521902479528 0.09901999487973336
2.670353755551324 0.0882860028678569
2.7331856086231197 0.07721245002982824
2.796017461694916 0.06584213605079259
2.8588493147667116 0.05421891555635196
2.9216811678385075 0.042387540287472936
2.9845130209103035 0.030393499036502916
3.047344873982099 0.01828285575343658
3.1101767270538954 0.006102086230201322
3.173008580125691 -0.006102086230201322
3.2358404331974873 -0.01828285575343658
3.2986722862692828 -0.030393499036502916
3.3615041393410787 -0.042387540287472936
3.4243359924128747 -0.05421891555635196
3.48716784548467 -0.06584213605079259
3.549999698556466 -0.07721245002982824
3.612831551628262 -0.0882860028678569
3.675663404700058 -0.09901999487973336
3.7384952577718535 -0.10937283649584584
3.8013271108436495 -0.11930430037337875
3.8641589639154454 -0.12877567002643003
3.9269908169872414 -0.13774988455317566
3.989822670059038 -0.1461916790327703
4.052654523130833 -0.15406772015811065
4.115486376202629 -0.16134673666300015
4.178318229274425 -0.16799964409372273
4.241150082346222 -0.17399966346575624
4.303981935418017 -0.17932243333657882
4.366813788489813 -0.18394611481560397
4.429645641561608 -0.1878514890226819
4.4924774946334045 -0.1910220464978558
4.5553093477052 -0.1934440680578081
4.618141200776996 -0.1951066965893538
4.680973053848792 -0.196001999268251
4.743804906920587 -0.19612501969327517
4.806636759992383 -0.19547381943182027
4.869468613064179 -0.19404950848508096
4.932300466135976 -0.19185626419895305
4.995132319207771 -0.18890133817193838
5.057964172279567 -0.18519505074421866
5.120796025351362 -0.1807507726932551
5.183627878423159 -0.17558489381117606
5.246459731494955 -0.1697167780980765
5.3092915845667505 -0.16316870537323744
5.372123437638546 -0.1559657991829687
5.434955290710342 -0.14813594096891183
5.497787143782137 -0.1397096705535337
5.560618996853934 -0.13072007309930425
5.62345084992573 -0.12120265280356313
5.686282702997525 -0.11119519370094207
5.749114556069321 -0.10073760805791952
5.811946409141116 -0.08987177295782943
5.874778262212914 -0.07864135578764304
5.937610115284709 -0.06709162944806513
6.000441968356505 -0.05526927821397956
6.0632738214283 -0.043222195271033534
6.126105674500097 -0.030999273044264492
6.188937527571893 -0.018650187514327225
6.2517693806436885 -0.0062251777844710785