0.031415926535897934 0.002991224930137839
0.0942477796076938 0.00896320171159928
0.15707963267948966 0.014903784167134603
0.21991148575128552 0.0207921258016959
0.2827433388230814 0.02660750477722069
0.34557519189487723 0.03232937392915684
0.4084070449666731 0.037937410951403086
0.47123889803846897 0.04341156881768401
0.5340707511102649 0.04873212652046754
0.5969026041820606 0.053879740222527554
0.6597344572538566 0.05883549493005748
0.7225663103256523 0.06358095680858283
0.7853981633974483 0.0680982262724725
0.8482300164692442 0.07236999198418334
0.91106186954104 0.07637958589907512
0.9738937226128359 0.08011103948429507
1.0367255756846319 0.08354914122452141
1.0995574287564276 0.08667949550209561
1.1623892818282235 0.08948858290323197
1.2252211349000193 0.09196382195480962
1.2880529879718152 0.09409363223726028
1.350884841043611 0.09586749874813437
1.413716694115407 0.09727603730838949
1.4765485471872026 0.09831106071003119
1.5393804002589986 0.09896564520075057
1.6022122533307945 0.09923419679045926
1.6650441064025903 0.09911251674850612
1.7278759594743862 0.09859786554182887
1.7907078125461822 0.09768902434684869
1.853539665617978 0.0963863531555574
1.9163715186897736 0.09469184439339488
1.9792033717615696 0.0926091708779
2.0420352248333655 0.09014372687764158
2.104867077905162 0.08730266098547747
2.1676989309769574 0.08409489950342121
2.230530784048753 0.0805311590525186
2.2933626371205493 0.07662394717368738
2.356194490192345 0.07238754977698686
2.4190263432641403 0.06783800442868172
2.4818581963359367 0.0629930586376924
2.5446900494077322 0.057872112514026165
2.607521902479528 0.05249614541830485
2.670353755551324 0.04688762649859722
2.7331856086231197 0.04107040931184713
2.796017461694916 0.03506961104421166
2.8588493147667116 0.0289114771682689
2.9216811678385075 0.0226232326951683
2.9845130209103035 0.01623292148570322
3.047344873982099 0.009769235365342696
3.1101767270538954 0.003261335034309087
3.173008580125691 -0.003261335034309087
3.2358404331974873 -0.009769235365342696
3.2986722862692828 -0.01623292148570322
3.3615041393410787 -0.0226232326951683
3.4243359924128747 -0.0289114771682689
3.48716784548467 -0.03506961104421166
3.549999698556466 -0.04107040931184707
3.612831551628262 -0.04688762649859722
3.675663404700058 -0.05249614541830485
3.7384952577718535 -0.057872112514026165
3.8013271108436495 -0.0629930586376924
3.8641589639154454 -0.06783800442868175
3.9269908169872414 -0.07238754977698686
3.989822670059038 -0.07662394717368748
4.052654523130833 -0.0805311590525186
4.115486376202629 -0.08409489950342121
4.178318229274425 -0.0873026609854775
4.241150082346222 -0.09014372687764155
4.303981935418017 -0.0926091708779
4.366813788489813 -0.09469184439339488
4.429645641561608 -0.0963863531555574
4.4924774946334045 -0.09768902434684873
4.5553093477052 -0.09859786554182887
4.618141200776996 -0.09911251674850612
4.680973053848792 -0.0992341967904592
4.743804906920587 -0.09896564520075055
4.806636759992383 -0.09831106071003123
4.869468613064179 -0.09727603730838949
4.932300466135976 -0.09586749874813434
4.995132319207771 -0.09409363223726028
5.057964172279567 -0.09196382195480973
5.120796025351362 -0.08948858290323194
5.183627878423159 -0.08667949550209561
5.246459731494955 -0.08354914122452131
5.3092915845667505 -0.08011103948429507
5.372123437638546 -0.07637958589907512
5.434955290710342 -0.0723699919841833
5.497787143782137 -0.06809822627247267
5.560618996853934 -0.06358095680858282
5.62345084992573 -0.05883549493005748
5.686282702997525 -0.053879740222527554
5.749114556069321 -0.04873212652046765
5.811946409141116 -0.043411568817684064
5.874778262212914 -0.03793741095140294
5.937610115284709 -0.03232937392915684
6.000441968356505 -0.02660750477722069
6.0632738214283 -0.0207921258016959
6.126105674500097 -0.014903784167134603
6.188937527571893 -0.008963201711599183
6.2517693806436885 -0.002991224930137839