0.031415926535897934 0.006740752021774091
0.0942477796076938 0.020203600269090752
0.15707963267948966 0.033610486104892506
0.21991148575128552 0.04692411757340974
0.2827433388230814 0.06010722626936487
0.34557519189487723 0.07312257499207897
0.4084070449666731 0.08593296383886792
0.47123889803846897 0.09850123458149855
0.5340707511102649 0.11079027338027755
0.5969026041820606 0.12276301214087952
0.6597344572538566 0.1343824291050821
0.7225663103256523 0.1456115495831993
0.7853981633974483 0.15641344807741867
0.8482300164692442 0.1667512534048071
0.91106186954104 0.17658815879873385
0.9738937226128359 0.18588743933902402
1.0367255756846319 0.1946124794239286
1.0995574287564276 0.20272681333897621
1.1623892818282235 0.21019418228496764
1.2252211349000193 0.21697861148349598
1.2880529879718152 0.22304451116474167
1.350884841043611 0.22835680533756988
1.413716694115407 0.23288109222229184
1.4765485471872026 0.23658384006575886
1.5393804002589986 0.2394326217290009
1.6022122533307945 0.24139639091111417
1.6650441064025903 0.2424458021221922
1.7278759594743862 0.2425535755185354
1.7907078125461822 0.24169490644668837
1.853539665617978 0.2398479179996173
1.9163715186897736 0.23699415307200847
1.9792033717615696 0.2331191003324644
2.0420352248333655 0.22821274624943796
2.104867077905162 0.222270142880473
2.1676989309769574 0.21529197865291227
2.230530784048753 0.20728513694830863
2.2933626371205493 0.19826322509785038
2.356194490192345 0.18824705456869117
2.4190263432641403 0.17726505185072958
2.4818581963359367 0.1653535790207781
2.5446900494077322 0.1525571433329402
2.607521902479528 0.1389284765957242
2.670353755551324 0.1245284676332935
2.7331856086231197 0.1094259348081293
2.796017461694916 0.09369723034158141
2.8588493147667116 0.07742567385373089
2.9216811678385075 0.06070081891122061
2.9845130209103035 0.04361756309726964
3.047344873982099 0.026275118816867307
3.1101767270538954 0.008775868304439131
3.173008580125691 -0.008775868304439131
3.2358404331974873 -0.026275118816867307
3.2986722862692828 -0.04361756309726964
3.3615041393410787 -0.06070081891122061
3.4243359924128747 -0.07742567385373089
3.48716784548467 -0.09369723034158141
3.549999698556466 -0.10942593480812919
3.612831551628262 -0.1245284676332935
3.675663404700058 -0.1389284765957242
3.7384952577718535 -0.15255714333294013
3.8013271108436495 -0.1653535790207781
3.8641589639154454 -0.17726505185072952
3.9269908169872414 -0.18824705456869117
3.989822670059038 -0.19826322509785071
4.052654523130833 -0.20728513694830863
4.115486376202629 -0.21529197865291227
4.178318229274425 -0.22227014288047325
4.241150082346222 -0.22821274624943805
4.303981935418017 -0.23311910033246458
4.366813788489813 -0.23699415307200847
4.429645641561608 -0.2398479179996173
4.4924774946334045 -0.24169490644668845
4.5553093477052 -0.2425535755185354
4.618141200776996 -0.2424458021221921
4.680973053848792 -0.2413963909111141
4.743804906920587 -0.2394326217290008
4.806636759992383 -0.23658384006575892
4.869468613064179 -0.23288109222229184
4.932300466135976 -0.22835680533756983
4.995132319207771 -0.22304451116474175
5.057964172279567 -0.21697861148349604
5.120796025351362 -0.21019418228496772
5.183627878423159 -0.20272681333897621
5.246459731494955 -0.19461247942392856
5.3092915845667505 -0.18588743933902402
5.372123437638546 -0.17658815879873385
5.434955290710342 -0.1667512534048071
5.497787143782137 -0.15641344807741886
5.560618996853934 -0.14561154958319925
5.62345084992573 -0.1343824291050821
5.686282702997525 -0.12276301214087952
5.749114556069321 -0.1107902733802777
5.811946409141116 -0.0985012345814987
5.874778262212914 -0.08593296383886775
5.937610115284709 -0.07312257499207897
6.000441968356505 -0.06010722626936487
6.0632738214283 -0.04692411757340989
6.126105674500097 -0.033610486104892506
6.188937527571893 -0.020203600269090603
6.2517693806436885 -0.006740752021774091