0.031415926535897934 0.00871024209191446
0.0942477796076938 0.026093158594432005
0.15707963267948966 0.04336357885781213
0.21991148575128552 0.060447192677124936
0.2827433388230814 0.07727071360536424
0.34557519189487723 0.09376227425672633
0.4084070449666731 0.1098518077498977
0.47123889803846897 0.12547141180469223
0.5340707511102649 0.14055569233957746
0.5969026041820606 0.15504208380410492
0.6597344572538566 0.1688711439073556
0.7225663103256523 0.18198682085871903
0.7853981633974483 0.19433669170772921
0.8482300164692442 0.2058721708425874
0.91106186954104 0.21654868817024006
0.9738937226128359 0.22632583694331637
1.0367255756846319 0.23516749161110181
1.0995574287564276 0.24304189644482277
1.1623892818282235 0.2499217260154562
1.2252211349000193 0.2557841188805154
1.2880529879718152 0.2606106860621321
1.350884841043611 0.26438749607138246
1.413716694115407 0.2671050383539764
1.4765485471872026 0.268758167102429
1.5393804002589986 0.2693460274031484
1.6022122533307945 0.2688719656680742
1.6650441064025903 0.2673434262448127
1.7278759594743862 0.26477183601244264
1.7907078125461822 0.2611724786583267
1.853539665617978 0.2565643602003833
1.9163715186897736 0.25097006717527237
1.9792033717615696 0.2444156187613424
2.0420352248333655 0.2369303139510706
2.104867077905162 0.2285465747355945
2.1676989309769574 0.21929978611764517
2.230530784048753 0.20922813363190756
2.2933626371205493 0.1983724389260326
2.356194490192345 0.1867759938429539
2.4190263432641403 0.17448439334693228
2.4818581963359367 0.16154536755235568
2.5446900494077322 0.14800861304563748
2.607521902479528 0.13392562363605529
2.670353755551324 0.11934952063003283
2.7331856086231197 0.10433488269387363
2.796017461694916 0.08893757535075393
2.8588493147667116 0.0732145801471254
2.9216811678385075 0.057223823519759534
2.9845130209103035 0.04102400539570363
3.047344873982099 0.024674427561633558
3.1101767270538954 0.008234821844950764
3.173008580125691 -0.008234821844950764
3.2358404331974873 -0.024674427561633558
3.2986722862692828 -0.04102400539570363
3.3615041393410787 -0.057223823519759534
3.4243359924128747 -0.0732145801471254
3.48716784548467 -0.08893757535075393
3.549999698556466 -0.1043348826938735
3.612831551628262 -0.11934952063003283
3.675663404700058 -0.13392562363605529
3.7384952577718535 -0.14800861304563737
3.8013271108436495 -0.16154536755235568
3.8641589639154454 -0.17448439334693228
3.9269908169872414 -0.1867759938429539
3.989822670059038 -0.19837243892603285
4.052654523130833 -0.20922813363190756
4.115486376202629 -0.21929978611764517
4.178318229274425 -0.22854657473559467
4.241150082346222 -0.23693031395107053
4.303981935418017 -0.24441561876134252
4.366813788489813 -0.25097006717527237
4.429645641561608 -0.25656436020038326
4.4924774946334045 -0.26117247865832666
4.5553093477052 -0.26477183601244264
4.618141200776996 -0.2673434262448128
4.680973053848792 -0.2688719656680743
4.743804906920587 -0.26934602740314817
4.806636759992383 -0.268758167102429
4.869468613064179 -0.2671050383539764
4.932300466135976 -0.26438749607138246
4.995132319207771 -0.26061068606213206
5.057964172279567 -0.2557841188805154
5.120796025351362 -0.24992172601545626
5.183627878423159 -0.24304189644482277
5.246459731494955 -0.2351674916111017
5.3092915845667505 -0.22632583694331637
5.372123437638546 -0.21654868817024006
5.434955290710342 -0.20587217084258758
5.497787143782137 -0.19433669170772935
5.560618996853934 -0.1819868208587192
5.62345084992573 -0.1688711439073556
5.686282702997525 -0.15504208380410492
5.749114556069321 -0.14055569233957768
5.811946409141116 -0.12547141180469243
5.874778262212914 -0.10985180774989772
5.937610115284709 -0.09376227425672633
6.000441968356505 -0.07727071360536424
6.0632738214283 -0.06044719267712501
6.126105674500097 -0.04336357885781213
6.188937527571893 -0.026093158594431894
6.2517693806436885 -0.00871024209191446