0.031415926535897934 0.006631126107582037
0.0942477796076938 0.019874949239483013
0.15707963267948966 0.03306348770934543
0.21991148575128552 0.046159893556030035
0.2827433388230814 0.059127331050646874
0.34557519189487723 0.0719289806906366
0.4084070449666731 0.08452804247424701
0.47123889803846897 0.0968877385025943
0.5340707511102649 0.10897131514045538
0.5969026041820606 0.12074204518547654
0.6597344572538566 0.13216323074482214
0.7225663103256523 0.14319820779383705
0.7853981633974483 0.1538103536876684
0.8482300164692442 0.16396309920766886
0.91106186954104 0.17361994704238293
0.9738937226128359 0.18274449891941452
1.0367255756846319 0.19130049390944398
1.0995574287564276 0.1992518607054558
1.1623892818282235 0.20656278692539312
1.2252211349000193 0.21319780867943405
1.2880529879718152 0.2191219237663395
1.350884841043611 0.2243007318970702
1.413716694115407 0.22870060526650138
1.4765485471872026 0.23228889258233967
1.5393804002589986 0.2350341592902836
1.6022122533307945 0.23690646618226716
1.6650441064025903 0.2378776878182798
1.7278759594743862 0.2379218712134764
1.7907078125461822 0.2370156340289086
1.853539665617978 0.23513860005312817
1.9163715186897736 0.23227386808211356
1.9792033717615696 0.22840850842097452
2.0420352248333655 0.22353407918560855
2.104867077905162 0.2176471524399619
2.1676989309769574 0.21074983805120717
2.230530784048753 0.20285029108982885
2.2933626371205493 0.19396318677328922
2.356194490192345 0.18411014549498564
2.4190263432641403 0.17332008954683062
2.4818581963359367 0.16162951288361313
2.5446900494077322 0.14908264582456607
2.607521902479528 0.13573149804650242
2.670353755551324 0.12163576565298383
2.7331856086231197 0.1068625915060737
2.796017461694916 0.0914861723132372
2.8588493147667116 0.07558721102918962
2.9216811678385075 0.05925221874506956
2.9845130209103035 0.042572676114948124
3.047344873982099 0.025644070184535055
3.1101767270538954 0.008564827887350267
3.173008580125691 -0.008564827887350267
3.2358404331974873 -0.025644070184535055
3.2986722862692828 -0.042572676114948124
3.3615041393410787 -0.05925221874506956
3.4243359924128747 -0.07558721102918962
3.48716784548467 -0.0914861723132372
3.549999698556466 -0.1068625915060736
3.612831551628262 -0.12163576565298383
3.675663404700058 -0.13573149804650242
3.7384952577718535 -0.14908264582456598
3.8013271108436495 -0.16162951288361313
3.8641589639154454 -0.1733200895468305
3.9269908169872414 -0.18411014549498564
3.989822670059038 -0.19396318677328925
4.052654523130833 -0.20285029108982885
4.115486376202629 -0.21074983805120717
4.178318229274425 -0.217647152439962
4.241150082346222 -0.22353407918560864
4.303981935418017 -0.22840850842097463
4.366813788489813 -0.23227386808211356
4.429645641561608 -0.23513860005312812
4.4924774946334045 -0.23701563402890868
4.5553093477052 -0.2379218712134764
4.618141200776996 -0.23787768781827998
4.680973053848792 -0.23690646618226716
4.743804906920587 -0.2350341592902836
4.806636759992383 -0.23228889258233967
4.869468613064179 -0.22870060526650138
4.932300466135976 -0.22430073189707014
4.995132319207771 -0.2191219237663395
5.057964172279567 -0.21319780867943416
5.120796025351362 -0.20656278692539323
5.183627878423159 -0.1992518607054558
5.246459731494955 -0.19130049390944384
5.3092915845667505 -0.18274449891941452
5.372123437638546 -0.17361994704238293
5.434955290710342 -0.16396309920766897
5.497787143782137 -0.15381035368766863
5.560618996853934 -0.14319820779383696
5.62345084992573 -0.13216323074482214
5.686282702997525 -0.12074204518547654
5.749114556069321 -0.1089713151404555
5.811946409141116 -0.09688773850259445
5.874778262212914 -0.08452804247424685
5.937610115284709 -0.0719289806906366
6.000441968356505 -0.059127331050646874
6.0632738214283 -0.046159893556030104
6.126105674500097 -0.03306348770934543
6.188937527571893 -0.019874949239483013
6.2517693806436885 -0.006631126107582037