0.031415926535897934 0.00529050631702188
0.0942477796076938 0.015857467599517668
0.15707963267948966 0.02638226559934593
0.21991148575128552 0.03683676074253326
0.2827433388230814 0.04719276753538001
0.34557519189487723 0.057422036565026376
0.4084070449666731 0.06749623698767589
0.47123889803846897 0.0773869398125875
0.5340707511102649 0.0870656024138672
0.5969026041820606 0.0965035548504345
0.6597344572538566 0.10567198874525542
0.7225663103256523 0.1145419496654186
0.7853981633974483 0.12308433415157398
0.8482300164692442 0.1312698927645699
0.91106186954104 0.13906924074375487
0.9738937226128359 0.14645287809913096
1.0367255756846319 0.153391221180849
1.0995574287564276 0.15985464797529322
1.1623892818282235 0.16581355955645602
1.2252211349000193 0.17123846026171805
1.2880529879718152 0.1761000592479126
1.350884841043611 0.18036939610001362
1.413716694115407 0.18401799309257405
1.4765485471872026 0.18701803652330762
1.5393804002589986 0.18934258922831781
1.6022122533307945 0.19096583592892266
1.6650441064025903 0.1918633624317222
1.7278759594743862 0.19201246889049686
1.7907078125461822 0.19139251632992296
1.853539665617978 0.18998530442372233
1.9163715186897736 0.1877754771208052
1.9792033717615696 0.18475095114234824
2.0420352248333655 0.18090336066633947
2.104867077905162 0.17622850972747295
2.1676989309769574 0.17072682206194692
2.230530784048753 0.164403776410157
2.2933626371205493 0.15727031376401304
2.356194490192345 0.1493432018311837
2.4190263432641403 0.14064534121419597
2.4818581963359367 0.13120599759409243
2.5446900494077322 0.12106094467938772
2.607521902479528 0.11025250391932133
2.670353755551324 0.0988294690360323
2.7331856086231197 0.08684690630410596
2.796017461694916 0.07436582514067874
2.8588493147667116 0.06145271784476473
2.9216811678385075 0.04817897205881732
2.9845130209103035 0.034620164482633296
3.047344873982099 0.020855249273265472
3.1101767270538954 0.006965659118338709
3.173008580125691 -0.006965659118338709
3.2358404331974873 -0.020855249273265472
3.2986722862692828 -0.034620164482633296
3.3615041393410787 -0.04817897205881732
3.4243359924128747 -0.06145271784476473
3.48716784548467 -0.07436582514067874
3.549999698556466 -0.08684690630410596
3.612831551628262 -0.0988294690360323
3.675663404700058 -0.11025250391932133
3.7384952577718535 -0.12106094467938772
3.8013271108436495 -0.13120599759409243
3.8641589639154454 -0.1406453412141959
3.9269908169872414 -0.1493432018311837
3.989822670059038 -0.15727031376401324
4.052654523130833 -0.164403776410157
4.115486376202629 -0.17072682206194692
4.178318229274425 -0.17622850972747298
4.241150082346222 -0.1809033606663395
4.303981935418017 -0.1847509511423483
4.366813788489813 -0.1877754771208052
4.429645641561608 -0.1899853044237224
4.4924774946334045 -0.1913925163299229
4.5553093477052 -0.19201246889049686
4.618141200776996 -0.19186336243172217
4.680973053848792 -0.19096583592892266
4.743804906920587 -0.18934258922831781
4.806636759992383 -0.18701803652330773
4.869468613064179 -0.18401799309257405
4.932300466135976 -0.18036939610001362
4.995132319207771 -0.1761000592479125
5.057964172279567 -0.17123846026171805
5.120796025351362 -0.16581355955645602
5.183627878423159 -0.15985464797529322
5.246459731494955 -0.15339122118084894
5.3092915845667505 -0.14645287809913096
5.372123437638546 -0.13906924074375487
5.434955290710342 -0.13126989276457
5.497787143782137 -0.12308433415157405
5.560618996853934 -0.1145419496654186
5.62345084992573 -0.10567198874525542
5.686282702997525 -0.0965035548504345
5.749114556069321 -0.08706560241386725
5.811946409141116 -0.07738693981258768
5.874778262212914 -0.06749623698767589
5.937610115284709 -0.057422036565026376
6.000441968356505 -0.04719276753538001
6.0632738214283 -0.03683676074253338
6.126105674500097 -0.02638226559934593
6.188937527571893 -0.015857467599517668
6.2517693806436885 -0.00529050631702188