0.031415926535897934 0.0065426737017071105
0.0942477796076938 0.019607440310632815
0.15707963267948966 0.03261049862140738
0.21991148575128552 0.045510823054595605
0.2827433388230814 0.05826755682244487
0.34557519189487723 0.0708400772555398
0.4084070449666731 0.08318805913442862
0.47123889803846897 0.0952715357285411
0.5340707511102649 0.10705095743824583
0.5969026041820606 0.11848724816080652
0.6597344572538566 0.1295418597507696
0.7225663103256523 0.14017682521250419
0.7853981633974483 0.1503548115390478
0.8482300164692442 0.16003917338827536
0.91106186954104 0.1691940090552649
0.9738937226128359 0.1777842204487304
1.0367255756846319 0.18577557899912298
1.0995574287564276 0.19313479960574778
1.1623892818282235 0.19982962485886585
1.2252211349000193 0.2058289218388658
1.2880529879718152 0.21110279378665003
1.350884841043611 0.21562270884586612
1.413716694115407 0.21936164788738596
1.4765485471872026 0.2222942731290333
1.5393804002589986 0.22439711884997754
1.6022122533307945 0.22564880496239745
1.6650441064025903 0.2260302735390016
1.7278759594743862 0.2255250476037978
1.7907078125461822 0.22411951058039534
1.853539665617978 0.22180320376883733
1.9163715186897736 0.2185691381078265
1.9792033717615696 0.2144141153022721
2.0420352248333655 0.2093390521936598
2.104867077905162 0.20334930106973723
2.1676989309769574 0.19645495750628936
2.230530784048753 0.18867114637092408
2.2933626371205493 0.18001827586571914
2.356194490192345 0.17052224901312663
2.4190263432641403 0.1602146218661155
2.4818581963359367 0.1491326980098776
2.5446900494077322 0.1373195496657542
2.607521902479528 0.12482395693622182
2.670353755551324 0.11170025844589467
2.7331856086231197 0.0980081088114659
2.796017461694916 0.08381214095566444
2.8588493147667116 0.06918153417708664
2.9216811678385075 0.05418949198038335
2.9845130209103035 0.0389126368172046
3.047344873982099 0.023430331929423443
3.1101767270538954 0.007823943259357416
3.173008580125691 -0.007823943259357416
3.2358404331974873 -0.023430331929423443
3.2986722862692828 -0.0389126368172046
3.3615041393410787 -0.05418949198038335
3.4243359924128747 -0.06918153417708664
3.48716784548467 -0.08381214095566444
3.549999698556466 -0.09800810881146564
3.612831551628262 -0.11170025844589467
3.675663404700058 -0.12482395693622182
3.7384952577718535 -0.13731954966575416
3.8013271108436495 -0.1491326980098776
3.8641589639154454 -0.16021462186611526
3.9269908169872414 -0.17052224901312663
3.989822670059038 -0.18001827586571942
4.052654523130833 -0.18867114637092408
4.115486376202629 -0.19645495750628936
4.178318229274425 -0.20334930106973725
4.241150082346222 -0.2093390521936598
4.303981935418017 -0.21441411530227222
4.366813788489813 -0.2185691381078265
4.429645641561608 -0.22180320376883725
4.4924774946334045 -0.2241195105803954
4.5553093477052 -0.2255250476037978
4.618141200776996 -0.2260302735390016
4.680973053848792 -0.22564880496239736
4.743804906920587 -0.22439711884997768
4.806636759992383 -0.22229427312903338
4.869468613064179 -0.21936164788738596
4.932300466135976 -0.2156227088458662
4.995132319207771 -0.21110279378665
5.057964172279567 -0.20582892183886597
5.120796025351362 -0.19982962485886582
5.183627878423159 -0.19313479960574778
5.246459731494955 -0.18577557899912284
5.3092915845667505 -0.1777842204487304
5.372123437638546 -0.1691940090552649
5.434955290710342 -0.16003917338827547
5.497787143782137 -0.15035481153904803
5.560618996853934 -0.1401768252125041
5.62345084992573 -0.1295418597507696
5.686282702997525 -0.11848724816080652
5.749114556069321 -0.10705095743824597
5.811946409141116 -0.09527153572854132
5.874778262212914 -0.0831880591344285
5.937610115284709 -0.0708400772555398
6.000441968356505 -0.05826755682244487
6.0632738214283 -0.045510823054595605
6.126105674500097 -0.03261049862140738
6.188937527571893 -0.019607440310632725
6.2517693806436885 -0.0065426737017071105