0.031415926535897934 0.008044183781338355
0.0942477796076938 0.024106450584113554
0.15707963267948966 0.04009047376476678
0.21991148575128552 0.055944285689907614
0.2827433388230814 0.07161620833247337
0.34557519189487723 0.08705496411845116
0.4084070449666731 0.10220978208987927
0.47123889803846897 0.11703049848075647
0.5340707511102649 0.13146765110979144
0.5969026041820606 0.14547256734939898
0.6597344572538566 0.15899744582297073
0.7225663103256523 0.17199543240004603
0.7853981633974483 0.18442069148852466
0.8482300164692442 0.1962284740508586
0.91106186954104 0.20737518418324705
0.9738937226128359 0.21781844647905318
1.0367255756846319 0.22751717673574057
1.0995574287564276 0.236431658844406
1.1623892818282235 0.2445236309083788
1.2252211349000193 0.2517563837583941
1.2880529879718152 0.2580948750528724
1.350884841043611 0.2635058620594824
1.413716694115407 0.2679580559958093
1.4765485471872026 0.27142230045096505
1.5393804002589986 0.2738717759064362
1.6022122533307945 0.27528223171587
1.6650441064025903 0.2756322460858504
1.7278759594743862 0.27490351362372584
1.7907078125461822 0.2730811588910353
1.853539665617978 0.2701540731364462
1.9163715186897736 0.266115270003853
1.9792033717615696 0.2609622545532042
2.0420352248333655 0.2546973984387988
2.104867077905162 0.24732831261889704
2.1676989309769574 0.2388682075892812
2.230530784048753 0.2293362299191693
2.2933626371205493 0.2187577629047877
2.356194490192345 0.20716467853079315
2.4190263432641403 0.19459552772695135
2.4818581963359367 0.18109565620240894
2.5446900494077322 0.16671723399177313
2.607521902479528 0.1515191882919489
2.670353755551324 0.1355670312119643
2.7331856086231197 0.11893257666984285
2.796017461694916 0.1016935437821063
2.8588493147667116 0.08393304759442966
2.9216811678385075 0.06573898175173226
2.9845130209103035 0.047203301528362204
3.047344873982099 0.02842121934015766
3.1101767270538954 0.009490328239588468
3.173008580125691 -0.009490328239588468
3.2358404331974873 -0.02842121934015766
3.2986722862692828 -0.047203301528362204
3.3615041393410787 -0.06573898175173226
3.4243359924128747 -0.08393304759442966
3.48716784548467 -0.1016935437821063
3.549999698556466 -0.11893257666984278
3.612831551628262 -0.1355670312119643
3.675663404700058 -0.1515191882919489
3.7384952577718535 -0.16671723399177293
3.8013271108436495 -0.18109565620240894
3.8641589639154454 -0.1945955277269512
3.9269908169872414 -0.20716467853079315
3.989822670059038 -0.2187577629047879
4.052654523130833 -0.2293362299191693
4.115486376202629 -0.2388682075892812
4.178318229274425 -0.2473283126188973
4.241150082346222 -0.2546973984387989
4.303981935418017 -0.2609622545532042
4.366813788489813 -0.266115270003853
4.429645641561608 -0.2701540731364462
4.4924774946334045 -0.27308115889103535
4.5553093477052 -0.27490351362372584
4.618141200776996 -0.27563224608585035
4.680973053848792 -0.2752822317158701
4.743804906920587 -0.2738717759064362
4.806636759992383 -0.2714223004509652
4.869468613064179 -0.2679580559958093
4.932300466135976 -0.2635058620594824
4.995132319207771 -0.2580948750528723
5.057964172279567 -0.2517563837583941
5.120796025351362 -0.24452363090837892
5.183627878423159 -0.236431658844406
5.246459731494955 -0.22751717673574037
5.3092915845667505 -0.21781844647905318
5.372123437638546 -0.20737518418324705
5.434955290710342 -0.19622847405085858
5.497787143782137 -0.18442069148852494
5.560618996853934 -0.17199543240004594
5.62345084992573 -0.15899744582297073
5.686282702997525 -0.14547256734939898
5.749114556069321 -0.13146765110979153
5.811946409141116 -0.1170304984807567
5.874778262212914 -0.10220978208987926
5.937610115284709 -0.08705496411845116
6.000441968356505 -0.07161620833247337
6.0632738214283 -0.05594428568990777
6.126105674500097 -0.04009047376476678
6.188937527571893 -0.024106450584113467
6.2517693806436885 -0.008044183781338355