0.031415926535897934 0.005552945812151829
0.0942477796076938 0.016644089755344236
0.15707963267948966 0.027690980718921378
0.21991148575128552 0.03866408364783265
0.2827433388230814 0.04953381408194718
0.34557519189487723 0.060270518843048196
0.4084070449666731 0.07084445729454415
0.47123889803846897 0.08122578351268073
0.5340707511102649 0.09138452983661634
0.5969026041820606 0.1012905924186307
0.6597344572538566 0.11091371957285333
0.7225663103256523 0.1202235039184483
0.7853981633974483 0.1291893795277553
0.8482300164692442 0.13778062551716358
0.91106186954104 0.14596637775316787
0.9738937226128359 0.15371565058162057
1.0367255756846319 0.1609973707167527
1.0995574287564276 0.1677804256385355
1.1623892818282235 0.17403372903112252
1.2252211349000193 0.17972630593810793
1.2880529879718152 0.18482740039691253
1.350884841043611 0.18930660832735313
1.413716694115407 0.19313403836923881
1.4765485471872026 0.196280503169997
1.5393804002589986 0.19871774329445915
1.6022122533307945 0.2004186854437727
1.6650441064025903 0.20135773600927323
1.7278759594743862 0.20151111013363435
1.7907078125461822 0.20085719539479854
1.853539665617978 0.1993769479651135
1.9163715186897736 0.19705431763657474
1.9792033717615696 0.19387669646451947
2.0420352248333655 0.1898353840042526
2.104867077905162 0.18492606025407596
2.1676989309769574 0.17914925554990344
2.230530784048753 0.17251080487645293
2.2933626371205493 0.16502227248089046
2.356194490192345 0.15670133142300086
2.4190263432641403 0.14757208190444396
2.4818581963359367 0.1376652920189185
2.5446900494077322 0.12701854507185553
2.607521902479528 0.11567627892304391
2.670353755551324 0.10368970495938713
2.7331856086231197 0.09111659730762123
2.796017461694916 0.07802094668780138
2.8588493147667116 0.06447247776215731
2.9216811678385075 0.05054603376115969
2.9845130209103035 0.0363208373240178
3.047344873982099 0.02187964158765814
3.1101767270538954 0.007307790289350355
3.173008580125691 -0.007307790289350355
3.2358404331974873 -0.02187964158765814
3.2986722862692828 -0.0363208373240178
3.3615041393410787 -0.05054603376115969
3.4243359924128747 -0.06447247776215731
3.48716784548467 -0.07802094668780138
3.549999698556466 -0.09111659730762117
3.612831551628262 -0.10368970495938713
3.675663404700058 -0.11567627892304391
3.7384952577718535 -0.12701854507185542
3.8013271108436495 -0.1376652920189185
3.8641589639154454 -0.14757208190444382
3.9269908169872414 -0.15670133142300086
3.989822670059038 -0.16502227248089057
4.052654523130833 -0.17251080487645293
4.115486376202629 -0.17914925554990344
4.178318229274425 -0.18492606025407604
4.241150082346222 -0.18983538400425248
4.303981935418017 -0.19387669646451947
4.366813788489813 -0.19705431763657474
4.429645641561608 -0.1993769479651134
4.4924774946334045 -0.20085719539479846
4.5553093477052 -0.20151111013363435
4.618141200776996 -0.20135773600927326
4.680973053848792 -0.20041868544377275
4.743804906920587 -0.19871774329445913
4.806636759992383 -0.1962805031699969
4.869468613064179 -0.19313403836923881
4.932300466135976 -0.18930660832735308
4.995132319207771 -0.18482740039691253
5.057964172279567 -0.17972630593810793
5.120796025351362 -0.1740337290311226
5.183627878423159 -0.1677804256385355
5.246459731494955 -0.16099737071675252
5.3092915845667505 -0.15371565058162057
5.372123437638546 -0.14596637775316787
5.434955290710342 -0.13778062551716352
5.497787143782137 -0.1291893795277553
5.560618996853934 -0.12022350391844816
5.62345084992573 -0.11091371957285333
5.686282702997525 -0.1012905924186307
5.749114556069321 -0.09138452983661643
5.811946409141116 -0.08122578351268091
5.874778262212914 -0.07084445729454382
5.937610115284709 -0.060270518843048196
6.000441968356505 -0.04953381408194718
6.0632738214283 -0.03866408364783265
6.126105674500097 -0.027690980718921378
6.188937527571893 -0.016644089755344156
6.2517693806436885 -0.005552945812151829