0.031415926535897934 0.008355982802906925
0.0942477796076938 0.02503886599416357
0.15707963267948966 0.04163458715337472
0.21991148575128552 0.0580853214858541
0.2827433388230814 0.07433366623046028
0.34557519189487723 0.09032280398764839
0.4084070449666731 0.10599666085513014
0.47123889803846897 0.1213000582942286
0.5340707511102649 0.13617885793464565
0.5969026041820606 0.150580098851567
0.6597344572538566 0.16445212720509
0.7225663103256523 0.17774471850500287
0.7853981633974483 0.19040919314040183
0.8482300164692442 0.20239852617962084
0.91106186954104 0.21366745278760402
0.9738937226128359 0.2241725709116637
1.0367255756846319 0.23387244313969974
1.0995574287564276 0.24272769982537254
1.1623892818282235 0.25070114569157836
1.2252211349000193 0.2577578721571542
1.2880529879718152 0.2638653775739057
1.350884841043611 0.2689936974052052
1.413716694115407 0.27311554611887656
1.4765485471872026 0.2762064722033353
1.5393804002589986 0.2782450272469162
1.6022122533307945 0.2792129494488518
1.6650441064025903 0.2790953612626099
1.7278759594743862 0.27788098011823753
1.7907078125461822 0.27556234034426014
1.853539665617978 0.2721360235304645
1.9163715186897736 0.26760289366448936
1.9792033717615696 0.26196833246651463
2.0420352248333655 0.2552424694712843
2.104867077905162 0.24744040060335737
2.1676989309769574 0.23858238830123094
2.230530784048753 0.2286940357120998
2.2933626371205493 0.21780642714463025
2.356194490192345 0.2059562268728367
2.4190263432641403 0.19318572856535887
2.4818581963359367 0.17954284809819768
2.5446900494077322 0.16508105331119458
2.607521902479528 0.149859225391149
2.670353755551324 0.13394144799325017
2.7331856086231197 0.11739672191571228
2.796017461694916 0.10029860507063243
2.8588493147667116 0.08272477958081509
2.9216811678385075 0.06475654999689802
2.9845130209103035 0.0464782787802179
3.047344873982099 0.02797676723728015
3.1101767270538954 0.009340591924438427
3.173008580125691 -0.009340591924438427
3.2358404331974873 -0.02797676723728015
3.2986722862692828 -0.0464782787802179
3.3615041393410787 -0.06475654999689802
3.4243359924128747 -0.08272477958081509
3.48716784548467 -0.10029860507063243
3.549999698556466 -0.11739672191571213
3.612831551628262 -0.13394144799325017
3.675663404700058 -0.149859225391149
3.7384952577718535 -0.16508105331119452
3.8013271108436495 -0.17954284809819768
3.8641589639154454 -0.1931857285653588
3.9269908169872414 -0.2059562268728367
3.989822670059038 -0.21780642714463044
4.052654523130833 -0.2286940357120998
4.115486376202629 -0.23858238830123094
4.178318229274425 -0.2474404006033576
4.241150082346222 -0.2552424694712846
4.303981935418017 -0.26196833246651463
4.366813788489813 -0.26760289366448936
4.429645641561608 -0.2721360235304645
4.4924774946334045 -0.27556234034426025
4.5553093477052 -0.27788098011823753
4.618141200776996 -0.2790953612626098
4.680973053848792 -0.2792129494488518
4.743804906920587 -0.2782450272469162
4.806636759992383 -0.2762064722033354
4.869468613064179 -0.27311554611887656
4.932300466135976 -0.2689936974052052
4.995132319207771 -0.2638653775739057
5.057964172279567 -0.2577578721571543
5.120796025351362 -0.25070114569157836
5.183627878423159 -0.24272769982537254
5.246459731494955 -0.23387244313969957
5.3092915845667505 -0.2241725709116637
5.372123437638546 -0.21366745278760402
5.434955290710342 -0.20239852617962087
5.497787143782137 -0.1904091931404019
5.560618996853934 -0.17774471850500279
5.62345084992573 -0.16445212720509
5.686282702997525 -0.150580098851567
5.749114556069321 -0.13617885793464585
5.811946409141116 -0.1213000582942289
5.874778262212914 -0.10599666085513
5.937610115284709 -0.09032280398764839
6.000441968356505 -0.07433366623046028
6.0632738214283 -0.05808532148585418
6.126105674500097 -0.04163458715337472
6.188937527571893 -0.025038865994163308
6.2517693806436885 -0.008355982802906925