0.031415926535897934 0.00207557303702063
0.0942477796076938 0.0062196857636441895
0.15707963267948966 0.010342711140396291
0.21991148575128552 0.014430633332622136
0.2827433388230814 0.01846950042081504
0.34557519189487723 0.022445450601026744
0.4084070449666731 0.026344739019058896
0.47123889803846897 0.030153765418208293
0.5340707511102649 0.033859102778527314
0.5969026041820606 0.037447527122422865
0.6597344572538566 0.04090604865645177
0.7225663103256523 0.044221944411784814
0.7853981633974483 0.04738279253536225
0.8482300164692442 0.05037650836960361
0.91106186954104 0.05319138243994768
0.9738937226128359 0.055816120445842006
1.0367255756846319 0.058239885321426786
1.0995574287564276 0.060452341396512475
1.1623892818282235 0.062443700646078945
1.2252211349000193 0.06420477096711752
1.2880529879718152 0.06572700636506987
1.350884841043611 0.06700255886849564
1.413716694115407 0.06802433192027993
1.4765485471872026 0.06878603491735309
1.5393804002589986 0.06928223848954146
1.6022122533307945 0.0695084300231705
1.6650441064025903 0.069461068848153
1.7278759594743862 0.06913764042065779
1.7907078125461822 0.06853670874956153
1.853539665617978 0.06765796623658646
1.9163715186897736 0.06650228003043757
1.9792033717615696 0.06507173393769487
2.0420352248333655 0.06336966489110074
2.104867077905162 0.061400692952597515
2.1676989309769574 0.05917074382721172
2.230530784048753 0.056687062887499945
2.2933626371205493 0.0539582197591053
2.356194490192345 0.05099410259762811
2.4190263432641403 0.04780590129628331
2.4818581963359367 0.04440607900241065
2.5446900494077322 0.04080833148746019
2.607521902479528 0.037027534107015564
2.670353755551324 0.03307967630093039
2.7331856086231197 0.028981783813815006
2.796017461694916 0.02475182905690093
2.8588493147667116 0.020408630276889057
2.9216811678385075 0.015971740438277413
2.9845130209103035 0.011461326955100116
3.047344873982099 0.006898043618214219
3.1101767270538954 0.0023028962479143783
3.173008580125691 -0.0023028962479143783
3.2358404331974873 -0.006898043618214219
3.2986722862692828 -0.011461326955100116
3.3615041393410787 -0.015971740438277413
3.4243359924128747 -0.020408630276889057
3.48716784548467 -0.02475182905690093
3.549999698556466 -0.0289817838138149
3.612831551628262 -0.03307967630093039
3.675663404700058 -0.037027534107015564
3.7384952577718535 -0.04080833148746019
3.8013271108436495 -0.04440607900241065
3.8641589639154454 -0.047805901296283225
3.9269908169872414 -0.05099410259762811
3.989822670059038 -0.05395821975910529
4.052654523130833 -0.056687062887499945
4.115486376202629 -0.05917074382721172
4.178318229274425 -0.061400692952597584
4.241150082346222 -0.06336966489110071
4.303981935418017 -0.06507173393769486
4.366813788489813 -0.06650228003043757
4.429645641561608 -0.06765796623658647
4.4924774946334045 -0.06853670874956151
4.5553093477052 -0.06913764042065779
4.618141200776996 -0.06946106884815297
4.680973053848792 -0.06950843002317056
4.743804906920587 -0.06928223848954142
4.806636759992383 -0.06878603491735305
4.869468613064179 -0.06802433192027993
4.932300466135976 -0.06700255886849572
4.995132319207771 -0.06572700636506976
5.057964172279567 -0.06420477096711742
5.120796025351362 -0.06244370064607895
5.183627878423159 -0.060452341396512475
5.246459731494955 -0.058239885321426675
5.3092915845667505 -0.055816120445842006
5.372123437638546 -0.05319138243994768
5.434955290710342 -0.050376508369603626
5.497787143782137 -0.04738279253536227
5.560618996853934 -0.04422194441178479
5.62345084992573 -0.04090604865645177
5.686282702997525 -0.037447527122422865
5.749114556069321 -0.03385910277852734
5.811946409141116 -0.03015376541820842
5.874778262212914 -0.026344739019058885
5.937610115284709 -0.022445450601026744
6.000441968356505 -0.01846950042081504
6.0632738214283 -0.014430633332622145
6.126105674500097 -0.010342711140396291
6.188937527571893 -0.0062196857636441895
6.2517693806436885 -0.00207557303702063