0.031415926535897934 0.0076944897072807415
0.0942477796076938 0.023056449683583738
0.15707963267948966 0.03833742822454878
0.21991148575128552 0.05348369344570369
0.2827433388230814 0.0684418952554726
0.34557519189487723 0.08315921452721725
0.4084070449666731 0.09758350892438726
0.47123889803846897 0.11166345469741475
0.5340707511102649 0.12534868396299653
0.5969026041820606 0.13858991719589095
0.6597344572538566 0.15133909090206063
0.7225663103256523 0.1635494806907256
0.7853981633974483 0.17517582021194855
0.8482300164692442 0.18617441666568635
0.91106186954104 0.19650326380774752
0.9738937226128359 0.20612215356790708
1.0367255756846319 0.21499278754611645
1.0995574287564276 0.2230788897555493
1.1623892818282235 0.23034632202826275
1.2252211349000193 0.23676320348368332
1.2880529879718152 0.24230003537643965
1.350884841043611 0.24692983248414424
1.413716694115407 0.250628261965222
1.4765485471872026 0.25337379031130486
1.5393804002589986 0.25514783863976676
1.6022122533307945 0.25593494612379647
1.6650441064025903 0.25572294084679653
1.7278759594743862 0.2545031168045879
1.7907078125461822 0.25227041517574467
1.853539665617978 0.24902360735342507
1.9163715186897736 0.2447654766005907
1.9792033717615696 0.23950299457683277
2.0420352248333655 0.23324748841412554
2.104867077905162 0.22601479351777348
2.1676989309769574 0.2178253868658553
2.230530784048753 0.20870449530391272
2.2933626371205493 0.19868217320850332
2.356194490192345 0.18779334394762684
2.4190263432641403 0.17607779981741192
2.4818581963359367 0.1635801555959143
2.5446900494077322 0.15034975153143532
2.607521902479528 0.1364405024700164
2.670353755551324 0.12191069090978877
2.7331856086231197 0.10682270302280061
2.796017461694916 0.09124270807126103
2.8588493147667116 0.07524028311845915
2.9216811678385075 0.058887986440580554
2.9845130209103035 0.04226088452430564
3.047344873982099 0.025436038924002296
3.1101767270538954 0.008491960490083106
3.173008580125691 -0.008491960490083106
3.2358404331974873 -0.025436038924002296
3.2986722862692828 -0.04226088452430564
3.3615041393410787 -0.058887986440580554
3.4243359924128747 -0.07524028311845915
3.48716784548467 -0.09124270807126103
3.549999698556466 -0.10682270302280052
3.612831551628262 -0.12191069090978877
3.675663404700058 -0.1364405024700164
3.7384952577718535 -0.15034975153143523
3.8013271108436495 -0.1635801555959143
3.8641589639154454 -0.17607779981741192
3.9269908169872414 -0.18779334394762684
3.989822670059038 -0.19868217320850345
4.052654523130833 -0.20870449530391272
4.115486376202629 -0.2178253868658553
4.178318229274425 -0.2260147935177736
4.241150082346222 -0.23324748841412565
4.303981935418017 -0.23950299457683286
4.366813788489813 -0.2447654766005907
4.429645641561608 -0.24902360735342507
4.4924774946334045 -0.2522704151757447
4.5553093477052 -0.2545031168045879
4.618141200776996 -0.2557229408467966
4.680973053848792 -0.25593494612379647
4.743804906920587 -0.25514783863976676
4.806636759992383 -0.25337379031130486
4.869468613064179 -0.250628261965222
4.932300466135976 -0.24692983248414424
4.995132319207771 -0.24230003537643965
5.057964172279567 -0.2367632034836833
5.120796025351362 -0.23034632202826283
5.183627878423159 -0.2230788897555493
5.246459731494955 -0.21499278754611625
5.3092915845667505 -0.20612215356790708
5.372123437638546 -0.19650326380774752
5.434955290710342 -0.18617441666568654
5.497787143782137 -0.17517582021194883
5.560618996853934 -0.16354948069072558
5.62345084992573 -0.15133909090206063
5.686282702997525 -0.13858991719589095
5.749114556069321 -0.1253486839629966
5.811946409141116 -0.11166345469741493
5.874778262212914 -0.09758350892438722
5.937610115284709 -0.08315921452721725
6.000441968356505 -0.0684418952554726
6.0632738214283 -0.05348369344570389
6.126105674500097 -0.03833742822454878
6.188937527571893 -0.023056449683583738
6.2517693806436885 -0.0076944897072807415