0.031415926535897934 0.002918678918688865
0.0942477796076938 0.008742303303358094
0.15707963267948966 0.014524818674553602
0.21991148575128552 0.020239122486616037
0.2827433388230814 0.02585856383939211
0.34557519189487723 0.031357117096524105
0.4084070449666731 0.036709548600524264
0.47123889803846897 0.0418915747048365
0.5340707511102649 0.04688000948271248
0.5969026041820606 0.05165290063814113
0.6597344572538566 0.056189652332152
0.7225663103256523 0.06047113384504425
0.7853981633974483 0.06447977321745753
0.8482300164692442 0.06819963524640245
0.91106186954104 0.07161648345180295
0.9738937226128359 0.07471782587003459
1.0367255756846319 0.07749294476858828
1.0995574287564276 0.07993291060566493
1.1623892818282235 0.08203058077572513
1.2252211349000193 0.08378058388265926
1.2880529879718152 0.08517929046262827
1.350884841043611 0.08622477123566473
1.413716694115407 0.08691674409635677
1.4765485471872026 0.0872565111576385
1.5393804002589986 0.08724688723687717
1.6022122533307945 0.08689212121985523
1.6650441064025903 0.08619781175636029
1.7278759594743862 0.08517081873210654
1.7907078125461822 0.08381917192736271
1.853539665617978 0.08215197821524357
1.9163715186897736 0.08017932857482532
1.9792033717615696 0.07791220609903265
2.0420352248333655 0.07536239606779511
2.104867077905162 0.07254239903648818
2.1676989309769574 0.06946534776136111
2.230530784048753 0.06614492865054988
2.2933626371205493 0.06259530829425701
2.356194490192345 0.058831065493286705
2.4190263432641403 0.0548671290736797
2.4818581963359367 0.050718721648580274
2.5446900494077322 0.04640130936830595
2.607521902479528 0.0419305575871034
2.670353755551324 0.03732229227119665
2.7331856086231197 0.032592466878067286
2.796017461694916 0.02775713435184128
2.8588493147667116 0.022832423804309835
2.9216811678385075 0.017834521385480057
2.9845130209103035 0.012779654791462368
3.047344873982099 0.007684080810721136
3.1101767270538954 0.002564075271975379
3.173008580125691 -0.002564075271975379
3.2358404331974873 -0.007684080810721136
3.2986722862692828 -0.012779654791462368
3.3615041393410787 -0.017834521385480057
3.4243359924128747 -0.022832423804309835
3.48716784548467 -0.02775713435184128
3.549999698556466 -0.032592466878067286
3.612831551628262 -0.03732229227119665
3.675663404700058 -0.0419305575871034
3.7384952577718535 -0.04640130936830595
3.8013271108436495 -0.050718721648580274
3.8641589639154454 -0.054867129073679605
3.9269908169872414 -0.058831065493286705
3.989822670059038 -0.06259530829425711
4.052654523130833 -0.06614492865054988
4.115486376202629 -0.06946534776136111
4.178318229274425 -0.07254239903648818
4.241150082346222 -0.07536239606779511
4.303981935418017 -0.07791220609903265
4.366813788489813 -0.08017932857482532
4.429645641561608 -0.08215197821524357
4.4924774946334045 -0.08381917192736271
4.5553093477052 -0.08517081873210654
4.618141200776996 -0.08619781175636029
4.680973053848792 -0.08689212121985523
4.743804906920587 -0.08724688723687717
4.806636759992383 -0.08725651115763841
4.869468613064179 -0.08691674409635677
4.932300466135976 -0.08622477123566481
4.995132319207771 -0.08517929046262826
5.057964172279567 -0.08378058388265926
5.120796025351362 -0.08203058077572503
5.183627878423159 -0.07993291060566493
5.246459731494955 -0.07749294476858828
5.3092915845667505 -0.07471782587003459
5.372123437638546 -0.07161648345180295
5.434955290710342 -0.06819963524640255
5.497787143782137 -0.06447977321745771
5.560618996853934 -0.06047113384504434
5.62345084992573 -0.056189652332152
5.686282702997525 -0.05165290063814113
5.749114556069321 -0.04688000948271248
5.811946409141116 -0.0418915747048365
5.874778262212914 -0.03670954860052427
5.937610115284709 -0.031357117096524105
6.000441968356505 -0.02585856383939211
6.0632738214283 -0.020239122486616037
6.126105674500097 -0.014524818674553602
6.188937527571893 -0.008742303303358007
6.2517693806436885 -0.002918678918688865