0.031415926535897934 0.007202210369113843
0.0942477796076938 0.02158150451868863
0.15707963267948966 0.03588549162786377
0.21991148575128552 0.05006420879244949
0.2827433388230814 0.0640680536186033
0.34557519189487723 0.07784792417972952
0.4084070449666731 0.0913553549564568
0.47123889803846897 0.10454264793161565
0.5340707511102649 0.11736299823576361
0.5969026041820606 0.1297706139949616
0.6597344572538566 0.14172083031186936
0.7225663103256523 0.15317021760354
0.7853981633974483 0.1640766848137203
0.8482300164692442 0.17439957830287015
0.91106186954104 0.1840997774843437
0.9738937226128359 0.19313978850937344
1.0367255756846319 0.20148383749625648
1.0995574287564276 0.2090979649408032
1.1623892818282235 0.21595012302685998
1.2252211349000193 0.22201027756985245
1.2880529879718152 0.22725051626629197
1.350884841043611 0.2316451647829884
1.413716694115407 0.23517091199781162
1.4765485471872026 0.23780694539766536
1.5393804002589986 0.23953509724935573
1.6022122533307945 0.24034000168824443
1.6650441064025903 0.24020926232367995
1.7278759594743862 0.23913362934809848
1.7907078125461822 0.23710718447068266
1.853539665617978 0.23412753129264002
1.9163715186897736 0.23019598801941166
1.9792033717615696 0.22531777868925879
2.0420352248333655 0.21950221841508546
2.104867077905162 0.2127628875175403
2.1676989309769574 0.20511778890512739
2.230530784048753 0.19658948266499995
2.2933626371205493 0.18720519159953328
2.356194490192345 0.17699687140947692
2.4190263432641403 0.16600123941071773
2.4818581963359367 0.15425975609792633
2.5446900494077322 0.14181855454502632
2.607521902479528 0.1287283135589949
2.670353755551324 0.11504407166685779
2.7331856086231197 0.10082498038931129
2.796017461694916 0.08613399679814343
2.8588493147667116 0.07103751701579511
2.9216811678385075 0.05560495403063472
2.9845130209103035 0.039908264899657236
3.047344873982099 0.024021434016172058
3.1101767270538954 0.00801992055890157
3.173008580125691 -0.00801992055890157
3.2358404331974873 -0.024021434016172058
3.2986722862692828 -0.039908264899657236
3.3615041393410787 -0.05560495403063472
3.4243359924128747 -0.07103751701579511
3.48716784548467 -0.08613399679814343
3.549999698556466 -0.1008249803893112
3.612831551628262 -0.11504407166685779
3.675663404700058 -0.1287283135589949
3.7384952577718535 -0.14181855454502623
3.8013271108436495 -0.15425975609792633
3.8641589639154454 -0.16600123941071765
3.9269908169872414 -0.17699687140947692
3.989822670059038 -0.1872051915995335
4.052654523130833 -0.19658948266499995
4.115486376202629 -0.20511778890512739
4.178318229274425 -0.21276288751754038
4.241150082346222 -0.2195022184150856
4.303981935418017 -0.22531777868925895
4.366813788489813 -0.23019598801941166
4.429645641561608 -0.23412753129263994
4.4924774946334045 -0.2371071844706826
4.5553093477052 -0.23913362934809848
4.618141200776996 -0.24020926232368003
4.680973053848792 -0.24034000168824435
4.743804906920587 -0.2395350972493558
4.806636759992383 -0.2378069453976655
4.869468613064179 -0.23517091199781162
4.932300466135976 -0.23164516478298824
4.995132319207771 -0.22725051626629197
5.057964172279567 -0.2220102775698524
5.120796025351362 -0.21595012302686
5.183627878423159 -0.2090979649408032
5.246459731494955 -0.20148383749625645
5.3092915845667505 -0.19313978850937344
5.372123437638546 -0.1840997774843437
5.434955290710342 -0.1743995783028702
5.497787143782137 -0.16407668481372042
5.560618996853934 -0.15317021760354
5.62345084992573 -0.14172083031186936
5.686282702997525 -0.1297706139949616
5.749114556069321 -0.11736299823576361
5.811946409141116 -0.10454264793161587
5.874778262212914 -0.09135535495645672
5.937610115284709 -0.07784792417972952
6.000441968356505 -0.0640680536186033
6.0632738214283 -0.0500642087924496
6.126105674500097 -0.03588549162786377
6.188937527571893 -0.021581504518688534
6.2517693806436885 -0.007202210369113843