0.031415926535897934 0.00831845461550552
0.0942477796076938 0.024917355737542626
0.15707963267948966 0.041402470273760955
0.21991148575128552 0.057698730427615266
0.2827433388230814 0.0737322444365583
0.34557519189487723 0.0894307494273174
0.4084070449666731 0.10472404707243764
0.47123889803846897 0.11954441763855797
0.5340707511102649 0.13382700837914077
0.5969026041820606 0.14751019264991627
0.6597344572538566 0.16053589660451634
0.7225663103256523 0.17284989085004632
0.7853981633974483 0.1844020449962195
0.8482300164692442 0.1951465436053011
0.91106186954104 0.20504206263141128
0.9738937226128359 0.21405190601489163
1.0367255756846319 0.22214410265905515
1.0995574287564276 0.22929146455211563
1.1623892818282235 0.23547160729684025
1.2252211349000193 0.24066693476611195
1.2880529879718152 0.24486459000717442
1.350884841043611 0.24805637486538723
1.413716694115407 0.25023864108595156
1.4765485471872026 0.25141215587699917
1.5393804002589986 0.25158194507889287
1.6022122533307945 0.2507571171832846
1.6650441064025903 0.24895067148351183
1.7278759594743862 0.24617929361848098
1.7907078125461822 0.24246314169961797
1.853539665617978 0.23782562608979896
1.9163715186897736 0.2322931857401238
1.9792033717615696 0.2258950637910876
2.0420352248333655 0.21866308491543066
2.104867077905162 0.21063143662710268
2.1676989309769574 0.2018364565105478
2.230530784048753 0.19231642704290197
2.2933626371205493 0.18211137939421923
2.356194490192345 0.17126290730262447
2.4190263432641403 0.1598139918368773
2.4818581963359367 0.14780883758218943
2.5446900494077322 0.13529272051967525
2.607521902479528 0.12231184761831744
2.670353755551324 0.10891322792309192
2.7331856086231197 0.09514455470562655
2.796017461694916 0.0810540980457892
2.8588493147667116 0.06669060703480366
2.9216811678385075 0.0521032206334205
2.9845130209103035 0.03734138608267558
3.047344873982099 0.022454783649904917
3.1101767270538954 0.007493256398978777
3.173008580125691 -0.007493256398978777
3.2358404331974873 -0.022454783649904917
3.2986722862692828 -0.03734138608267558
3.3615041393410787 -0.0521032206334205
3.4243359924128747 -0.06669060703480366
3.48716784548467 -0.0810540980457892
3.549999698556466 -0.09514455470562647
3.612831551628262 -0.10891322792309192
3.675663404700058 -0.12231184761831744
3.7384952577718535 -0.13529272051967506
3.8013271108436495 -0.14780883758218943
3.8641589639154454 -0.15981399183687714
3.9269908169872414 -0.17126290730262447
3.989822670059038 -0.18211137939421945
4.052654523130833 -0.19231642704290197
4.115486376202629 -0.2018364565105478
4.178318229274425 -0.21063143662710285
4.241150082346222 -0.21866308491543074
4.303981935418017 -0.22589506379108754
4.366813788489813 -0.2322931857401238
4.429645641561608 -0.2378256260897989
4.4924774946334045 -0.24246314169961802
4.5553093477052 -0.24617929361848098
4.618141200776996 -0.24895067148351208
4.680973053848792 -0.2507571171832846
4.743804906920587 -0.25158194507889275
4.806636759992383 -0.2514121558769991
4.869468613064179 -0.25023864108595156
4.932300466135976 -0.24805637486538734
4.995132319207771 -0.24486459000717442
5.057964172279567 -0.24066693476611178
5.120796025351362 -0.23547160729684039
5.183627878423159 -0.22929146455211563
5.246459731494955 -0.22214410265905507
5.3092915845667505 -0.21405190601489163
5.372123437638546 -0.20504206263141128
5.434955290710342 -0.1951465436053012
5.497787143782137 -0.18440204499621965
5.560618996853934 -0.17284989085004626
5.62345084992573 -0.16053589660451634
5.686282702997525 -0.14751019264991627
5.749114556069321 -0.13382700837914085
5.811946409141116 -0.11954441763855812
5.874778262212914 -0.10472404707243746
5.937610115284709 -0.0894307494273174
6.000441968356505 -0.0737322444365583
6.0632738214283 -0.057698730427615315
6.126105674500097 -0.041402470273760955
6.188937527571893 -0.024917355737542533
6.2517693806436885 -0.00831845461550552