0.031415926535897934 0.007745447608057578
0.0942477796076938 0.023199709207838943
0.15707963267948966 0.038544309739069776
0.21991148575128552 0.05370693874969509
0.2827433388230814 0.06861647300494204
0.34557519189487723 0.08320343510396853
0.4084070449666731 0.09740043600589485
0.47123889803846897 0.11114259712950549
0.5340707511102649 0.12436794789506711
0.5969026041820606 0.1370177948335347
0.6597344572538566 0.14903705870043008
0.7225663103256523 0.160374576400225
0.7853981633974483 0.1709833649519819
0.8482300164692442 0.18082084520609917
0.91106186954104 0.18984902355075836
0.9738937226128359 0.19803463041811661
1.0367255756846319 0.2053492150050386
1.0995574287564276 0.21176919624959376
1.1623892818282235 0.21727587073919033
1.2252211349000193 0.2218553788543005
1.2880529879718152 0.22549863105778759
1.350884841043611 0.22820119680840867
1.413716694115407 0.22996315909345272
1.4765485471872026 0.2307889380263978
1.5393804002589986 0.23068708732969784
1.6022122533307945 0.2296700678116822
1.6650441064025903 0.22775400214424646
1.7278759594743862 0.22495841535184075
1.7907078125461822 0.22130596543262304
1.853539665617978 0.21682216845285332
1.9163715186897736 0.21153512229171692
1.9792033717615696 0.20547523297405984
2.0420352248333655 0.19867494722306947
2.104867077905162 0.19116849450508835
2.1676989309769574 0.18299164143654986
2.230530784048753 0.17418146099067647
2.2933626371205493 0.1647761184910367
2.356194490192345 0.1548146759214886
2.4190263432641403 0.1443369156276254
2.4818581963359367 0.13338318404244565
2.5446900494077322 0.12199425564602828
2.607521902479528 0.11021121697143281
2.670353755551324 0.09807537010134067
2.7331856086231197 0.08562815476514578
2.796017461694916 0.07291108784611691
2.8588493147667116 0.059965718843639604
2.9216811678385075 0.04683359960625835
2.9845130209103035 0.03355626645654615
3.047344873982099 0.02017523266750844
3.1101767270538954 0.006731989120905129
3.173008580125691 -0.006731989120905129
3.2358404331974873 -0.02017523266750844
3.2986722862692828 -0.03355626645654615
3.3615041393410787 -0.04683359960625835
3.4243359924128747 -0.059965718843639604
3.48716784548467 -0.07291108784611691
3.549999698556466 -0.08562815476514567
3.612831551628262 -0.09807537010134067
3.675663404700058 -0.11021121697143281
3.7384952577718535 -0.12199425564602828
3.8013271108436495 -0.13338318404244565
3.8641589639154454 -0.14433691562762524
3.9269908169872414 -0.1548146759214886
3.989822670059038 -0.16477611849103685
4.052654523130833 -0.17418146099067647
4.115486376202629 -0.18299164143654986
4.178318229274425 -0.19116849450508858
4.241150082346222 -0.19867494722306947
4.303981935418017 -0.20547523297406
4.366813788489813 -0.21153512229171692
4.429645641561608 -0.21682216845285324
4.4924774946334045 -0.22130596543262293
4.5553093477052 -0.22495841535184075
4.618141200776996 -0.22775400214424632
4.680973053848792 -0.2296700678116823
4.743804906920587 -0.23068708732969773
4.806636759992383 -0.2307889380263978
4.869468613064179 -0.22996315909345272
4.932300466135976 -0.22820119680840847
4.995132319207771 -0.22549863105778759
5.057964172279567 -0.2218553788543005
5.120796025351362 -0.21727587073919039
5.183627878423159 -0.21176919624959376
5.246459731494955 -0.20534921500503844
5.3092915845667505 -0.19803463041811661
5.372123437638546 -0.18984902355075836
5.434955290710342 -0.18082084520609928
5.497787143782137 -0.17098336495198205
5.560618996853934 -0.16037457640022507
5.62345084992573 -0.14903705870043008
5.686282702997525 -0.1370177948335347
5.749114556069321 -0.12436794789506711
5.811946409141116 -0.1111425971295056
5.874778262212914 -0.09740043600589474
5.937610115284709 -0.08320343510396853
6.000441968356505 -0.06861647300494204
6.0632738214283 -0.05370693874969528
6.126105674500097 -0.038544309739069776
6.188937527571893 -0.023199709207838943
6.2517693806436885 -0.007745447608057578