0.031415926535897934 0.0023765141771877217
0.0942477796076938 0.007122011254169001
0.15707963267948966 0.01184492115432515
0.21991148575128552 0.016530208106417504
0.2827433388230814 0.021162870427144046
0.34557519189487723 0.02572795529416115
0.4084070449666731 0.030210574661136316
0.47123889803846897 0.034595922646387105
0.5340707511102649 0.03886929472936364
0.5969026041820606 0.0430161090911695
0.6597344572538566 0.047021930435647216
0.7225663103256523 0.050872496625368135
0.7853981633974483 0.054553748461057004
0.8482300164692442 0.0580518629223782
0.91106186954104 0.061353290171335804
0.9738937226128359 0.0644447945954568
1.0367255756846319 0.06731350013504854
1.0995574287564276 0.06994694009581541
1.1623892818282235 0.07233311159367276
1.2252211349000193 0.074460534711551
1.2880529879718152 0.0763183163673804
1.350884841043611 0.0778962187976157
1.413716694115407 0.07918473245128507
1.4765485471872026 0.08017515296584131
1.5393804002589986 0.08085966175877664
1.6022122533307945 0.08123140961949298
1.6650441064025903 0.08128460252648513
1.7278759594743862 0.08101458874851848
1.7907078125461822 0.08041794611908498
1.853539665617978 0.07949256820579906
1.9163715186897736 0.07823774793619959
1.9792033717615696 0.07665425709508228
2.0420352248333655 0.07474441998302678
2.104867077905162 0.07251217942862348
2.1676989309769574 0.06996315328558197
2.230530784048753 0.06710467952769739
2.2933626371205493 0.06394584808617602
2.356194490192345 0.0604975176606421
2.4190263432641403 0.0567723158812087
2.4818581963359367 0.05278462140633755
2.5446900494077322 0.04855052680941745
2.607521902479528 0.04408778143301486
2.670353755551324 0.03941571376767472
2.7331856086231197 0.03455513333312853
2.796017461694916 0.029528212492287775
2.8588493147667116 0.024358349098446606
2.9216811678385075 0.01907001134787943
2.9845130209103035 0.013688566666421835
3.047344873982099 0.008240096882256544
3.1101767270538954 0.0027512023111037082
3.173008580125691 -0.0027512023111037082
3.2358404331974873 -0.008240096882256544
3.2986722862692828 -0.013688566666421835
3.3615041393410787 -0.01907001134787943
3.4243359924128747 -0.024358349098446606
3.48716784548467 -0.029528212492287775
3.549999698556466 -0.03455513333312853
3.612831551628262 -0.03941571376767472
3.675663404700058 -0.04408778143301486
3.7384952577718535 -0.04855052680941738
3.8013271108436495 -0.05278462140633755
3.8641589639154454 -0.0567723158812087
3.9269908169872414 -0.0604975176606421
3.989822670059038 -0.06394584808617602
4.052654523130833 -0.06710467952769739
4.115486376202629 -0.06996315328558197
4.178318229274425 -0.07251217942862355
4.241150082346222 -0.07474441998302672
4.303981935418017 -0.07665425709508228
4.366813788489813 -0.07823774793619959
4.429645641561608 -0.07949256820579916
4.4924774946334045 -0.08041794611908498
4.5553093477052 -0.08101458874851848
4.618141200776996 -0.08128460252648513
4.680973053848792 -0.08123140961949298
4.743804906920587 -0.08085966175877664
4.806636759992383 -0.08017515296584131
4.869468613064179 -0.07918473245128507
4.932300466135976 -0.0778962187976157
4.995132319207771 -0.0763183163673804
5.057964172279567 -0.074460534711551
5.120796025351362 -0.0723331115936727
5.183627878423159 -0.06994694009581541
5.246459731494955 -0.06731350013504854
5.3092915845667505 -0.0644447945954568
5.372123437638546 -0.061353290171335804
5.434955290710342 -0.0580518629223782
5.497787143782137 -0.05455374846105724
5.560618996853934 -0.050872496625368135
5.62345084992573 -0.047021930435647216
5.686282702997525 -0.0430161090911695
5.749114556069321 -0.03886929472936374
5.811946409141116 -0.034595922646387
5.874778262212914 -0.030210574661136316
5.937610115284709 -0.02572795529416115
6.000441968356505 -0.021162870427144046
6.0632738214283 -0.016530208106417508
6.126105674500097 -0.01184492115432515
6.188937527571893 -0.007122011254169001
6.2517693806436885 -0.0023765141771877217