0.031415926535897934 0.007257237892744724
0.0942477796076938 0.02174711139162089
0.15707963267948966 0.036163241866611934
0.21991148575128552 0.05045667948895614
0.2827433388230814 0.06457879064238813
0.34557519189487723 0.0784813803768126
0.4084070449666731 0.09211681107234428
0.47123889803846897 0.10543811656687582
0.5340707511102649 0.11839911123624333
0.5969026041820606 0.13095449378724008
0.6597344572538566 0.14305994582084688
0.7225663103256523 0.15467222553569968
0.7853981633974483 0.1657492572589981
0.8482300164692442 0.17625021780231168
0.91106186954104 0.1861356209314464
0.9738937226128359 0.19536740150116427
1.0367255756846319 0.20390900102580808
1.0995574287564276 0.21172545662496736
1.1623892818282235 0.21878349538896935
1.2252211349000193 0.2250516362427175
1.2880529879718152 0.23050030133967805
1.350884841043611 0.2351019388831675
1.413716694115407 0.23883115904347346
1.4765485471872026 0.24166488431234462
1.5393804002589986 0.2435825152087192
1.6022122533307945 0.24456611172147397
1.6650441064025903 0.24460059024983197
1.7278759594743862 0.24367393508690371
1.7907078125461822 0.2417774226980447
1.853539665617978 0.23890585618951396
1.9163715186897736 0.23505780646592245
1.9792033717615696 0.2302358556643401
2.0420352248333655 0.22444683756150094
2.104867077905162 0.21770206881625306
2.1676989309769574 0.21001756417456546
2.230530784048753 0.201414228174246
2.2933626371205493 0.19191801548722145
2.356194490192345 0.18156005187344382
2.4190263432641403 0.17037670783231543
2.4818581963359367 0.15840961745732446
2.5446900494077322 0.14570563574844353
2.607521902479528 0.13231672872155348
2.670353755551324 0.11829979206435814
2.7331856086231197 0.10371639579474784
2.796017461694916 0.08863245433155119
2.8588493147667116 0.07311782352157256
2.9216811678385075 0.05724582839668398
2.9845130209103035 0.04109272766410707
3.047344873982099 0.024737123058085692
3.1101767270538954 0.008259323597438783
3.173008580125691 -0.008259323597438783
3.2358404331974873 -0.024737123058085692
3.2986722862692828 -0.04109272766410707
3.3615041393410787 -0.05724582839668398
3.4243359924128747 -0.07311782352157256
3.48716784548467 -0.08863245433155119
3.549999698556466 -0.10371639579474756
3.612831551628262 -0.11829979206435814
3.675663404700058 -0.13231672872155348
3.7384952577718535 -0.1457056357484435
3.8013271108436495 -0.15840961745732446
3.8641589639154454 -0.17037670783231532
3.9269908169872414 -0.18156005187344382
3.989822670059038 -0.19191801548722173
4.052654523130833 -0.201414228174246
4.115486376202629 -0.21001756417456546
4.178318229274425 -0.21770206881625315
4.241150082346222 -0.22444683756150102
4.303981935418017 -0.2302358556643401
4.366813788489813 -0.23505780646592245
4.429645641561608 -0.2389058561895139
4.4924774946334045 -0.24177742269804461
4.5553093477052 -0.24367393508690371
4.618141200776996 -0.24460059024983197
4.680973053848792 -0.24456611172147388
4.743804906920587 -0.2435825152087192
4.806636759992383 -0.24166488431234465
4.869468613064179 -0.23883115904347346
4.932300466135976 -0.2351019388831675
4.995132319207771 -0.23050030133967805
5.057964172279567 -0.2250516362427176
5.120796025351362 -0.2187834953889694
5.183627878423159 -0.21172545662496736
5.246459731494955 -0.20390900102580786
5.3092915845667505 -0.19536740150116427
5.372123437638546 -0.1861356209314464
5.434955290710342 -0.17625021780231168
5.497787143782137 -0.16574925725899842
5.560618996853934 -0.1546722255356996
5.62345084992573 -0.14305994582084688
5.686282702997525 -0.13095449378724008
5.749114556069321 -0.11839911123624342
5.811946409141116 -0.10543811656687602
5.874778262212914 -0.09211681107234411
5.937610115284709 -0.0784813803768126
6.000441968356505 -0.06457879064238813
6.0632738214283 -0.050456679488956206
6.126105674500097 -0.036163241866611934
6.188937527571893 -0.02174711139162083
6.2517693806436885 -0.007257237892744724