0.031415926535897934 0.005074238611595434
0.0942477796076938 0.015206869490895548
0.15707963267948966 0.025291981520955475
0.21991148575128552 0.03529796270139354
0.2827433388230814 0.04519330174482479
0.34557519189487723 0.05494662813528607
0.4084070449666731 0.0645267520625684
0.47123889803846897 0.07390270434036866
0.5340707511102649 0.0830437765178998
0.5969026041820606 0.09191956151260089
0.6597344572538566 0.10049999522214037
0.7225663103256523 0.1087553997127418
0.7853981633974483 0.1166565287231168
0.8482300164692442 0.12417461636363192
0.91106186954104 0.13128143002287157
0.9738937226128359 0.1379493286122264
1.0367255756846319 0.14415132737677872
1.0995574287564276 0.14986117057052084
1.1623892818282235 0.1550534133284719
1.2252211349000193 0.1597035140600232
1.2880529879718152 0.16378793862932445
1.350884841043611 0.16728427747236643
1.413716694115407 0.1701713766197726
1.4765485471872026 0.17242948334314434
1.5393804002589986 0.17404040681637417
1.6022122533307945 0.17498769377869822
1.6650441064025903 0.1752568187028699
1.7278759594743862 0.1748353874122558
1.7907078125461822 0.17371335246115985
1.853539665617978 0.1718832379040092
1.9163715186897736 0.16934037034687607
1.9792033717615696 0.16608311242027424
2.0420352248333655 0.16211309406190122
2.104867077905162 0.15743543628400603
2.1676989309769574 0.1520589614590472
2.230530784048753 0.14599638362957773
2.2933626371205493 0.13926447197597927
2.356194490192345 0.1318841804005603
2.4190263432641403 0.12388073624726433
2.4818581963359367 0.11528368150518241
2.5446900494077322 0.10612686046411167
2.607521902479528 0.0964483487116634
2.670353755551324 0.0862903195785906
2.7331856086231197 0.07569884562923164
2.796017461694916 0.06472363451602778
2.8588493147667116 0.05341770041175289
2.9216811678385075 0.041836974225191496
2.9845130209103035 0.030039857807800257
3.047344873982099 0.01808672927512597
3.1101767270538954 0.006039408300628267
3.173008580125691 -0.006039408300628267
3.2358404331974873 -0.01808672927512597
3.2986722862692828 -0.030039857807800257
3.3615041393410787 -0.041836974225191496
3.4243359924128747 -0.05341770041175289
3.48716784548467 -0.06472363451602778
3.549999698556466 -0.07569884562923164
3.612831551628262 -0.0862903195785906
3.675663404700058 -0.0964483487116634
3.7384952577718535 -0.10612686046411171
3.8013271108436495 -0.11528368150518241
3.8641589639154454 -0.1238807362472642
3.9269908169872414 -0.1318841804005603
3.989822670059038 -0.13926447197597952
4.052654523130833 -0.14599638362957773
4.115486376202629 -0.1520589614590472
4.178318229274425 -0.15743543628400605
4.241150082346222 -0.16211309406190147
4.303981935418017 -0.16608311242027426
4.366813788489813 -0.16934037034687607
4.429645641561608 -0.1718832379040091
4.4924774946334045 -0.17371335246115985
4.5553093477052 -0.1748353874122558
4.618141200776996 -0.17525681870286997
4.680973053848792 -0.17498769377869822
4.743804906920587 -0.17404040681637417
4.806636759992383 -0.1724294833431444
4.869468613064179 -0.1701713766197726
4.932300466135976 -0.16728427747236638
4.995132319207771 -0.16378793862932445
5.057964172279567 -0.1597035140600233
5.120796025351362 -0.15505341332847208
5.183627878423159 -0.14986117057052084
5.246459731494955 -0.14415132737677858
5.3092915845667505 -0.1379493286122264
5.372123437638546 -0.13128143002287157
5.434955290710342 -0.12417461636363204
5.497787143782137 -0.11665652872311684
5.560618996853934 -0.1087553997127417
5.62345084992573 -0.10049999522214037
5.686282702997525 -0.09191956151260089
5.749114556069321 -0.08304377651789982
5.811946409141116 -0.07390270434036872
5.874778262212914 -0.06452675206256837
5.937610115284709 -0.05494662813528607
6.000441968356505 -0.04519330174482479
6.0632738214283 -0.03529796270139354
6.126105674500097 -0.025291981520955475
6.188937527571893 -0.015206869490895463
6.2517693806436885 -0.005074238611595434