0.031415926535897934 0.0055429341176397385
0.0942477796076938 0.016612770238529435
0.15707963267948966 0.027634517645216322
0.21991148575128552 0.03857614256319683
0.2827433388230814 0.04940564907102089
0.34557519189487723 0.06009109390062761
0.4084070449666731 0.0706006010307308
0.47123889803846897 0.08090237620242148
0.5340707511102649 0.09096472162209683
0.5969026041820606 0.10075605127708138
0.6597344572538566 0.11024490747035723
0.7225663103256523 0.11939997937847344
0.7853981633974483 0.12819012464602697
0.8482300164692442 0.13658439524549987
0.91106186954104 0.1445520690461929
0.9738937226128359 0.15206268874324425
1.0367255756846319 0.15908610998893755
1.0995574287564276 0.16559256073440687
1.1623892818282235 0.17155271392004257
1.2252211349000193 0.17693777573589317
1.2880529879718152 0.18171959169663768
1.350884841043611 0.18587077272579325
1.413716694115407 0.18936484330667408
1.4765485471872026 0.19217641351888914
1.5393804002589986 0.19428137642499743
1.6022122533307945 0.19565713178964622
1.6650441064025903 0.1962828364927995
1.7278759594743862 0.1961396812328286
1.7907078125461822 0.19521119220281216
1.853539665617978 0.1934835553697519
1.9163715186897736 0.19094595980555223
1.9792033717615696 0.18759095523483113
2.0420352248333655 0.18341481761384532
2.104867077905162 0.17841791518548686
2.1676989309769574 0.17260506612851198
2.230530784048753 0.1659858777076629
2.2933626371205493 0.1585750558173735
2.356194490192345 0.1503926730833865
2.4190263432641403 0.14146438333265787
2.4818581963359367 0.1318215703454079
2.5446900494077322 0.12150141943381669
2.607521902479528 0.11054690159803864
2.670353755551324 0.09900666181111328
2.7331856086231197 0.08693480536333369
2.796017461694916 0.07439057909657203
2.8588493147667116 0.06143794768083196
2.9216811678385075 0.04814506868981855
2.9845130209103035 0.034583673946903704
3.047344873982099 0.020828368241309923
3.1101767270538954 0.006955859850587268
3.173008580125691 -0.006955859850587268
3.2358404331974873 -0.020828368241309923
3.2986722862692828 -0.034583673946903704
3.3615041393410787 -0.04814506868981855
3.4243359924128747 -0.06143794768083196
3.48716784548467 -0.07439057909657203
3.549999698556466 -0.08693480536333371
3.612831551628262 -0.09900666181111328
3.675663404700058 -0.11054690159803864
3.7384952577718535 -0.12150141943381669
3.8013271108436495 -0.1318215703454079
3.8641589639154454 -0.14146438333265787
3.9269908169872414 -0.1503926730833865
3.989822670059038 -0.15857505581737352
4.052654523130833 -0.1659858777076629
4.115486376202629 -0.17260506612851198
4.178318229274425 -0.1784179151854869
4.241150082346222 -0.18341481761384537
4.303981935418017 -0.18759095523483107
4.366813788489813 -0.19094595980555223
4.429645641561608 -0.19348355536975193
4.4924774946334045 -0.1952111922028121
4.5553093477052 -0.1961396812328286
4.618141200776996 -0.1962828364927996
4.680973053848792 -0.19565713178964614
4.743804906920587 -0.1942813764249973
4.806636759992383 -0.19217641351888912
4.869468613064179 -0.18936484330667408
4.932300466135976 -0.1858707727257932
4.995132319207771 -0.18171959169663768
5.057964172279567 -0.17693777573589328
5.120796025351362 -0.17155271392004257
5.183627878423159 -0.16559256073440687
5.246459731494955 -0.1590861099889374
5.3092915845667505 -0.15206268874324425
5.372123437638546 -0.1445520690461929
5.434955290710342 -0.13658439524549992
5.497787143782137 -0.12819012464602714
5.560618996853934 -0.11939997937847338
5.62345084992573 -0.11024490747035723
5.686282702997525 -0.10075605127708138
5.749114556069321 -0.09096472162209694
5.811946409141116 -0.08090237620242181
5.874778262212914 -0.0706006010307308
5.937610115284709 -0.06009109390062761
6.000441968356505 -0.04940564907102089
6.0632738214283 -0.03857614256319701
6.126105674500097 -0.027634517645216322
6.188937527571893 -0.01661277023852943
6.2517693806436885 -0.0055429341176397385