0.031415926535897934 0.007948279679045548
0.0942477796076938 0.023807570687519878
0.15707963267948966 0.03955530367608512
0.21991148575128552 0.05511792726945026
0.2827433388230814 0.07042311132567958
0.34557519189487723 0.0854002161532622
0.4084070449666731 0.09998074284714753
0.47123889803846897 0.11409875990442553
0.5340707511102649 0.1276913016805917
0.5969026041820606 0.14069873471896355
0.6597344572538566 0.15306508851884962
0.7225663103256523 0.1647383478912421
0.7853981633974483 0.17567070467184023
0.8482300164692442 0.1858187672070771
0.91106186954104 0.19514372668610333
0.9738937226128359 0.203611480046858
1.0367255756846319 0.21119270982422714
1.0995574287564276 0.21786292192022963
1.1623892818282235 0.2236024428485724
1.2252211349000193 0.22839637852835248
1.2880529879718152 0.2322345371653449
1.350884841043611 0.23511131915699257
1.413716694115407 0.2370255772837003
1.4765485471872026 0.23798045070095933
1.5393804002589986 0.2379831764228547
1.6022122533307945 0.2370448820881637
1.6650441064025903 0.2351803638278668
1.7278759594743862 0.23240785301137912
1.7907078125461822 0.22874877554349743
1.853539665617978 0.2242275072213643
1.9163715186897736 0.2188711284479804
1.9792033717615696 0.21270918134381836
2.0420352248333655 0.2057734320090321
2.104867077905162 0.19809764037383007
2.1676989309769574 0.18971733974173688
2.230530784048753 0.18066962778725898
2.2933626371205493 0.17099297042290448
2.356194490192345 0.16072701960679714
2.4190263432641403 0.1499124458267879
2.4818581963359367 0.1385907856746066
2.5446900494077322 0.12680430461799758
2.607521902479528 0.11459587479287944
2.670353755551324 0.10200886737357664
2.7331856086231197 0.08908705883850171
2.796017461694916 0.0758745502322355
2.8588493147667116 0.06241569833306575
2.9216811678385075 0.04875505746766921
2.9845130209103035 0.03493733057139851
3.047344873982099 0.021007327973000096
3.1101767270538954 0.007009932285929904
3.173008580125691 -0.007009932285929904
3.2358404331974873 -0.021007327973000096
3.2986722862692828 -0.03493733057139851
3.3615041393410787 -0.04875505746766921
3.4243359924128747 -0.06241569833306575
3.48716784548467 -0.0758745502322355
3.549999698556466 -0.08908705883850157
3.612831551628262 -0.10200886737357664
3.675663404700058 -0.11459587479287944
3.7384952577718535 -0.12680430461799758
3.8013271108436495 -0.1385907856746066
3.8641589639154454 -0.14991244582678764
3.9269908169872414 -0.16072701960679714
3.989822670059038 -0.17099297042290465
4.052654523130833 -0.18066962778725898
4.115486376202629 -0.18971733974173688
4.178318229274425 -0.1980976403738302
4.241150082346222 -0.2057734320090321
4.303981935418017 -0.21270918134381853
4.366813788489813 -0.2188711284479804
4.429645641561608 -0.2242275072213642
4.4924774946334045 -0.22874877554349748
4.5553093477052 -0.23240785301137912
4.618141200776996 -0.2351803638278668
4.680973053848792 -0.23704488208816374
4.743804906920587 -0.2379831764228547
4.806636759992383 -0.23798045070095933
4.869468613064179 -0.2370255772837003
4.932300466135976 -0.23511131915699268
4.995132319207771 -0.23223453716534503
5.057964172279567 -0.22839637852835246
5.120796025351362 -0.2236024428485724
5.183627878423159 -0.21786292192022963
5.246459731494955 -0.21119270982422697
5.3092915845667505 -0.203611480046858
5.372123437638546 -0.19514372668610333
5.434955290710342 -0.1858187672070771
5.497787143782137 -0.17567070467184032
5.560618996853934 -0.16473834789124195
5.62345084992573 -0.15306508851884962
5.686282702997525 -0.14069873471896355
5.749114556069321 -0.12769130168059184
5.811946409141116 -0.11409875990442579
5.874778262212914 -0.0999807428471473
5.937610115284709 -0.0854002161532622
6.000441968356505 -0.07042311132567958
6.0632738214283 -0.055117927269450306
6.126105674500097 -0.03955530367608512
6.188937527571893 -0.023807570687519725
6.2517693806436885 -0.007948279679045548