0.031415926535897934 0.006284707107160103
0.0942477796076938 0.018831597680921127
0.15707963267948966 0.0313109816362397
0.21991148575128552 0.043678068686782416
0.2827433388230814 0.05588838898182185
0.34557519189487723 0.06789791981015669
0.4084070449666731 0.07966321091696206
0.47123889803846897 0.09114150815224187
0.5340707511102649 0.10229087524899366
0.5969026041820606 0.11307031361900288
0.6597344572538566 0.12343988015032988
0.7225663103256523 0.1333608030886132
0.7853981633974483 0.14279559617951387
0.8482300164692442 0.15170817133710818
0.91106186954104 0.16006395017787087
0.9738937226128359 0.16782997481733383
1.0367255756846319 0.17497501836206994
1.0995574287564276 0.1814696955393164
1.1623892818282235 0.18728657388682707
1.2252211349000193 0.19240028587370017
1.2880529879718152 0.19678764223705303
1.350884841043611 0.20042774669857222
1.413716694115407 0.20330211206932713
1.4765485471872026 0.20539477756214433
1.5393804002589986 0.20669242691095804
1.6022122533307945 0.20718450664989127
1.6650441064025903 0.20686334363678857
1.7278759594743862 0.20572426062337726
1.7907078125461822 0.20376568838534648
1.853539665617978 0.2009892726399222
1.9163715186897736 0.19739997370654788
1.9792033717615696 0.1930061566195405
2.0420352248333655 0.1878196691920854
2.104867077905162 0.18185590537084914
2.1676989309769574 0.17513385112165072
2.230530784048753 0.16767611006000369
2.2933626371205493 0.1595089060954412
2.356194490192345 0.15066206050270736
2.4190263432641403 0.14116894107090827
2.4818581963359367 0.13106638131496748
2.5446900494077322 0.12039456816000757
2.607521902479528 0.10919689702228277
2.670353755551324 0.09751979379961229
2.7331856086231197 0.08541250393539566
2.796017461694916 0.07292684941498179
2.8588493147667116 0.06011695526998118
2.9216811678385075 0.04703894788123615
2.9845130209103035 0.03375062805940514
3.047344873982099 0.020311122518072648
3.1101767270538954 0.0067805179135892995
3.173008580125691 -0.0067805179135892995
3.2358404331974873 -0.020311122518072648
3.2986722862692828 -0.03375062805940514
3.3615041393410787 -0.04703894788123615
3.4243359924128747 -0.06011695526998118
3.48716784548467 -0.07292684941498179
3.549999698556466 -0.08541250393539566
3.612831551628262 -0.09751979379961229
3.675663404700058 -0.10919689702228277
3.7384952577718535 -0.1203945681600074
3.8013271108436495 -0.13106638131496748
3.8641589639154454 -0.1411689410709082
3.9269908169872414 -0.15066206050270736
3.989822670059038 -0.1595089060954412
4.052654523130833 -0.16767611006000369
4.115486376202629 -0.17513385112165072
4.178318229274425 -0.1818559053708493
4.241150082346222 -0.1878196691920853
4.303981935418017 -0.19300615661954051
4.366813788489813 -0.19739997370654788
4.429645641561608 -0.2009892726399222
4.4924774946334045 -0.20376568838534656
4.5553093477052 -0.20572426062337726
4.618141200776996 -0.2068633436367886
4.680973053848792 -0.2071845066498913
4.743804906920587 -0.20669242691095796
4.806636759992383 -0.20539477756214425
4.869468613064179 -0.20330211206932713
4.932300466135976 -0.20042774669857213
4.995132319207771 -0.196787642237053
5.057964172279567 -0.19240028587370028
5.120796025351362 -0.18728657388682712
5.183627878423159 -0.1814696955393164
5.246459731494955 -0.1749750183620697
5.3092915845667505 -0.16782997481733383
5.372123437638546 -0.16006395017787087
5.434955290710342 -0.1517081713371081
5.497787143782137 -0.14279559617951404
5.560618996853934 -0.13336080308861314
5.62345084992573 -0.12343988015032988
5.686282702997525 -0.11307031361900288
5.749114556069321 -0.10229087524899376
5.811946409141116 -0.09114150815224195
5.874778262212914 -0.07966321091696203
5.937610115284709 -0.06789791981015669
6.000441968356505 -0.05588838898182185
6.0632738214283 -0.043678068686782576
6.126105674500097 -0.0313109816362397
6.188937527571893 -0.018831597680921127
6.2517693806436885 -0.006284707107160103