0.031415926535897934 0.004016133991859169
0.0942477796076938 0.012034296783062134
0.15707963267948966 0.02001017980386467
0.21991148575128552 0.02791571583704966
0.2827433388230814 0.03572301640251286
0.34557519189487723 0.04340444285577463
0.4084070449666731 0.050932677132689
0.47123889803846897 0.058280792097865596
0.5340707511102649 0.06542232149456345
0.5969026041820606 0.07233132953899613
0.6597344572538566 0.07898248024988433
0.7225663103256523 0.08535110665220849
0.7853981633974483 0.09141328003975666
0.8482300164692442 0.09714587952144826
0.91106186954104 0.10252666210866873
0.9738937226128359 0.10753433362217485
1.0367255756846319 0.11214862070484398
1.0995574287564276 0.11635034421812851
1.1623892818282235 0.1201214942734066
1.2252211349000193 0.12344530710264516
1.2880529879718152 0.12630634390464604
1.350884841043611 0.12869057171287482
1.413716694115407 0.1305854462184185
1.4765485471872026 0.13197999634768745
1.5393804002589986 0.1328649102406029
1.6022122533307945 0.13323262210364115
1.6650441064025903 0.13307739922667092
1.7278759594743862 0.13239542825740955
1.7907078125461822 0.1311848996279464
1.853539665617978 0.12944608883045877
1.9163715186897736 0.12718143305117027
1.9792033717615696 0.12439560150062695
2.0420352248333655 0.12109555763285074
2.104867077905162 0.1172906113344292
2.1676989309769574 0.11299245909550712
2.230530784048753 0.10821521015587521
2.2933626371205493 0.10297539665780384
2.356194490192345 0.0972919659384629
2.4190263432641403 0.09118625326235624
2.4818581963359367 0.08468193352951023
2.5446900494077322 0.07780495079693843
2.607521902479528 0.07058342481495226
2.670353755551324 0.06304753419902887
2.7331856086231197 0.05522937632200216
2.796017461694916 0.04716280450737771
2.8588493147667116 0.03888324361727827
2.9216811678385075 0.0304274856408055
2.9845130209103035 0.021833467382295337
3.047344873982099 0.013140032805648344
3.1101767270538954 0.0043866829929631364
3.173008580125691 -0.0043866829929631364
3.2358404331974873 -0.013140032805648344
3.2986722862692828 -0.021833467382295337
3.3615041393410787 -0.0304274856408055
3.4243359924128747 -0.03888324361727827
3.48716784548467 -0.04716280450737771
3.549999698556466 -0.055229376322002054
3.612831551628262 -0.06304753419902887
3.675663404700058 -0.07058342481495226
3.7384952577718535 -0.07780495079693844
3.8013271108436495 -0.08468193352951023
3.8641589639154454 -0.09118625326235624
3.9269908169872414 -0.0972919659384629
3.989822670059038 -0.10297539665780392
4.052654523130833 -0.10821521015587521
4.115486376202629 -0.11299245909550712
4.178318229274425 -0.11729061133442928
4.241150082346222 -0.12109555763285082
4.303981935418017 -0.12439560150062695
4.366813788489813 -0.12718143305117027
4.429645641561608 -0.12944608883045863
4.4924774946334045 -0.13118489962794636
4.5553093477052 -0.13239542825740955
4.618141200776996 -0.13307739922667083
4.680973053848792 -0.13323262210364112
4.743804906920587 -0.13286491024060287
4.806636759992383 -0.13197999634768745
4.869468613064179 -0.1305854462184185
4.932300466135976 -0.12869057171287476
4.995132319207771 -0.126306343904646
5.057964172279567 -0.12344530710264516
5.120796025351362 -0.12012149427340667
5.183627878423159 -0.11635034421812851
5.246459731494955 -0.1121486207048439
5.3092915845667505 -0.10753433362217485
5.372123437638546 -0.10252666210866873
5.434955290710342 -0.09714587952144835
5.497787143782137 -0.09141328003975668
5.560618996853934 -0.08535110665220856
5.62345084992573 -0.07898248024988433
5.686282702997525 -0.07233132953899613
5.749114556069321 -0.06542232149456348
5.811946409141116 -0.05828079209786555
5.874778262212914 -0.05093267713268889
5.937610115284709 -0.04340444285577463
6.000441968356505 -0.03572301640251286
6.0632738214283 -0.027915715837049673
6.126105674500097 -0.02001017980386467
6.188937527571893 -0.012034296783062129
6.2517693806436885 -0.004016133991859169