0.031415926535897934 0.00614188331376041
0.0942477796076938 0.01840814134992508
0.15707963267948966 0.03062188174326511
0.21991148575128552 0.04274811966573786
0.2827433388230814 0.05475191011456508
0.34557519189487723 0.06659836276501158
0.4084070449666731 0.07825265591632907
0.47123889803846897 0.08968004951174736
0.5340707511102649 0.10084589738714529
0.5969026041820606 0.1117156591085051
0.6597344572538566 0.12225491199136328
0.7225663103256523 0.13242936415139236
0.7853981633974483 0.14220486970836962
0.8482300164692442 0.1515474475497167
0.91106186954104 0.16042330534714724
0.9738937226128359 0.16879887080243888
1.0367255756846319 0.17664083236639172
1.0995574287564276 0.18391619191788694
1.1623892818282235 0.19059233209534684
1.2252211349000193 0.1966371011270594
1.2880529879718152 0.20201891809438408
1.350884841043611 0.2067069015658913
1.413716694115407 0.2106710244427713
1.4765485471872026 0.21388229763718236
1.5393804002589986 0.21631298484615766
1.6022122533307945 0.21793685016547973
1.6650441064025903 0.2187294395937715
1.7278759594743862 0.2186683965938615
1.7907078125461822 0.21773381079881746
1.853539665617978 0.21590859767457818
1.9163715186897736 0.21317890549102156
1.9792033717615696 0.2095345443329843
2.0420352248333655 0.20496943014197755
2.104867077905162 0.19948203497523728
2.1676989309769574 0.19307583287649976
2.230530784048753 0.18575972906532698
2.2933626371205493 0.17754845867722477
2.356194490192345 0.1684629401445935
2.4190263432641403 0.15853056762285378
2.4818581963359367 0.14778542675697787
2.5446900494077322 0.13626841865670836
2.607521902479528 0.12402727828341524
2.670353755551324 0.11111647558935764
2.7331856086231197 0.09759699068418705
2.796017461694916 0.08353595797065344
2.8588493147667116 0.06900617846849588
2.9216811678385075 0.05408550425085637
2.9845130209103035 0.038856103819217565
3.047344873982099 0.02340362207195778
3.1101767270538954 0.007816252991847187
3.173008580125691 -0.007816252991847187
3.2358404331974873 -0.02340362207195778
3.2986722862692828 -0.038856103819217565
3.3615041393410787 -0.05408550425085637
3.4243359924128747 -0.06900617846849588
3.48716784548467 -0.08353595797065344
3.549999698556466 -0.09759699068418688
3.612831551628262 -0.11111647558935764
3.675663404700058 -0.12402727828341524
3.7384952577718535 -0.13626841865670827
3.8013271108436495 -0.14778542675697787
3.8641589639154454 -0.1585305676228537
3.9269908169872414 -0.1684629401445935
3.989822670059038 -0.17754845867722513
4.052654523130833 -0.18575972906532698
4.115486376202629 -0.19307583287649976
4.178318229274425 -0.19948203497523725
4.241150082346222 -0.20496943014197772
4.303981935418017 -0.20953454433298438
4.366813788489813 -0.21317890549102156
4.429645641561608 -0.21590859767457812
4.4924774946334045 -0.21773381079881746
4.5553093477052 -0.2186683965938615
4.618141200776996 -0.2187294395937715
4.680973053848792 -0.21793685016547973
4.743804906920587 -0.21631298484615766
4.806636759992383 -0.21388229763718244
4.869468613064179 -0.2106710244427713
4.932300466135976 -0.20670690156589125
4.995132319207771 -0.20201891809438413
5.057964172279567 -0.1966371011270594
5.120796025351362 -0.19059233209534676
5.183627878423159 -0.18391619191788694
5.246459731494955 -0.17664083236639178
5.3092915845667505 -0.16879887080243888
5.372123437638546 -0.16042330534714724
5.434955290710342 -0.1515474475497167
5.497787143782137 -0.14220486970836985
5.560618996853934 -0.13242936415139236
5.62345084992573 -0.12225491199136328
5.686282702997525 -0.1117156591085051
5.749114556069321 -0.10084589738714542
5.811946409141116 -0.08968004951174754
5.874778262212914 -0.07825265591632898
5.937610115284709 -0.06659836276501158
6.000441968356505 -0.05475191011456508
6.0632738214283 -0.04274811966573786
6.126105674500097 -0.03062188174326511
6.188937527571893 -0.01840814134992508
6.2517693806436885 -0.00614188331376041