0.031415926535897934 0.00953771839924309
0.0942477796076938 0.028511911963775435
0.15707963267948966 0.047184735920236004
0.21991148575128552 0.06536304655597039
0.2827433388230814 0.08286501855304791
0.34557519189487723 0.0995240222546387
0.4084070449666731 0.11519189853692284
0.47123889803846897 0.12974152295147715
0.5340707511102649 0.14306859146379408
0.5969026041820606 0.15509260271209327
0.6597344572538566 0.16575705310679187
0.7225663103256523 0.17502889842952168
0.7853981633974483 0.18289736655413308
0.8482300164692442 0.18937222890378638
0.91106186954104 0.19448165249278918
0.9738937226128359 0.19826975990017548
1.0367255756846319 0.20079402201698077
1.0995574287564276 0.2021225991838658
1.1623892818282235 0.2023317320231029
1.2252211349000193 0.2015032656434721
1.2880529879718152 0.19972237168567877
1.350884841043611 0.19707551341058938
1.413716694115407 0.19364868094878143
1.4765485471872026 0.1895259078207822
1.5393804002589986 0.18478806645149196
1.6022122533307945 0.1795119298765373
1.6650441064025903 0.1737694791531515
1.7278759594743862 0.16762743093333346
1.7907078125461822 0.16114695689736377
1.853539665617978 0.1543835658804815
1.9163715186897736 0.1473871201366054
1.9792033717615696 0.14020195887085363
2.0420352248333655 0.13286710457989306
2.104867077905162 0.1254165305636151
2.1676989309769574 0.11787947097088065
2.230530784048753 0.11028075773197307
2.2933626371205493 0.10264117157962717
2.356194490192345 0.09497779698294395
2.4190263432641403 0.08730437316478055
2.4818581963359367 0.07963163542237826
2.5446900494077322 0.07196764272307575
2.607521902479528 0.06431808901639273
2.670353755551324 0.056686596914202636
2.7331856086231197 0.04907499337081349
2.796017461694916 0.04148356777516626
2.8588493147667116 0.03391131347838832
2.9216811678385075 0.02635615425016987
2.9845130209103035 0.018815157512720615
3.047344873982099 0.011284736463975943
3.1101767270538954 0.0037608433913068435
3.173008580125691 -0.0037608433913068435
3.2358404331974873 -0.011284736463975943
3.2986722862692828 -0.018815157512720615
3.3615041393410787 -0.02635615425016987
3.4243359924128747 -0.03391131347838832
3.48716784548467 -0.04148356777516626
3.549999698556466 -0.04907499337081344
3.612831551628262 -0.056686596914202636
3.675663404700058 -0.06431808901639273
3.7384952577718535 -0.07196764272307575
3.8013271108436495 -0.07963163542237826
3.8641589639154454 -0.08730437316478061
3.9269908169872414 -0.09497779698294395
3.989822670059038 -0.10264117157962716
4.052654523130833 -0.11028075773197307
4.115486376202629 -0.11787947097088065
4.178318229274425 -0.12541653056361515
4.241150082346222 -0.1328671045798933
4.303981935418017 -0.14020195887085363
4.366813788489813 -0.1473871201366054
4.429645641561608 -0.1543835658804815
4.4924774946334045 -0.16114695689736377
4.5553093477052 -0.16762743093333346
4.618141200776996 -0.17376947915315155
4.680973053848792 -0.1795119298765373
4.743804906920587 -0.18478806645149196
4.806636759992383 -0.1895259078207821
4.869468613064179 -0.19364868094878143
4.932300466135976 -0.19707551341058938
4.995132319207771 -0.19972237168567877
5.057964172279567 -0.20150326564347218
5.120796025351362 -0.20233173202310298
5.183627878423159 -0.2021225991838658
5.246459731494955 -0.20079402201698074
5.3092915845667505 -0.19826975990017548
5.372123437638546 -0.19448165249278918
5.434955290710342 -0.18937222890378624
5.497787143782137 -0.18289736655413316
5.560618996853934 -0.1750288984295217
5.62345084992573 -0.16575705310679187
5.686282702997525 -0.15509260271209327
5.749114556069321 -0.14306859146379436
5.811946409141116 -0.12974152295147737
5.874778262212914 -0.11519189853692284
5.937610115284709 -0.0995240222546387
6.000441968356505 -0.08286501855304791
6.0632738214283 -0.06536304655597067
6.126105674500097 -0.047184735920236004
6.188937527571893 -0.028511911963775328
6.2517693806436885 -0.00953771839924309