0.031415926535897934 0.008294323716299016
0.0942477796076938 0.024840305960378388
0.15707963267948966 0.04125862342971367
0.21991148575128552 0.05746526506927139
0.2827433388230814 0.07337785460778569
0.34557519189487723 0.08891627778553224
0.4084070449666731 0.10400328320851637
0.47123889803846897 0.11856504975469556
0.5340707511102649 0.13253171382740067
0.5969026041820606 0.14583785022466106
0.6597344572538566 0.15842290097791603
0.7225663103256523 0.1702315472136047
0.7853981633974483 0.18121401990574906
0.8482300164692442 0.191326346310582
0.91106186954104 0.2005305298928842
0.9738937226128359 0.2087946626489618
1.0367255756846319 0.2160929698781409
1.0995574287564276 0.22240578862335786
1.1623892818282235 0.2277194821584711
1.2252211349000193 0.23202629401020716
1.2880529879718152 0.23532414603137536
1.350884841043611 0.23761638595661194
1.413716694115407 0.2389114906441357
1.4765485471872026 0.23922273181420511
1.5393804002589986 0.23856781152151807
1.6022122533307945 0.23696847483666758
1.6650441064025903 0.23445010726071502
1.7278759594743862 0.23104132426423835
1.7907078125461822 0.22677356004184435
1.853539665617978 0.22168066212466853
1.9163715186897736 0.21579849792068062
1.9792033717615696 0.209164578582221
2.0420352248333655 0.2018177048599303
2.104867077905162 0.19379763881969897
2.1676989309769574 0.18514480450061485
2.230530784048753 0.17590001980077996
2.2933626371205493 0.16610426111472001
2.356194490192345 0.15579846152757912
2.4190263432641403 0.1450233427100572
2.4818581963359367 0.13381928006282703
2.5446900494077322 0.12222620013489689
2.607521902479528 0.11028350888859771
2.670353755551324 0.09803004900319684
2.7331856086231197 0.08550408409576582
2.796017461694916 0.07274330748626988
2.8588493147667116 0.059784872937031636
2.9216811678385075 0.04666544464717054
2.9845130209103035 0.03342126367253275
3.047344873982099 0.020088227863380475
3.1101767270538954 0.0067019823587049455
3.173008580125691 -0.0067019823587049455
3.2358404331974873 -0.020088227863380475
3.2986722862692828 -0.03342126367253275
3.3615041393410787 -0.04666544464717054
3.4243359924128747 -0.059784872937031636
3.48716784548467 -0.07274330748626988
3.549999698556466 -0.08550408409576574
3.612831551628262 -0.09803004900319684
3.675663404700058 -0.11028350888859771
3.7384952577718535 -0.12222620013489677
3.8013271108436495 -0.13381928006282703
3.8641589639154454 -0.14502334271005718
3.9269908169872414 -0.15579846152757912
3.989822670059038 -0.16610426111472007
4.052654523130833 -0.17590001980077996
4.115486376202629 -0.18514480450061485
4.178318229274425 -0.19379763881969905
4.241150082346222 -0.20181770485993042
4.303981935418017 -0.20916457858222107
4.366813788489813 -0.21579849792068062
4.429645641561608 -0.22168066212466842
4.4924774946334045 -0.22677356004184435
4.5553093477052 -0.23104132426423835
4.618141200776996 -0.23445010726071502
4.680973053848792 -0.23696847483666747
4.743804906920587 -0.23856781152151788
4.806636759992383 -0.23922273181420523
4.869468613064179 -0.2389114906441357
4.932300466135976 -0.23761638595661183
4.995132319207771 -0.23532414603137541
5.057964172279567 -0.23202629401020716
5.120796025351362 -0.2277194821584711
5.183627878423159 -0.22240578862335786
5.246459731494955 -0.21609296987814078
5.3092915845667505 -0.2087946626489618
5.372123437638546 -0.2005305298928842
5.434955290710342 -0.1913263463105819
5.497787143782137 -0.18121401990574917
5.560618996853934 -0.1702315472136048
5.62345084992573 -0.15842290097791603
5.686282702997525 -0.14583785022466106
5.749114556069321 -0.1325317138274008
5.811946409141116 -0.11856504975469577
5.874778262212914 -0.10400328320851629
5.937610115284709 -0.08891627778553224
6.000441968356505 -0.07337785460778569
6.0632738214283 -0.057465265069271534
6.126105674500097 -0.04125862342971367
6.188937527571893 -0.02484030596037838
6.2517693806436885 -0.008294323716299016