0.031415926535897934 0.008257158110769562
0.0942477796076938 0.024633548375853336
0.15707963267948966 0.04060189252456819
0.21991148575128552 0.05590880850717819
0.2827433388230814 0.07032734684548626
0.34557519189487723 0.08366468563380415
0.4084070449666731 0.09576738196809184
0.47123889803846897 0.10652401224333508
0.5340707511102649 0.11586529882215618
0.5969026041820606 0.123762037635776
0.6597344572538566 0.1302212879633532
0.7225663103256523 0.13528135539016303
0.7853981633974483 0.13900609879953826
0.8482300164692442 0.14147903823311472
0.91106186954104 0.14279765237346753
0.9738937226128359 0.14306815143875126
1.0367255756846319 0.14240090905162184
1.0995574287564276 0.14090664592343158
1.1623892818282235 0.13869338490246538
1.2252211349000193 0.1358641429703814
1.2880529879718152 0.13251529017479732
1.350884841043611 0.12873548560473003
1.413716694115407 0.12460509296326905
1.4765485471872026 0.12019597963343895
1.5393804002589986 0.11557161030034462
1.6022122533307945 0.11078735668232165
1.6650441064025903 0.10589095684486899
1.7278759594743862 0.10092306959880787
1.7907078125461822 0.09591788076812333
1.853539665617978 0.09090372817176129
1.9163715186897736 0.08590372078378461
1.9792033717615696 0.08093633468617151
2.0420352248333655 0.07601597419044548
2.104867077905162 0.07115349102380168
2.1676989309769574 0.06635665792570063
2.230530784048753 0.061630595559703835
2.2933626371205493 0.05697815348050747
2.356194490192345 0.05240024715799809
2.4190263432641403 0.04789615387836857
2.4818581963359367 0.04346377082530961
2.5446900494077322 0.03909983888064243
2.607521902479528 0.03480013574431431
2.670353755551324 0.030559641914071248
2.7331856086231197 0.026372682928268963
2.796017461694916 0.022233051093736977
2.8588493147667116 0.01813410971867063
2.9216811678385075 0.014068882666015322
2.9845130209103035 0.010030131848541683
3.047344873982099 0.0060104251118839975
3.1101767270538954 0.0020021968024485867
3.173008580125691 -0.0020021968024485867
3.2358404331974873 -0.0060104251118839975
3.2986722862692828 -0.010030131848541683
3.3615041393410787 -0.014068882666015322
3.4243359924128747 -0.01813410971867063
3.48716784548467 -0.022233051093736977
3.549999698556466 -0.026372682928268963
3.612831551628262 -0.030559641914071248
3.675663404700058 -0.03480013574431431
3.7384952577718535 -0.03909983888064243
3.8013271108436495 -0.04346377082530961
3.8641589639154454 -0.04789615387836857
3.9269908169872414 -0.05240024715799809
3.989822670059038 -0.05697815348050755
4.052654523130833 -0.061630595559703835
4.115486376202629 -0.06635665792570063
4.178318229274425 -0.07115349102380175
4.241150082346222 -0.07601597419044546
4.303981935418017 -0.08093633468617165
4.366813788489813 -0.08590372078378461
4.429645641561608 -0.09090372817176136
4.4924774946334045 -0.09591788076812333
4.5553093477052 -0.10092306959880787
4.618141200776996 -0.10589095684486899
4.680973053848792 -0.11078735668232172
4.743804906920587 -0.11557161030034455
4.806636759992383 -0.12019597963343895
4.869468613064179 -0.12460509296326905
4.932300466135976 -0.12873548560472994
4.995132319207771 -0.13251529017479724
5.057964172279567 -0.13586414297038135
5.120796025351362 -0.13869338490246538
5.183627878423159 -0.14090664592343158
5.246459731494955 -0.14240090905162178
5.3092915845667505 -0.14306815143875126
5.372123437638546 -0.14279765237346753
5.434955290710342 -0.14147903823311472
5.497787143782137 -0.1390060987995383
5.560618996853934 -0.13528135539016303
5.62345084992573 -0.1302212879633532
5.686282702997525 -0.123762037635776
5.749114556069321 -0.11586529882215627
5.811946409141116 -0.10652401224333519
5.874778262212914 -0.09576738196809166
5.937610115284709 -0.08366468563380415
6.000441968356505 -0.07032734684548626
6.0632738214283 -0.0559088085071783
6.126105674500097 -0.04060189252456819
6.188937527571893 -0.02463354837585322
6.2517693806436885 -0.008257158110769562