0.031415926535897934 0.009176728533347835
0.0942477796076938 0.027482228820762282
0.15707963267948966 0.045644250298132544
0.21991148575128552 0.06356844031473927
0.2827433388230814 0.08116237792466893
0.34557519189487723 0.09833631060748309
0.4084070449666731 0.11500385571955404
0.47123889803846897 0.13108265758385168
0.5340707511102649 0.1464949918565892
0.5969026041820606 0.16116830969061072
0.6597344572538566 0.17503571523758998
0.7225663103256523 0.18803637117964556
0.7853981633974483 0.20011582823691512
0.8482300164692442 0.21122627593724028
0.91106186954104 0.22132671332912038
0.9738937226128359 0.23038303973743735
1.0367255756846319 0.23836806706818695
1.0995574287564276 0.24526145652733564
1.1623892818282235 0.25104958389384463
1.2252211349000193 0.2557253386437654
1.2880529879718152 0.25928786323063
1.350884841043611 0.2617422396618141
1.413716694115407 0.263099131152235
1.4765485471872026 0.26337438707398325
1.5393804002589986 0.2625886196492892
1.6022122533307945 0.260766760858189
1.6650441064025903 0.2579376078621781
1.7278759594743862 0.2541333648980416
1.7907078125461822 0.24938918909413588
1.853539665617978 0.24374274703062235
1.9163715186897736 0.23723378813378387
1.9792033717615696 0.22990374019178952
2.0420352248333655 0.2217953314337392
2.104867077905162 0.21295224275259966
2.1676989309769574 0.2034187928000887
2.230530784048753 0.193239657858759
2.2933626371205493 0.18245962762072565
2.356194490192345 0.17112339728690928
2.4190263432641403 0.159275395754569
2.4818581963359367 0.1469596490897086
2.5446900494077322 0.13421967798662013
2.607521902479528 0.12109842749832803
2.670353755551324 0.10763822697550392
2.7331856086231197 0.09388077787202347
2.796017461694916 0.07986716685587485
2.8588493147667116 0.06563790149683721
2.9216811678385075 0.05123296567906041
2.9845130209103035 0.03669189179929931
3.047344873982099 0.022053846752320656
3.1101767270538954 0.007357728666928791
3.173008580125691 -0.007357728666928791
3.2358404331974873 -0.022053846752320656
3.2986722862692828 -0.03669189179929931
3.3615041393410787 -0.05123296567906041
3.4243359924128747 -0.06563790149683721
3.48716784548467 -0.07986716685587485
3.549999698556466 -0.09388077787202334
3.612831551628262 -0.10763822697550392
3.675663404700058 -0.12109842749832803
3.7384952577718535 -0.13421967798662007
3.8013271108436495 -0.1469596490897086
3.8641589639154454 -0.15927539575456895
3.9269908169872414 -0.17112339728690928
3.989822670059038 -0.18245962762072576
4.052654523130833 -0.193239657858759
4.115486376202629 -0.2034187928000887
4.178318229274425 -0.21295224275259972
4.241150082346222 -0.22179533143373928
4.303981935418017 -0.22990374019178958
4.366813788489813 -0.23723378813378387
4.429645641561608 -0.24374274703062215
4.4924774946334045 -0.24938918909413596
4.5553093477052 -0.2541333648980416
4.618141200776996 -0.2579376078621781
4.680973053848792 -0.260766760858189
4.743804906920587 -0.2625886196492892
4.806636759992383 -0.2633743870739832
4.869468613064179 -0.263099131152235
4.932300466135976 -0.2617422396618141
4.995132319207771 -0.25928786323063013
5.057964172279567 -0.2557253386437654
5.120796025351362 -0.25104958389384474
5.183627878423159 -0.24526145652733564
5.246459731494955 -0.23836806706818692
5.3092915845667505 -0.23038303973743735
5.372123437638546 -0.22132671332912038
5.434955290710342 -0.21122627593724033
5.497787143782137 -0.2001158282369154
5.560618996853934 -0.18803637117964545
5.62345084992573 -0.17503571523758998
5.686282702997525 -0.16116830969061072
5.749114556069321 -0.14649499185658924
5.811946409141116 -0.1310826575838519
5.874778262212914 -0.11500385571955392
5.937610115284709 -0.09833631060748309
6.000441968356505 -0.08116237792466893
6.0632738214283 -0.06356844031473936
6.126105674500097 -0.045644250298132544
6.188937527571893 -0.027482228820762112
6.2517693806436885 -0.009176728533347835