0.031415926535897934 0.006752241223332061
0.0942477796076938 0.020229856415234275
0.15707963267948966 0.03362698656907941
0.21991148575128552 0.04689036319141674
0.2827433388230814 0.05996729699557259
0.34557519189487723 0.07280590347288009
0.4084070449666731 0.08535532251485396
0.47123889803846897 0.09756593061202778
0.5340707511102649 0.10938954431304104
0.5969026041820606 0.12077961380864959
0.6597344572538566 0.13169140570330526
0.7225663103256523 0.14208217424501654
0.7853981633974483 0.15191132049534428
0.8482300164692442 0.16114053912863702
0.91106186954104 0.16973395274634773
0.9738937226128359 0.17765823377240686
1.0367255756846319 0.18488271415382687
1.0995574287564276 0.1913794832225854
1.1623892818282235 0.1971234741770585
1.2252211349000193 0.20209253971159066
1.2880529879718152 0.2062675173602411
1.350884841043611 0.20963228512542045
1.413716694115407 0.21217380793536417
1.4765485471872026 0.21388217541852855
1.5393804002589986 0.21475063140137107
1.6022122533307945 0.21477559543280364
1.6650441064025903 0.2139566765187544
1.7278759594743862 0.21229667911921804
1.7907078125461822 0.209801601323748
1.853539665617978 0.20648062498558736
1.9163715186897736 0.20234609746564677
1.9792033717615696 0.19741350452121165
2.0420352248333655 0.19170143377620688
2.104867077905162 0.18523152813509747
2.1676989309769574 0.1780284284554512
2.230530784048753 0.17011970477832916
2.2933626371205493 0.16153577543353
2.356194490192345 0.1523098133896819
2.4190263432641403 0.14247763930746762
2.4818581963359367 0.13207760087677894
2.5446900494077322 0.12115043817300572
2.607521902479528 0.1097391349503639
2.670353755551324 0.09788875599638788
2.7331856086231197 0.08564627089566625
2.796017461694916 0.07306036478591015
2.8588493147667116 0.06018123692823294
2.9216811678385075 0.04706038814838176
2.9845130209103035 0.033750398428870704
3.047344873982099 0.020304696135932356
3.1101767270538954 0.0067773205429244
3.173008580125691 -0.0067773205429244
3.2358404331974873 -0.020304696135932356
3.2986722862692828 -0.033750398428870704
3.3615041393410787 -0.04706038814838176
3.4243359924128747 -0.06018123692823294
3.48716784548467 -0.07306036478591015
3.549999698556466 -0.08564627089566625
3.612831551628262 -0.09788875599638788
3.675663404700058 -0.1097391349503639
3.7384952577718535 -0.12115043817300572
3.8013271108436495 -0.13207760087677894
3.8641589639154454 -0.14247763930746757
3.9269908169872414 -0.1523098133896819
3.989822670059038 -0.16153577543353012
4.052654523130833 -0.17011970477832916
4.115486376202629 -0.1780284284554512
4.178318229274425 -0.1852315281350976
4.241150082346222 -0.19170143377620702
4.303981935418017 -0.19741350452121162
4.366813788489813 -0.20234609746564677
4.429645641561608 -0.20648062498558736
4.4924774946334045 -0.20980160132374812
4.5553093477052 -0.21229667911921804
4.618141200776996 -0.21395667651875447
4.680973053848792 -0.21477559543280372
4.743804906920587 -0.21475063140137107
4.806636759992383 -0.21388217541852858
4.869468613064179 -0.21217380793536417
4.932300466135976 -0.20963228512542043
4.995132319207771 -0.2062675173602411
5.057964172279567 -0.20209253971159072
5.120796025351362 -0.19712347417705867
5.183627878423159 -0.1913794832225854
5.246459731494955 -0.1848827141538268
5.3092915845667505 -0.17765823377240686
5.372123437638546 -0.16973395274634773
5.434955290710342 -0.16114053912863702
5.497787143782137 -0.15191132049534445
5.560618996853934 -0.14208217424501648
5.62345084992573 -0.13169140570330526
5.686282702997525 -0.12077961380864959
5.749114556069321 -0.10938954431304113
5.811946409141116 -0.097565930612028
5.874778262212914 -0.08535532251485396
5.937610115284709 -0.07280590347288009
6.000441968356505 -0.05996729699557259
6.0632738214283 -0.0468903631914169
6.126105674500097 -0.03362698656907941
6.188937527571893 -0.02022985641523414
6.2517693806436885 -0.006752241223332061