0.031415926535897934 0.005720484989063563
0.0942477796076938 0.017109229265715436
0.15707963267948966 0.02834232984368561
0.21991148575128552 0.03931943155917553
0.2827433388230814 0.049945161447563446
0.34557519189487723 0.06013087147416897
0.4084070449666731 0.06979614770279136
0.47123889803846897 0.07887004142447564
0.5340707511102649 0.08729199209626763
0.5969026041820606 0.09501242711919691
0.6597344572538566 0.10199303848718835
0.7225663103256523 0.10820675022102773
0.7853981633974483 0.11363740248200595
0.8482300164692442 0.11827918777021133
0.91106186954104 0.12213588132463385
0.9738937226128359 0.125219911668769
1.0367255756846319 0.12755131831627434
1.0995574287564276 0.12915664227344567
1.1623892818282235 0.13006779158150736
1.2252211349000193 0.1303209192354819
1.2880529879718152 0.12995534492004995
1.350884841043611 0.129012545613267
1.413716694115407 0.12753523366429198
1.4765485471872026 0.12556653480904179
1.5393804002589986 0.12314927301514624
1.6022122533307945 0.12032536422153432
1.6650441064025903 0.11713531705216013
1.7278759594743862 0.11361783546102647
1.7907078125461822 0.10980951597454802
1.853539665617978 0.10574463066533235
1.9163715186897736 0.10145498612135119
1.9792033717615696 0.09696984835637597
2.0420352248333655 0.0923159237291729
2.104867077905162 0.08751738639317137
2.1676989309769574 0.08259594348813916
2.230530784048753 0.07757093012701488
2.2933626371205493 0.07245942715491205
2.356194490192345 0.0672763956081945
2.4190263432641403 0.06203482273743109
2.4818581963359367 0.0567458753487939
2.5446900494077322 0.05141905704386821
2.607521902479528 0.04606236668588082
2.670353755551324 0.040682456085363035
2.7331856086231197 0.03528478547943747
2.796017461694916 0.02987377587876165
2.8588493147667116 0.02445295777949731
2.9216811678385075 0.019025116090529214
2.9845130209103035 0.013592431415156479
3.047344873982099 0.008156618058142632
3.1101767270538954 0.0027190593094567725
3.173008580125691 -0.0027190593094567725
3.2358404331974873 -0.008156618058142632
3.2986722862692828 -0.013592431415156479
3.3615041393410787 -0.019025116090529214
3.4243359924128747 -0.02445295777949731
3.48716784548467 -0.02987377587876165
3.549999698556466 -0.03528478547943738
3.612831551628262 -0.040682456085363035
3.675663404700058 -0.04606236668588082
3.7384952577718535 -0.05141905704386812
3.8013271108436495 -0.0567458753487939
3.8641589639154454 -0.06203482273743109
3.9269908169872414 -0.0672763956081945
3.989822670059038 -0.07245942715491213
4.052654523130833 -0.07757093012701488
4.115486376202629 -0.08259594348813916
4.178318229274425 -0.08751738639317136
4.241150082346222 -0.09231592372917317
4.303981935418017 -0.09696984835637615
4.366813788489813 -0.10145498612135119
4.429645641561608 -0.10574463066533228
4.4924774946334045 -0.10980951597454802
4.5553093477052 -0.11361783546102647
4.618141200776996 -0.1171353170521603
4.680973053848792 -0.12032536422153432
4.743804906920587 -0.12314927301514612
4.806636759992383 -0.12556653480904173
4.869468613064179 -0.12753523366429198
4.932300466135976 -0.12901254561326683
4.995132319207771 -0.12995534492004995
5.057964172279567 -0.1303209192354819
5.120796025351362 -0.13006779158150736
5.183627878423159 -0.12915664227344567
5.246459731494955 -0.12755131831627428
5.3092915845667505 -0.125219911668769
5.372123437638546 -0.12213588132463385
5.434955290710342 -0.11827918777021136
5.497787143782137 -0.11363740248200596
5.560618996853934 -0.10820675022102762
5.62345084992573 -0.10199303848718835
5.686282702997525 -0.09501242711919691
5.749114556069321 -0.08729199209626765
5.811946409141116 -0.0788700414244758
5.874778262212914 -0.06979614770279136
5.937610115284709 -0.06013087147416897
6.000441968356505 -0.049945161447563446
6.0632738214283 -0.03931943155917568
6.126105674500097 -0.02834232984368561
6.188937527571893 -0.017109229265715363
6.2517693806436885 -0.005720484989063563