0.031415926535897934 0.0034324983495953457
0.0942477796076938 0.010284409120010557
0.15707963267948966 0.017097108518466592
0.21991148575128552 0.023844610175730318
0.2827433388230814 0.03050115895131974
0.34557519189487723 0.03704132225582056
0.4084070449666731 0.04344008022584123
0.47123889803846897 0.04967291445394265
0.5340707511102649 0.05571589499672557
0.5969026041820606 0.06154576540786332
0.6597344572538566 0.06714002556822489
0.7225663103256523 0.07247701211122354
0.7853981633974483 0.07753597626700902
0.8482300164692442 0.08229715897295706
0.91106186954104 0.0867418631189608
0.9738937226128359 0.09085252281330534
1.0367255756846319 0.09461276956748238
1.0995574287564276 0.09800749530547034
1.1623892818282235 0.10102291210422458
1.2252211349000193 0.10364660856708709
1.2880529879718152 0.10586760272049513
1.350884841043611 0.10767639130694004
1.413716694115407 0.10906499532409757
1.4765485471872026 0.11002700163214611
1.5393804002589986 0.1105576004195524
1.6022122533307945 0.11065361828324129
1.6650441064025903 0.1103135466435785
1.7278759594743862 0.10953756517957586
1.7907078125461822 0.1083275599369851
1.853539665617978 0.10668713573327726
1.9163715186897736 0.10462162246081373
1.9792033717615696 0.10213807487459178
2.0420352248333655 0.09924526544551368
2.104867077905162 0.09595366986570658
2.1676989309769574 0.09227544481028963
2.230530784048753 0.08822439759109102
2.2933626371205493 0.08381594738278678
2.356194490192345 0.07906707776087057
2.4190263432641403 0.07399628036353136
2.4818581963359367 0.06862348957508255
2.5446900494077322 0.06297000822580712
2.607521902479528 0.05705842441018425
2.670353755551324 0.05091251964026648
2.7331856086231197 0.04455716867087624
2.796017461694916 0.038018231455390815
2.8588493147667116 0.03132243781205504
2.9216811678385075 0.02449726549772781
2.9845130209103035 0.01757081249549423
3.047344873982099 0.010571664421483974
3.1101767270538954 0.0035287580416261473
3.173008580125691 -0.0035287580416261473
3.2358404331974873 -0.010571664421483974
3.2986722862692828 -0.01757081249549423
3.3615041393410787 -0.02449726549772781
3.4243359924128747 -0.03132243781205504
3.48716784548467 -0.038018231455390815
3.549999698556466 -0.04455716867087624
3.612831551628262 -0.05091251964026648
3.675663404700058 -0.05705842441018425
3.7384952577718535 -0.06297000822580705
3.8013271108436495 -0.06862348957508255
3.8641589639154454 -0.07399628036353136
3.9269908169872414 -0.07906707776087057
3.989822670059038 -0.08381594738278685
4.052654523130833 -0.08822439759109102
4.115486376202629 -0.09227544481028963
4.178318229274425 -0.09595366986570664
4.241150082346222 -0.0992452654455135
4.303981935418017 -0.10213807487459192
4.366813788489813 -0.10462162246081373
4.429645641561608 -0.10668713573327727
4.4924774946334045 -0.10832755993698515
4.5553093477052 -0.10953756517957586
4.618141200776996 -0.11031354664357843
4.680973053848792 -0.11065361828324131
4.743804906920587 -0.11055760041955236
4.806636759992383 -0.11002700163214621
4.869468613064179 -0.10906499532409757
4.932300466135976 -0.10767639130694008
4.995132319207771 -0.10586760272049511
5.057964172279567 -0.10364660856708709
5.120796025351362 -0.10102291210422452
5.183627878423159 -0.09800749530547034
5.246459731494955 -0.09461276956748227
5.3092915845667505 -0.09085252281330534
5.372123437638546 -0.0867418631189608
5.434955290710342 -0.08229715897295702
5.497787143782137 -0.07753597626700909
5.560618996853934 -0.07247701211122351
5.62345084992573 -0.06714002556822489
5.686282702997525 -0.06154576540786332
5.749114556069321 -0.05571589499672561
5.811946409141116 -0.04967291445394277
5.874778262212914 -0.04344008022584113
5.937610115284709 -0.03704132225582056
6.000441968356505 -0.03050115895131974
6.0632738214283 -0.023844610175730346
6.126105674500097 -0.017097108518466592
6.188937527571893 -0.01028440912001042
6.2517693806436885 -0.0034324983495953457