0.031415926535897934 0.002666238422940897
0.0942477796076938 0.007990214715106629
0.15707963267948966 0.013288698209565488
0.21991148575128552 0.018544723400766527
0.2827433388230814 0.023741369842283394
0.34557519189487723 0.02886178121466309
0.4084070449666731 0.03388918544811425
0.47123889803846897 0.03880691621572078
0.5340707511102649 0.04359843612204006
0.5969026041820606 0.048247361921408966
0.6597344572538566 0.052737492109050425
0.7225663103256523 0.057052837234911315
0.7853981633974483 0.06117765329375068
0.8482300164692442 0.0650964785438084
0.91106186954104 0.06879417409881274
0.9738937226128359 0.0722559686224142
1.0367255756846319 0.07546750742858994
1.0995574287564276 0.07841490625437425
1.1623892818282235 0.08108480992071923
1.2252211349000193 0.08346445603177892
1.2880529879718152 0.08554174378105361
1.350884841043611 0.08730530783356362
1.413716694115407 0.0887445971358951
1.4765485471872026 0.0898499583704638
1.5393804002589986 0.09061272361723036
1.6022122533307945 0.09102530161675174
1.6650441064025903 0.09108127184508541
1.7278759594743862 0.09077548041700544
1.7907078125461822 0.09010413663354767
1.853539665617978 0.08906490878859426
1.9163715186897736 0.0876570176535665
1.9792033717615696 0.08588132587693025
2.0420352248333655 0.0837404213745332
2.104867077905162 0.08123869265682328
2.1676989309769574 0.0783823939490258
2.230530784048753 0.07517969791952012
2.2933626371205493 0.07164073384843342
2.356194490192345 0.06777760915014928
2.4190263432641403 0.06360441231551188
2.4818581963359367 0.05913719556517886
2.5446900494077322 0.05439393580512688
2.607521902479528 0.049394472845803894
2.670353755551324 0.04416042428135176
2.7331856086231197 0.03871507691456152
2.796017461694916 0.03308325514320752
2.8588493147667116 0.02729116727743135
2.9216811678385075 0.021366231316778006
2.9845130209103035 0.015336882258560816
3.047344873982099 0.009232363515074778
3.1101767270538954 0.0030825054649979396
3.173008580125691 -0.0030825054649979396
3.2358404331974873 -0.009232363515074778
3.2986722862692828 -0.015336882258560816
3.3615041393410787 -0.021366231316778006
3.4243359924128747 -0.02729116727743135
3.48716784548467 -0.03308325514320752
3.549999698556466 -0.03871507691456143
3.612831551628262 -0.04416042428135176
3.675663404700058 -0.049394472845803894
3.7384952577718535 -0.0543939358051268
3.8013271108436495 -0.05913719556517886
3.8641589639154454 -0.06360441231551188
3.9269908169872414 -0.06777760915014928
3.989822670059038 -0.07164073384843334
4.052654523130833 -0.07517969791952012
4.115486376202629 -0.0783823939490258
4.178318229274425 -0.08123869265682325
4.241150082346222 -0.08374042137453325
4.303981935418017 -0.08588132587693023
4.366813788489813 -0.0876570176535665
4.429645641561608 -0.08906490878859426
4.4924774946334045 -0.09010413663354767
4.5553093477052 -0.09077548041700544
4.618141200776996 -0.0910812718450854
4.680973053848792 -0.09102530161675174
4.743804906920587 -0.09061272361723036
4.806636759992383 -0.08984995837046385
4.869468613064179 -0.0887445971358951
4.932300466135976 -0.0873053078335636
4.995132319207771 -0.08554174378105361
5.057964172279567 -0.08346445603177895
5.120796025351362 -0.08108480992071926
5.183627878423159 -0.07841490625437425
5.246459731494955 -0.07546750742858992
5.3092915845667505 -0.0722559686224142
5.372123437638546 -0.06879417409881274
5.434955290710342 -0.06509647854380843
5.497787143782137 -0.061177653293750786
5.560618996853934 -0.057052837234911315
5.62345084992573 -0.052737492109050425
5.686282702997525 -0.048247361921408966
5.749114556069321 -0.04359843612204008
5.811946409141116 -0.03880691621572086
5.874778262212914 -0.03388918544811425
5.937610115284709 -0.02886178121466309
6.000441968356505 -0.023741369842283394
6.0632738214283 -0.018544723400766527
6.126105674500097 -0.013288698209565488
6.188937527571893 -0.007990214715106561
6.2517693806436885 -0.002666238422940897