0.031415926535897934 0.009306438432959387
0.0942477796076938 0.02783385186805563
0.15707963267948966 0.0461065158576495
0.21991148575128552 0.06396001282131424
0.2827433388230814 0.0812378613789603
0.34557519189487723 0.09779432594535542
0.4084070449666731 0.11349688164025346
0.47123889803846897 0.12822826367302156
0.5340707511102649 0.14188804900571347
0.5969026041820606 0.15439373867585013
0.6597344572538566 0.1656813305079665
0.7225663103256523 0.17570539285510944
0.7853981633974483 0.18443866932552916
0.8482300164692442 0.19187126113752417
0.91106186954104 0.19800944699447598
0.9738937226128359 0.2028742096481148
1.0367255756846319 0.20649954339784685
1.0995574287564276 0.20893061774632404
1.1623892818282235 0.2102218696657948
1.2252211349000193 0.21043509101881216
1.2880529879718152 0.20963756936204103
1.350884841043611 0.20790033045273468
1.413716694115407 0.20529652007508475
1.4765485471872026 0.2018999520366386
1.5393804002589986 0.19778383896291993
1.6022122533307945 0.193019713305198
1.6650441064025903 0.1876765380821761
1.7278759594743862 0.1818200004653253
1.7907078125461822 0.17551197642667257
1.853539665617978 0.16881015123261922
1.9163715186897736 0.16176777845013948
1.9792033717615696 0.1544335591488636
2.0420352248333655 0.14685162292843593
2.104867077905162 0.13906159306700375
2.1676989309769574 0.1310987192773587
2.230530784048753 0.12299406309700937
2.2933626371205493 0.11477472267871554
2.356194490192345 0.10646408556850484
2.4190263432641403 0.09808209986627171
2.4818581963359367 0.08964555589234154
2.5446900494077322 0.08116837208634992
2.607521902479528 0.07266188031501457
2.670353755551324 0.06413510704978473
2.7331856086231197 0.055595047991566136
2.796017461694916 0.04704693467310512
2.8588493147667116 0.03849449237050301
2.9216811678385075 0.02994018931692564
2.9845130209103035 0.02138547774832887
3.047344873982099 0.012831027737196502
3.1101767270538954 0.0042769550991939445
3.173008580125691 -0.0042769550991939445
3.2358404331974873 -0.012831027737196502
3.2986722862692828 -0.02138547774832887
3.3615041393410787 -0.02994018931692564
3.4243359924128747 -0.03849449237050301
3.48716784548467 -0.04704693467310512
3.549999698556466 -0.055595047991565935
3.612831551628262 -0.06413510704978473
3.675663404700058 -0.07266188031501457
3.7384952577718535 -0.08116837208634983
3.8013271108436495 -0.08964555589234154
3.8641589639154454 -0.09808209986627163
3.9269908169872414 -0.10646408556850484
3.989822670059038 -0.1147747226787157
4.052654523130833 -0.12299406309700937
4.115486376202629 -0.1310987192773587
4.178318229274425 -0.1390615930670037
4.241150082346222 -0.1468516229284361
4.303981935418017 -0.15443355914886367
4.366813788489813 -0.16176777845013948
4.429645641561608 -0.16881015123261922
4.4924774946334045 -0.17551197642667268
4.5553093477052 -0.1818200004653253
4.618141200776996 -0.1876765380821762
4.680973053848792 -0.19301971330519807
4.743804906920587 -0.19778383896291973
4.806636759992383 -0.20189995203663855
4.869468613064179 -0.20529652007508475
4.932300466135976 -0.2079003304527348
4.995132319207771 -0.20963756936204103
5.057964172279567 -0.21043509101881228
5.120796025351362 -0.21022186966579495
5.183627878423159 -0.20893061774632404
5.246459731494955 -0.20649954339784685
5.3092915845667505 -0.2028742096481148
5.372123437638546 -0.19800944699447598
5.434955290710342 -0.19187126113752415
5.497787143782137 -0.18443866932552924
5.560618996853934 -0.1757053928551095
5.62345084992573 -0.1656813305079665
5.686282702997525 -0.15439373867585013
5.749114556069321 -0.14188804900571358
5.811946409141116 -0.1282282636730219
5.874778262212914 -0.11349688164025333
5.937610115284709 -0.09779432594535542
6.000441968356505 -0.0812378613789603
6.0632738214283 -0.06396001282131424
6.126105674500097 -0.0461065158576495
6.188937527571893 -0.027833851868055485
6.2517693806436885 -0.009306438432959387