0.031415926535897934 0.00517042298637935
0.0942477796076938 0.015492649898577645
0.15707963267948966 0.02575907507602908
0.21991148575128552 0.0359326819355139
0.2827433388230814 0.045976729889771605
0.34557519189487723 0.05585486305525149
0.4084070449666731 0.06553121735469215
0.47123889803846897 0.07497052567411866
0.5340707511102649 0.08413822081585627
0.5969026041820606 0.09300053608226849
0.6597344572538566 0.10152460342524168
0.7225663103256523 0.10967854919964241
0.7853981633974483 0.11743158766049845
0.8482300164692442 0.12475411243879862
0.91106186954104 0.13161778631488683
0.9738937226128359 0.13799562967689336
1.0367255756846319 0.1438621081002808
1.0995574287564276 0.14919321950952533
1.1623892818282235 0.15396658138095556
1.2252211349000193 0.15816151841418538
1.2880529879718152 0.16175915103658245
1.350884841043611 0.1647424850098201
1.413716694115407 0.16709650227980843
1.4765485471872026 0.1688082530522251
1.5393804002589986 0.1698669488877283
1.6022122533307945 0.17026405639711414
1.6650441064025903 0.16999339088186022
1.7278759594743862 0.1690512090155828
1.7907078125461822 0.16743629940405758
1.853539665617978 0.16515006960390036
1.9163715186897736 0.1621966279320788
1.9792033717615696 0.1585828581702441
2.0420352248333655 0.1543184850700978
2.104867077905162 0.1494161284095381
2.1676989309769574 0.14389134324480476
2.230530784048753 0.13776264396124976
2.2933626371205493 0.13105150975346103
2.356194490192345 0.12378236927122334
2.4190263432641403 0.1159825623558796
2.4818581963359367 0.10768227706386242
2.5446900494077322 0.09891446052905208
2.607521902479528 0.08971470264812301
2.670353755551324 0.08012109207444738
2.7331856086231197 0.07017404456392796
2.796017461694916 0.059916104314512386
2.8588493147667116 0.04939171956129101
2.9216811678385075 0.038646994309960915
2.9845130209103035 0.027729418690741695
3.047344873982099 0.016687580969909806
3.1101767270538954 0.005570864745213661
3.173008580125691 -0.005570864745213661
3.2358404331974873 -0.016687580969909806
3.2986722862692828 -0.027729418690741695
3.3615041393410787 -0.038646994309960915
3.4243359924128747 -0.04939171956129101
3.48716784548467 -0.059916104314512386
3.549999698556466 -0.07017404456392788
3.612831551628262 -0.08012109207444738
3.675663404700058 -0.08971470264812301
3.7384952577718535 -0.09891446052905198
3.8013271108436495 -0.10768227706386242
3.8641589639154454 -0.11598256235587946
3.9269908169872414 -0.12378236927122334
3.989822670059038 -0.13105150975346108
4.052654523130833 -0.13776264396124976
4.115486376202629 -0.14389134324480476
4.178318229274425 -0.14941612840953808
4.241150082346222 -0.1543184850700978
4.303981935418017 -0.15858285817024426
4.366813788489813 -0.1621966279320788
4.429645641561608 -0.16515006960390036
4.4924774946334045 -0.1674362994040576
4.5553093477052 -0.1690512090155828
4.618141200776996 -0.16999339088186022
4.680973053848792 -0.17026405639711412
4.743804906920587 -0.16986694888772835
4.806636759992383 -0.16880825305222513
4.869468613064179 -0.16709650227980843
4.932300466135976 -0.1647424850098202
4.995132319207771 -0.16175915103658253
5.057964172279567 -0.15816151841418533
5.120796025351362 -0.15396658138095548
5.183627878423159 -0.14919321950952533
5.246459731494955 -0.14386210810028074
5.3092915845667505 -0.13799562967689336
5.372123437638546 -0.13161778631488683
5.434955290710342 -0.12475411243879869
5.497787143782137 -0.11743158766049835
5.560618996853934 -0.10967854919964236
5.62345084992573 -0.10152460342524168
5.686282702997525 -0.09300053608226849
5.749114556069321 -0.08413822081585642
5.811946409141116 -0.07497052567411881
5.874778262212914 -0.06553121735469207
5.937610115284709 -0.05585486305525149
6.000441968356505 -0.045976729889771605
6.0632738214283 -0.03593268193551399
6.126105674500097 -0.02575907507602908
6.188937527571893 -0.015492649898577425
6.2517693806436885 -0.00517042298637935