0.031415926535897934 0.009342545520586045
0.0942477796076938 0.027964522337388213
0.15707963267948966 0.046397949727770615
0.21991148575128552 0.06451975558548467
0.2827433388230814 0.08221075126149409
0.34557519189487723 0.09935707092083004
0.4084070449666731 0.11585150055920097
0.47123889803846897 0.1315946703318871
0.5340707511102649 0.14649608757151178
0.5969026041820606 0.1604749922332611
0.6597344572538566 0.1734610213798892
0.7225663103256523 0.18539467455066205
0.7853981633974483 0.19622757727072623
0.8482300164692442 0.20592254535572355
0.91106186954104 0.21445345784919173
0.9738937226128359 0.22180495120037347
1.0367255756846319 0.22797195146779925
1.0995574287564276 0.23295906476902212
1.1623892818282235 0.2367798487781529
1.2252211349000193 0.23945598973578572
1.2880529879718152 0.24101641016541153
1.350884841043611 0.2414963323200346
1.413716694115407 0.24093632138977697
1.4765485471872026 0.2393813307991031
1.5393804002589986 0.23687976965006272
1.6022122533307945 0.23348260967960058
1.6650441064025903 0.2292425461521265
1.7278759594743862 0.22421322405458657
1.7907078125461822 0.2184485379370873
1.853539665617978 0.21200201086404621
1.9163715186897736 0.20492625530103645
1.9792033717615696 0.19727251642752583
2.0420352248333655 0.18909029637707367
2.104867077905162 0.18042705628281727
2.1676989309769574 0.1713279917460536
2.230530784048753 0.16183587643220324
2.2933626371205493 0.1519909679022982
2.356194490192345 0.1418309694721068
2.4190263432641403 0.13139104181323233
2.4818581963359367 0.12070385812752911
2.5446900494077322 0.10979969699519807
2.607521902479528 0.09870656737771402
2.670353755551324 0.0874503607127351
2.7331856086231197 0.07605502553712505
2.796017461694916 0.06454276058865323
2.8588493147667116 0.05293422284383521
2.9216811678385075 0.04124874743009973
2.9845130209103035 0.029504576790248177
3.047344873982099 0.01771909686461207
3.1101767270538954 0.005909078382886204
3.173008580125691 -0.005909078382886204
3.2358404331974873 -0.01771909686461207
3.2986722862692828 -0.029504576790248177
3.3615041393410787 -0.04124874743009973
3.4243359924128747 -0.05293422284383521
3.48716784548467 -0.06454276058865323
3.549999698556466 -0.07605502553712495
3.612831551628262 -0.0874503607127351
3.675663404700058 -0.09870656737771402
3.7384952577718535 -0.10979969699519808
3.8013271108436495 -0.12070385812752911
3.8641589639154454 -0.1313910418132322
3.9269908169872414 -0.1418309694721068
3.989822670059038 -0.15199096790229827
4.052654523130833 -0.16183587643220324
4.115486376202629 -0.1713279917460536
4.178318229274425 -0.18042705628281733
4.241150082346222 -0.18909029637707386
4.303981935418017 -0.19727251642752588
4.366813788489813 -0.20492625530103645
4.429645641561608 -0.21200201086404624
4.4924774946334045 -0.2184485379370873
4.5553093477052 -0.22421322405458657
4.618141200776996 -0.22924254615212644
4.680973053848792 -0.23348260967960058
4.743804906920587 -0.2368797696500627
4.806636759992383 -0.23938133079910298
4.869468613064179 -0.24093632138977697
4.932300466135976 -0.24149633232003453
4.995132319207771 -0.24101641016541153
5.057964172279567 -0.23945598973578566
5.120796025351362 -0.23677984877815297
5.183627878423159 -0.23295906476902212
5.246459731494955 -0.22797195146779922
5.3092915845667505 -0.22180495120037347
5.372123437638546 -0.21445345784919173
5.434955290710342 -0.20592254535572357
5.497787143782137 -0.19622757727072646
5.560618996853934 -0.18539467455066197
5.62345084992573 -0.1734610213798892
5.686282702997525 -0.1604749922332611
5.749114556069321 -0.14649608757151172
5.811946409141116 -0.13159467033188724
5.874778262212914 -0.11585150055920086
5.937610115284709 -0.09935707092083004
6.000441968356505 -0.08221075126149409
6.0632738214283 -0.06451975558548476
6.126105674500097 -0.046397949727770615
6.188937527571893 -0.027964522337388213
6.2517693806436885 -0.009342545520586045