0.031415926535897934 0.004131302452887034
0.0942477796076938 0.012373003854867337
0.15707963267948966 0.02055216381285593
0.21991148575128552 0.028627648973596515
0.2827433388230814 0.03655915831255574
0.34557519189487723 0.04430753813653346
0.4084070449666731 0.051835079712338375
0.47123889803846897 0.05910579532651498
0.5340707511102649 0.06608566911753685
0.5969026041820606 0.07274287963539285
0.6597344572538566 0.07904799175229674
0.7225663103256523 0.08497411624945374
0.7853981633974483 0.09049703611542577
0.8482300164692442 0.095595299289667
0.91106186954104 0.10025027825005803
0.9738937226128359 0.10444619745814109
1.0367255756846319 0.10817013022580026
1.0995574287564276 0.11141196704126248
1.1623892818282235 0.11416435778313776
1.2252211349000193 0.11642263055485381
1.2880529879718152 0.11818469008775564
1.350884841043611 0.11945089879176507
1.413716694115407 0.12022394358283642
1.4765485471872026 0.12050869159354122
1.5393804002589986 0.12031203778551813
1.6022122533307945 0.11964274733978239
1.6650441064025903 0.11851129551304614
1.7278759594743862 0.11692970742534561
1.7907078125461822 0.11491139999618707
1.853539665617978 0.11247102798225408
1.9163715186897736 0.10962433579775746
1.9792033717615696 0.10638801652604092
2.0420352248333655 0.10277957926425571
2.104867077905162 0.09881722568683123
2.1676989309769574 0.0945197364720345
2.230530784048753 0.08990636801199298
2.2933626371205493 0.08499675962206847
2.356194490192345 0.07981085128144548
2.4190263432641403 0.07436881177354825
2.4818581963359367 0.06869097695208133
2.5446900494077322 0.06279779773530628
2.607521902479528 0.056709797326385876
2.670353755551324 0.050447537069807785
2.7331856086231197 0.044031590281354734
2.796017461694916 0.03748252333010902
2.8588493147667116 0.030820883203791647
2.9216811678385075 0.024067190751649294
2.9845130209103035 0.017241938770503888
3.047344873982099 0.010365594078014961
3.1101767270538954 0.0034586027013875156
3.173008580125691 -0.0034586027013875156
3.2358404331974873 -0.010365594078014961
3.2986722862692828 -0.017241938770503888
3.3615041393410787 -0.024067190751649294
3.4243359924128747 -0.030820883203791647
3.48716784548467 -0.03748252333010902
3.549999698556466 -0.04403159028135475
3.612831551628262 -0.050447537069807785
3.675663404700058 -0.056709797326385876
3.7384952577718535 -0.06279779773530615
3.8013271108436495 -0.06869097695208133
3.8641589639154454 -0.07436881177354816
3.9269908169872414 -0.07981085128144548
3.989822670059038 -0.08499675962206849
4.052654523130833 -0.08990636801199298
4.115486376202629 -0.0945197364720345
4.178318229274425 -0.09881722568683131
4.241150082346222 -0.10277957926425574
4.303981935418017 -0.106388016526041
4.366813788489813 -0.10962433579775746
4.429645641561608 -0.11247102798225408
4.4924774946334045 -0.11491139999618706
4.5553093477052 -0.11692970742534561
4.618141200776996 -0.11851129551304623
4.680973053848792 -0.11964274733978239
4.743804906920587 -0.1203120377855182
4.806636759992383 -0.12050869159354125
4.869468613064179 -0.12022394358283642
4.932300466135976 -0.11945089879176514
4.995132319207771 -0.11818469008775564
5.057964172279567 -0.11642263055485375
5.120796025351362 -0.11416435778313777
5.183627878423159 -0.11141196704126248
5.246459731494955 -0.10817013022580016
5.3092915845667505 -0.10444619745814109
5.372123437638546 -0.10025027825005803
5.434955290710342 -0.09559529928966706
5.497787143782137 -0.09049703611542585
5.560618996853934 -0.08497411624945377
5.62345084992573 -0.07904799175229674
5.686282702997525 -0.07274287963539285
5.749114556069321 -0.06608566911753706
5.811946409141116 -0.05910579532651516
5.874778262212914 -0.05183507971233832
5.937610115284709 -0.04430753813653346
6.000441968356505 -0.03655915831255574
6.0632738214283 -0.028627648973596573
6.126105674500097 -0.02055216381285593
6.188937527571893 -0.012373003854867337
6.2517693806436885 -0.004131302452887034