0.031415926535897934 0.005349320574418082
0.0942477796076938 0.0160309105200754
0.15707963267948966 0.02666137363197841
0.21991148575128552 0.037206714500924866
0.2827433388230814 0.0476330710808221
0.34557519189487723 0.05790676737047247
0.4084070449666731 0.06799436554754533
0.47123889803846897 0.07786271755945261
0.5340707511102649 0.08747901628991141
0.5969026041820606 0.09681084655190503
0.6597344572538566 0.10582623630324191
0.7225663103256523 0.11449370863505397
0.7853981633974483 0.12278233524085273
0.8482300164692442 0.13066179222821867
0.91106186954104 0.13810241928037714
0.9738937226128359 0.14507528330402203
1.0367255756846319 0.15155224780566587
1.0995574287564276 0.1575060493141553
1.1623892818282235 0.16291038220434637
1.2252211349000193 0.16773999326873001
1.2880529879718152 0.17197078732273943
1.350884841043611 0.17557994500854104
1.413716694115407 0.1785460537749715
1.4765485471872026 0.18084925275259534
1.5393804002589986 0.18247139190865871
1.6022122533307945 0.18339620545499893
1.6650441064025903 0.1836094989931664
1.7278759594743862 0.1830993493186831
1.7907078125461822 0.1818563151777231
1.853539665617978 0.17987365658613474
1.9163715186897736 0.17714755959892725
1.9792033717615696 0.17367736267959713
2.0420352248333655 0.16946578008956723
2.104867077905162 0.16451911703010746
2.1676989309769574 0.1588474706581619
2.230530784048753 0.15246491060232586
2.2933626371205493 0.14538963226603413
2.356194490192345 0.13764407606121382
2.4190263432641403 0.1292550058032314
2.4818581963359367 0.12025353984653311
2.5446900494077322 0.11067512917019164
2.607521902479528 0.10055947754148224
2.670353755551324 0.0899504000867283
2.7331856086231197 0.07889561805839607
2.796017461694916 0.06744648926498498
2.8588493147667116 0.05565767546798072
2.9216811678385075 0.043586749975620696
2.9845130209103035 0.031293750592582825
3.047344873982099 0.018840684927327486
3.1101767270538954 0.006290996723010378
3.173008580125691 -0.006290996723010378
3.2358404331974873 -0.018840684927327486
3.2986722862692828 -0.031293750592582825
3.3615041393410787 -0.043586749975620696
3.4243359924128747 -0.05565767546798072
3.48716784548467 -0.06744648926498498
3.549999698556466 -0.07889561805839607
3.612831551628262 -0.0899504000867283
3.675663404700058 -0.10055947754148224
3.7384952577718535 -0.11067512917019151
3.8013271108436495 -0.12025353984653311
3.8641589639154454 -0.1292550058032313
3.9269908169872414 -0.13764407606121382
3.989822670059038 -0.14538963226603424
4.052654523130833 -0.15246491060232586
4.115486376202629 -0.1588474706581619
4.178318229274425 -0.16451911703010752
4.241150082346222 -0.1694657800895672
4.303981935418017 -0.17367736267959735
4.366813788489813 -0.17714755959892725
4.429645641561608 -0.17987365658613466
4.4924774946334045 -0.1818563151777232
4.5553093477052 -0.1830993493186831
4.618141200776996 -0.1836094989931664
4.680973053848792 -0.18339620545499893
4.743804906920587 -0.18247139190865877
4.806636759992383 -0.1808492527525953
4.869468613064179 -0.1785460537749715
4.932300466135976 -0.1755799450085409
4.995132319207771 -0.17197078732273943
5.057964172279567 -0.16773999326873007
5.120796025351362 -0.16291038220434645
5.183627878423159 -0.1575060493141553
5.246459731494955 -0.15155224780566576
5.3092915845667505 -0.14507528330402203
5.372123437638546 -0.13810241928037714
5.434955290710342 -0.13066179222821875
5.497787143782137 -0.12278233524085283
5.560618996853934 -0.11449370863505386
5.62345084992573 -0.10582623630324191
5.686282702997525 -0.09681084655190503
5.749114556069321 -0.08747901628991166
5.811946409141116 -0.07786271755945266
5.874778262212914 -0.06799436554754519
5.937610115284709 -0.05790676737047247
6.000441968356505 -0.0476330710808221
6.0632738214283 -0.037206714500925074
6.126105674500097 -0.02666137363197841
6.188937527571893 -0.01603091052007533
6.2517693806436885 -0.005349320574418082