0.031415926535897934 0.007634061127250297
0.0942477796076938 0.02287141261941201
0.15707963267948966 0.03801659289560798
0.21991148575128552 0.05300862350161605
0.2827433388230814 0.06778722529816215
0.34557519189487723 0.08229308984885374
0.4084070449666731 0.09646814270269696
0.47123889803846897 0.11025579657811627
0.5340707511102649 0.12360119268116317
0.5969026041820606 0.13645142864935622
0.6597344572538566 0.1487557718952168
0.7225663103256523 0.1604658574203199
0.7853981633974483 0.17153586947155805
0.8482300164692442 0.18192270670647329
0.91106186954104 0.1915861308146253
0.9738937226128359 0.20048889879856002
1.0367255756846319 0.20859687934369384
1.0995574287564276 0.21587915389536746
1.1623892818282235 0.22230810320899647
1.2252211349000193 0.22785948024280464
1.2880529879718152 0.2325124703208754
1.350884841043611 0.2362497395075818
1.413716694115407 0.23905747210479214
1.4765485471872026 0.24092539811391855
1.5393804002589986 0.24184681140043976
1.6022122533307945 0.24181857916462862
1.6650441064025903 0.24084114316530938
1.7278759594743862 0.23891851297068956
1.7907078125461822 0.236058251329179
1.853539665617978 0.23227145157133505
1.9163715186897736 0.22757270677935024
1.9792033717615696 0.22198007030021877
2.0420352248333655 0.21551500703984028
2.104867077905162 0.20820233486407294
2.1676989309769574 0.20007015535451533
2.230530784048753 0.1911497731258689
2.2933626371205493 0.18147560291121767
2.356194490192345 0.17108506366317505
2.4190263432641403 0.16001845900289424
2.4818581963359367 0.14831884347422325
2.5446900494077322 0.13603187422405347
2.607521902479528 0.1232056479280098
2.670353755551324 0.10989052300747594
2.7331856086231197 0.09613892743276892
2.796017461694916 0.08200515267028706
2.8588493147667116 0.06754513460011784
2.9216811678385075 0.052816222495929786
2.9845130209103035 0.03787693741192383
3.047344873982099 0.022786721553308114
3.1101767270538954 0.007605680409026538
3.173008580125691 -0.007605680409026538
3.2358404331974873 -0.022786721553308114
3.2986722862692828 -0.03787693741192383
3.3615041393410787 -0.052816222495929786
3.4243359924128747 -0.06754513460011784
3.48716784548467 -0.08200515267028706
3.549999698556466 -0.09613892743276882
3.612831551628262 -0.10989052300747594
3.675663404700058 -0.1232056479280098
3.7384952577718535 -0.13603187422405347
3.8013271108436495 -0.14831884347422325
3.8641589639154454 -0.16001845900289416
3.9269908169872414 -0.17108506366317505
3.989822670059038 -0.1814756029112178
4.052654523130833 -0.1911497731258689
4.115486376202629 -0.20007015535451533
4.178318229274425 -0.20820233486407302
4.241150082346222 -0.21551500703984042
4.303981935418017 -0.22198007030021893
4.366813788489813 -0.22757270677935024
4.429645641561608 -0.232271451571335
4.4924774946334045 -0.23605825132917904
4.5553093477052 -0.23891851297068956
4.618141200776996 -0.24084114316530922
4.680973053848792 -0.2418185791646285
4.743804906920587 -0.24184681140043976
4.806636759992383 -0.24092539811391855
4.869468613064179 -0.23905747210479214
4.932300466135976 -0.2362497395075818
4.995132319207771 -0.2325124703208754
5.057964172279567 -0.2278594802428047
5.120796025351362 -0.22230810320899633
5.183627878423159 -0.21587915389536746
5.246459731494955 -0.20859687934369375
5.3092915845667505 -0.20048889879856002
5.372123437638546 -0.1915861308146253
5.434955290710342 -0.18192270670647326
5.497787143782137 -0.17153586947155822
5.560618996853934 -0.16046585742031982
5.62345084992573 -0.1487557718952168
5.686282702997525 -0.13645142864935622
5.749114556069321 -0.12360119268116326
5.811946409141116 -0.11025579657811663
5.874778262212914 -0.09646814270269692
5.937610115284709 -0.08229308984885374
6.000441968356505 -0.06778722529816215
6.0632738214283 -0.05300862350161613
6.126105674500097 -0.03801659289560798
6.188937527571893 -0.022871412619411946
6.2517693806436885 -0.007634061127250297