0.031415926535897934 0.00707206247252357
0.0942477796076938 0.021188546913902498
0.15707963267948966 0.03522222474491329
0.21991148575128552 0.049118273664248514
0.2827433388230814 0.06282244141418147
0.34557519189487723 0.07628126765021905
0.4084070449666731 0.08944229985085383
0.47123889803846897 0.10225430182498134
0.5340707511102649 0.1146674535562301
0.5969026041820606 0.12663354133108884
0.6597344572538566 0.13810613732365873
0.7225663103256523 0.14904076804582836
0.7853981633974483 0.15939507130918196
0.8482300164692442 0.16912894157553582
0.91106186954104 0.17820466378862027
0.9738937226128359 0.18658703597267923
1.0367255756846319 0.19424348104815514
1.0995574287564276 0.20114414844482206
1.1623892818282235 0.20726200618460172
1.2252211349000193 0.21257292415715395
1.2880529879718152 0.21705574931986815
1.350884841043611 0.220692373520305
1.413716694115407 0.22346779456500462
1.4765485471872026 0.22537017104689414
1.5393804002589986 0.2263908712985129
1.6022122533307945 0.22652451666532278
1.6650441064025903 0.22576901909891411
1.7278759594743862 0.224125612861186
1.7907078125461822 0.22159887991551844
1.853539665617978 0.21819676836793878
1.9163715186897736 0.21393060311894904
1.9792033717615696 0.20881508770364018
2.0420352248333655 0.20286829614235163
2.104867077905162 0.19611165350427343
2.1676989309769574 0.18856990380906288
2.230530784048753 0.18027106386269867
2.2933626371205493 0.17124636164800658
2.356194490192345 0.16153015797050185
2.4190263432641403 0.15115985019754863
2.4818581963359367 0.14017575712243216
2.5446900494077322 0.12862098423178106
2.607521902479528 0.11654126894970389
2.670353755551324 0.10398480576781154
2.7331856086231197 0.0910020515377819
2.796017461694916 0.07764551159150786
2.8588493147667116 0.06396950775097218
2.9216811678385075 0.05002992968282116
2.9845130209103035 0.03588397142779265
3.047344873982099 0.021589855279498055
3.1101767270538954 0.0072065454881729985
3.173008580125691 -0.0072065454881729985
3.2358404331974873 -0.021589855279498055
3.2986722862692828 -0.03588397142779265
3.3615041393410787 -0.05002992968282116
3.4243359924128747 -0.06396950775097218
3.48716784548467 -0.07764551159150786
3.549999698556466 -0.09100205153778171
3.612831551628262 -0.10398480576781154
3.675663404700058 -0.11654126894970389
3.7384952577718535 -0.12862098423178092
3.8013271108436495 -0.14017575712243216
3.8641589639154454 -0.15115985019754857
3.9269908169872414 -0.16153015797050185
3.989822670059038 -0.1712463616480068
4.052654523130833 -0.18027106386269867
4.115486376202629 -0.18856990380906288
4.178318229274425 -0.1961116535042736
4.241150082346222 -0.20286829614235172
4.303981935418017 -0.20881508770364016
4.366813788489813 -0.21393060311894904
4.429645641561608 -0.2181967683679387
4.4924774946334045 -0.22159887991551838
4.5553093477052 -0.224125612861186
4.618141200776996 -0.22576901909891406
4.680973053848792 -0.22652451666532278
4.743804906920587 -0.2263908712985129
4.806636759992383 -0.22537017104689416
4.869468613064179 -0.22346779456500462
4.932300466135976 -0.22069237352030496
4.995132319207771 -0.21705574931986815
5.057964172279567 -0.21257292415715395
5.120796025351362 -0.2072620061846017
5.183627878423159 -0.20114414844482206
5.246459731494955 -0.19424348104815514
5.3092915845667505 -0.18658703597267923
5.372123437638546 -0.17820466378862027
5.434955290710342 -0.16912894157553593
5.497787143782137 -0.1593950713091822
5.560618996853934 -0.14904076804582822
5.62345084992573 -0.13810613732365873
5.686282702997525 -0.12663354133108884
5.749114556069321 -0.11466745355623016
5.811946409141116 -0.10225430182498157
5.874778262212914 -0.0894422998508537
5.937610115284709 -0.07628126765021905
6.000441968356505 -0.06282244141418147
6.0632738214283 -0.04911827366424861
6.126105674500097 -0.03522222474491329
6.188937527571893 -0.02118854691390249
6.2517693806436885 -0.00707206247252357