0.031415926535897934 0.008519194511608612
0.0942477796076938 0.025462367946799673
0.15707963267948966 0.04212228852901154
0.21991148575128552 0.05831799154726901
0.2827433388230814 0.073879943620554
0.34557519189487723 0.08865389317981336
0.4084070449666731 0.10250405891663236
0.47123889803846897 0.11531554627516089
0.5340707511102649 0.12699593098000164
0.5969026041820606 0.13747599833260235
0.6597344572538566 0.1467096735305967
0.7225663103256523 0.15467321817987534
0.7853981633974483 0.16136379904287265
0.8482300164692442 0.166797555569847
0.91106186954104 0.17100730267080438
0.9738937226128359 0.17404000525683724
1.0367255756846319 0.17595415281072632
1.0995574287564276 0.1768171476073064
1.1623892818282235 0.17670280135245264
1.2252211349000193 0.17568901404434362
1.2880529879718152 0.17385568763146023
1.350884841043611 0.17128290702846743
1.413716694115407 0.16804940331128354
1.4765485471872026 0.16423129908618186
1.5393804002589986 0.15990112438364606
1.6022122533307945 0.15512708293547225
1.6650441064025903 0.14997254310511304
1.7278759594743862 0.14449572467006017
1.7907078125461822 0.13874955164592875
1.853539665617978 0.13278164192605665
1.9163715186897736 0.126634406245102
1.9792033717615696 0.1203452314689397
2.0420352248333655 0.11394672613899369
2.104867077905162 0.10746700929779923
2.1676989309769574 0.1009300266997901
2.230530784048753 0.09435588143060239
2.2933626371205493 0.08776116863194441
2.356194490192345 0.08115930640863507
2.4190263432641403 0.07456085706098986
2.4818581963359367 0.06797383454201772
2.5446900494077322 0.06140399550224219
2.607521902479528 0.05485511248169769
2.670353755551324 0.048329228769891805
2.7331856086231197 0.041826895212905245
2.796017461694916 0.03534738983440388
2.8588493147667116 0.028888921584145515
2.9216811678385075 0.02244881986063642
2.9845130209103035 0.016023711697646617
3.047344873982099 0.009609688677457392
3.1101767270538954 0.0032024657536615228
3.173008580125691 -0.0032024657536615228
3.2358404331974873 -0.009609688677457392
3.2986722862692828 -0.016023711697646617
3.3615041393410787 -0.02244881986063642
3.4243359924128747 -0.028888921584145515
3.48716784548467 -0.03534738983440388
3.549999698556466 -0.04182689521290519
3.612831551628262 -0.048329228769891805
3.675663404700058 -0.05485511248169769
3.7384952577718535 -0.06140399550224207
3.8013271108436495 -0.06797383454201772
3.8641589639154454 -0.07456085706098979
3.9269908169872414 -0.08115930640863507
3.989822670059038 -0.08776116863194451
4.052654523130833 -0.09435588143060239
4.115486376202629 -0.1009300266997901
4.178318229274425 -0.10746700929779934
4.241150082346222 -0.11394672613899372
4.303981935418017 -0.12034523146893981
4.366813788489813 -0.126634406245102
4.429645641561608 -0.13278164192605665
4.4924774946334045 -0.13874955164592875
4.5553093477052 -0.14449572467006017
4.618141200776996 -0.1499725431051131
4.680973053848792 -0.15512708293547206
4.743804906920587 -0.15990112438364598
4.806636759992383 -0.16423129908618173
4.869468613064179 -0.16804940331128354
4.932300466135976 -0.17128290702846743
4.995132319207771 -0.17385568763146023
5.057964172279567 -0.17568901404434356
5.120796025351362 -0.17670280135245273
5.183627878423159 -0.1768171476073064
5.246459731494955 -0.17595415281072632
5.3092915845667505 -0.17404000525683724
5.372123437638546 -0.17100730267080438
5.434955290710342 -0.166797555569847
5.497787143782137 -0.1613637990428728
5.560618996853934 -0.1546732181798753
5.62345084992573 -0.1467096735305967
5.686282702997525 -0.13747599833260235
5.749114556069321 -0.12699593098000184
5.811946409141116 -0.11531554627516108
5.874778262212914 -0.10250405891663228
5.937610115284709 -0.08865389317981336
6.000441968356505 -0.073879943620554
6.0632738214283 -0.05831799154726908
6.126105674500097 -0.04212228852901154
6.188937527571893 -0.02546236794679944
6.2517693806436885 -0.008519194511608612