0.031415926535897934 0.0024698051290711833
0.0942477796076938 0.007400899071689415
0.15707963267948966 0.012306461241967387
0.21991148575128552 0.0171695278053013
0.2827433388230814 0.021973221295306634
0.34557519189487723 0.02670078585476419
0.4084070449666731 0.031335623165598146
0.47123889803846897 0.035861329257690575
0.5340707511102649 0.04026173238029785
0.5969026041820606 0.04452093211160509
0.6597344572538566 0.04862333987112522
0.7225663103256523 0.052553720985678336
0.7853981633974483 0.05629723844204709
0.8482300164692442 0.059839498437544984
0.91106186954104 0.06316659781309543
0.9738937226128359 0.06626517342150426
1.0367255756846319 0.06912245344596489
1.0995574287564276 0.07172631064010183
1.1623892818282235 0.07406531741083183
1.2252211349000193 0.07612880260891704
1.2880529879718152 0.07790690982946008
1.350884841043611 0.07939065695610235
1.413716694115407 0.08057199660896969
1.4765485471872026 0.08144387707840617
1.5393804002589986 0.08200030324545836
1.6022122533307945 0.08223639690751236
1.6650441064025903 0.08214845584532236
1.7278759594743862 0.08173401088811383
1.7907078125461822 0.08099188015900098
1.853539665617978 0.07992221961635622
1.9163715186897736 0.07852656895093568
1.9792033717615696 0.07680789185650301
2.0420352248333655 0.0747706096664097
2.104867077905162 0.07242062734295399
2.1676989309769574 0.06976535082295342
2.230530784048753 0.06681369476403627
2.2933626371205493 0.06357607980332436
2.356194490192345 0.06006441853439764
2.4190263432641403 0.056292089529826624
2.4818581963359367 0.05227389888433688
2.5446900494077322 0.048026028926037544
2.607521902479528 0.043565973937255
2.670353755551324 0.038912462938541406
2.7331856086231197 0.03408536981454379
2.796017461694916 0.029105611293015733
2.8588493147667116 0.023995033522016554
2.9216811678385075 0.01877628821855136
2.9845130209103035 0.013472699577644468
3.047344873982099 0.008108123327281655
3.1101767270538954 0.002706799485418755
3.173008580125691 -0.002706799485418755
3.2358404331974873 -0.008108123327281655
3.2986722862692828 -0.013472699577644468
3.3615041393410787 -0.01877628821855136
3.4243359924128747 -0.023995033522016554
3.48716784548467 -0.029105611293015733
3.549999698556466 -0.03408536981454379
3.612831551628262 -0.038912462938541406
3.675663404700058 -0.043565973937255
3.7384952577718535 -0.048026028926037544
3.8013271108436495 -0.05227389888433688
3.8641589639154454 -0.056292089529826526
3.9269908169872414 -0.06006441853439764
3.989822670059038 -0.06357607980332436
4.052654523130833 -0.06681369476403627
4.115486376202629 -0.06976535082295342
4.178318229274425 -0.07242062734295399
4.241150082346222 -0.07477060966640958
4.303981935418017 -0.07680789185650301
4.366813788489813 -0.07852656895093568
4.429645641561608 -0.07992221961635622
4.4924774946334045 -0.08099188015900098
4.5553093477052 -0.08173401088811383
4.618141200776996 -0.08214845584532243
4.680973053848792 -0.08223639690751236
4.743804906920587 -0.08200030324545836
4.806636759992383 -0.0814438770784062
4.869468613064179 -0.08057199660896969
4.932300466135976 -0.07939065695610234
4.995132319207771 -0.07790690982946008
5.057964172279567 -0.07612880260891704
5.120796025351362 -0.07406531741083192
5.183627878423159 -0.07172631064010183
5.246459731494955 -0.06912245344596497
5.3092915845667505 -0.06626517342150426
5.372123437638546 -0.06316659781309543
5.434955290710342 -0.059839498437544984
5.497787143782137 -0.05629723844204716
5.560618996853934 -0.052553720985678336
5.62345084992573 -0.04862333987112522
5.686282702997525 -0.04452093211160509
5.749114556069321 -0.04026173238029795
5.811946409141116 -0.03586132925769065
5.874778262212914 -0.031335623165598146
5.937610115284709 -0.02670078585476419
6.000441968356505 -0.021973221295306634
6.0632738214283 -0.01716952780530145
6.126105674500097 -0.012306461241967387
6.188937527571893 -0.007400899071689338
6.2517693806436885 -0.0024698051290711833