0.031415926535897934 0.005906230011115639
0.0942477796076938 0.01770239313225811
0.15707963267948966 0.02944966261348373
0.21991148575128552 0.04111543292916326
0.2827433388230814 0.052667084002156854
0.34557519189487723 0.06407197563457807
0.4084070449666731 0.0752974423228259
0.47123889803846897 0.08631078875427067
0.5340707511102649 0.09707928641965574
0.5969026041820606 0.10757017193777206
0.6597344572538566 0.11775064787439693
0.7225663103256523 0.1275878870423106
0.7853981633974483 0.13704904148911307
0.8482300164692442 0.14610125760938622
0.91106186954104 0.15471169905132462
0.9738937226128359 0.1628475793179821
1.0367255756846319 0.1704762061811707
1.0995574287564276 0.1775650402217677
1.1623892818282235 0.1840817699721297
1.2252211349000193 0.18999440625123404
1.2880529879718152 0.1952713983361435
1.350884841043611 0.199881774587916
1.413716694115407 0.20379531002838427
1.4765485471872026 0.20698272312761562
1.5393804002589986 0.20941590369153637
1.6022122533307945 0.21106817321716292
1.6650441064025903 0.21191457839330982
1.7278759594743862 0.21193221755550928
1.7907078125461822 0.21110059884894639
1.853539665617978 0.20940202761427873
1.9163715186897736 0.20682201910048134
1.9792033717615696 0.2033497310513169
2.0420352248333655 0.19897840904757794
2.104867077905162 0.19370583577219316
2.1676989309769574 0.1875347736730152
2.230530784048753 0.18047338891836512
2.2933626371205493 0.17253564317702952
2.356194490192345 0.1637416387209748
2.4190263432641403 0.15411790176267737
2.4818581963359367 0.1436975889119171
2.5446900494077322 0.13252060226664392
2.607521902479528 0.1206336000109695
2.670353755551324 0.10808989151579322
2.7331856086231197 0.09494920881321846
2.796017461694916 0.08127734988078429
2.8588493147667116 0.06714569330539061
2.9216811678385075 0.05263058842506678
2.9845130209103035 0.03781262974815953
3.047344873982099 0.022775829069188562
3.1101767270538954 0.007606702968240633
3.173008580125691 -0.007606702968240633
3.2358404331974873 -0.022775829069188562
3.2986722862692828 -0.03781262974815953
3.3615041393410787 -0.05263058842506678
3.4243359924128747 -0.06714569330539061
3.48716784548467 -0.08127734988078429
3.549999698556466 -0.09494920881321837
3.612831551628262 -0.10808989151579322
3.675663404700058 -0.1206336000109695
3.7384952577718535 -0.13252060226664392
3.8013271108436495 -0.1436975889119171
3.8641589639154454 -0.1541179017626773
3.9269908169872414 -0.1637416387209748
3.989822670059038 -0.17253564317702963
4.052654523130833 -0.18047338891836512
4.115486376202629 -0.1875347736730152
4.178318229274425 -0.19370583577219322
4.241150082346222 -0.19897840904757796
4.303981935418017 -0.20334973105131693
4.366813788489813 -0.20682201910048134
4.429645641561608 -0.20940202761427873
4.4924774946334045 -0.21110059884894636
4.5553093477052 -0.21193221755550928
4.618141200776996 -0.21191457839330982
4.680973053848792 -0.21106817321716292
4.743804906920587 -0.20941590369153643
4.806636759992383 -0.20698272312761568
4.869468613064179 -0.20379531002838427
4.932300466135976 -0.19988177458791595
4.995132319207771 -0.1952713983361435
5.057964172279567 -0.189994406251234
5.120796025351362 -0.1840817699721297
5.183627878423159 -0.1775650402217677
5.246459731494955 -0.17047620618117068
5.3092915845667505 -0.1628475793179821
5.372123437638546 -0.15471169905132462
5.434955290710342 -0.14610125760938622
5.497787143782137 -0.13704904148911318
5.560618996853934 -0.1275878870423106
5.62345084992573 -0.11775064787439693
5.686282702997525 -0.10757017193777206
5.749114556069321 -0.09707928641965592
5.811946409141116 -0.08631078875427076
5.874778262212914 -0.07529744232282579
5.937610115284709 -0.06407197563457807
6.000441968356505 -0.052667084002156854
6.0632738214283 -0.04111543292916326
6.126105674500097 -0.02944966261348373
6.188937527571893 -0.017702393132258028
6.2517693806436885 -0.005906230011115639