0.031415926535897934 0.005210914428589371
0.0942477796076938 0.015614788061092715
0.15707963267948966 0.025964840187455065
0.21991148575128552 0.036225336849460055
0.2827433388230814 0.0463607640380488
0.34557519189487723 0.056335914475580194
0.4084070449666731 0.06611597329687208
0.47123889803846897 0.07566660244770582
0.5340707511102649 0.08495402371241119
0.5969026041820606 0.0939451003881585
0.6597344572538566 0.10260741773842073
0.7225663103256523 0.11090936247702082
0.7853981633974483 0.11882020165212914
0.8482300164692442 0.12631016141118895
0.91106186954104 0.13335050622749495
0.9738937226128359 0.139913619251599
1.0367255756846319 0.14597308451045066
1.0995574287564276 0.1515037717091379
1.1623892818282235 0.15648192438954645
1.2252211349000193 0.1608852521630296
1.2880529879718152 0.1646930276567906
1.350884841043611 0.16788618869346636
1.413716694115407 0.17044744605872936
1.4765485471872026 0.17236139700216097
1.5393804002589986 0.173614644363136
1.6022122533307945 0.17419592091853972
1.6650441064025903 0.17409621821712293
1.7278759594743862 0.17330891880243574
1.7907078125461822 0.17182993034088015
1.853539665617978 0.16965781977393102
1.9163715186897736 0.1667939452165341
1.9792033717615696 0.16324258294162802
2.0420352248333655 0.15901104643985137
2.104867077905162 0.15410979424130483
2.1676989309769574 0.1485525229508872
2.230530784048753 0.14235624179833525
2.2933626371205493 0.1355413249557475
2.356194490192345 0.12813153794417015
2.4190263432641403 0.12015403464868878
2.4818581963359367 0.11163932179612236
2.5446900494077322 0.10262118822325493
2.607521902479528 0.09313659687284909
2.670353755551324 0.0832255381889782
2.7331856086231197 0.0729308444250277
2.796017461694916 0.06229796530277974
2.8588493147667116 0.051374706438909505
2.9216811678385075 0.04021093295056413
2.9845130209103035 0.028858241625690027
3.047344873982099 0.01736960595614544
3.1101767270538954 0.005798999142965431
3.173008580125691 -0.005798999142965431
3.2358404331974873 -0.01736960595614544
3.2986722862692828 -0.028858241625690027
3.3615041393410787 -0.04021093295056413
3.4243359924128747 -0.051374706438909505
3.48716784548467 -0.06229796530277974
3.549999698556466 -0.07293084442502748
3.612831551628262 -0.0832255381889782
3.675663404700058 -0.09313659687284909
3.7384952577718535 -0.10262118822325493
3.8013271108436495 -0.11163932179612236
3.8641589639154454 -0.12015403464868869
3.9269908169872414 -0.12813153794417015
3.989822670059038 -0.13554132495574767
4.052654523130833 -0.14235624179833525
4.115486376202629 -0.1485525229508872
4.178318229274425 -0.15410979424130491
4.241150082346222 -0.15901104643985148
4.303981935418017 -0.16324258294162802
4.366813788489813 -0.1667939452165341
4.429645641561608 -0.16965781977393102
4.4924774946334045 -0.1718299303408803
4.5553093477052 -0.17330891880243574
4.618141200776996 -0.1740962182171228
4.680973053848792 -0.1741959209185397
4.743804906920587 -0.173614644363136
4.806636759992383 -0.17236139700216105
4.869468613064179 -0.17044744605872936
4.932300466135976 -0.16788618869346641
4.995132319207771 -0.16469302765679067
5.057964172279567 -0.16088525216302965
5.120796025351362 -0.15648192438954653
5.183627878423159 -0.1515037717091379
5.246459731494955 -0.14597308451045057
5.3092915845667505 -0.139913619251599
5.372123437638546 -0.13335050622749495
5.434955290710342 -0.12631016141118886
5.497787143782137 -0.11882020165212925
5.560618996853934 -0.11090936247702067
5.62345084992573 -0.10260741773842073
5.686282702997525 -0.0939451003881585
5.749114556069321 -0.08495402371241126
5.811946409141116 -0.07566660244770598
5.874778262212914 -0.06611597329687206
5.937610115284709 -0.056335914475580194
6.000441968356505 -0.0463607640380488
6.0632738214283 -0.03622533684946007
6.126105674500097 -0.025964840187455065
6.188937527571893 -0.015614788061092708
6.2517693806436885 -0.005210914428589371