0.031415926535897934 0.0008350270708124711
0.0942477796076938 0.0025019516360367507
0.15707963267948966 0.004159497387013103
0.21991148575128552 0.00580144482400931
0.2827433388230814 0.007421623988026172
0.34557519189487723 0.009013934228213507
0.4084070449666731 0.010572363917970813
0.47123889803846897 0.01209101010159223
0.5340707511102649 0.01356409805072125
0.5969026041820606 0.014986000706718716
0.6597344572538566 0.016351257981339462
0.7225663103256523 0.017654595883873844
0.7853981633974483 0.018890945438167498
0.8482300164692442 0.020055461347716182
0.91106186954104 0.021143540361393248
0.9738937226128359 0.022150839286360788
1.0367255756846319 0.023073292588404005
1.0995574287564276 0.023907129513407878
1.1623892818282235 0.024648890657056995
1.2252211349000193 0.025295443903195013
1.2880529879718152 0.02584399964477288
1.350884841043611 0.026292125195072454
1.413716694115407 0.02663775829108733
1.4765485471872026 0.026879219585735314
1.5393804002589986 0.02701522402115455
1.6022122533307945 0.02704489097187778
1.6650441064025903 0.02696775304437556
1.7278759594743862 0.02678376341849689
1.7907078125461822 0.02649330161688446
1.853539665617978 0.02609717759068283
1.9163715186897736 0.02559663401390242
1.9792033717615696 0.024993346684819052
2.0420352248333655 0.024289422940809054
2.104867077905162 0.023487398003146934
2.1676989309769574 0.02259022918049558
2.230530784048753 0.02160128787408413
2.2933626371205493 0.02052434934379546
2.356194490192345 0.01936358021243939
2.4190263432641403 0.018123523705173252
2.4818581963359367 0.016809082642105903
2.5446900494077322 0.015425500224287715
2.607521902479528 0.013978338676214263
2.670353755551324 0.012473455831271251
2.7331856086231197 0.010916979769826684
2.796017461694916 0.009315281642495312
2.8588493147667116 0.0076749468330284554
2.9216811678385075 0.006002744635888575
2.9845130209103035 0.004305596642411993
3.047344873982099 0.0025905440461803926
3.1101767270538954 0.0008647140924125908
3.173008580125691 -0.0008647140924125908
3.2358404331974873 -0.0025905440461803926
3.2986722862692828 -0.004305596642411993
3.3615041393410787 -0.006002744635888575
3.4243359924128747 -0.0076749468330284554
3.48716784548467 -0.009315281642495312
3.549999698556466 -0.010916979769826684
3.612831551628262 -0.012473455831271251
3.675663404700058 -0.013978338676214263
3.7384952577718535 -0.015425500224287715
3.8013271108436495 -0.016809082642105903
3.8641589639154454 -0.018123523705173252
3.9269908169872414 -0.01936358021243939
3.989822670059038 -0.020524349343795538
4.052654523130833 -0.02160128787408413
4.115486376202629 -0.02259022918049558
4.178318229274425 -0.02348739800314699
4.241150082346222 -0.024289422940809095
4.303981935418017 -0.0249933466848191
4.366813788489813 -0.02559663401390242
4.429645641561608 -0.02609717759068278
4.4924774946334045 -0.026493301616884568
4.5553093477052 -0.02678376341849689
4.618141200776996 -0.026967753044375736
4.680973053848792 -0.02704489097187778
4.743804906920587 -0.02701522402115464
4.806636759992383 -0.02687921958573533
4.869468613064179 -0.02663775829108733
4.932300466135976 -0.02629212519507244
4.995132319207771 -0.02584399964477287
5.057964172279567 -0.025295443903195023
5.120796025351362 -0.024648890657057016
5.183627878423159 -0.023907129513407878
5.246459731494955 -0.023073292588403984
5.3092915845667505 -0.022150839286360788
5.372123437638546 -0.021143540361393248
5.434955290710342 -0.020055461347716262
5.497787143782137 -0.018890945438167536
5.560618996853934 -0.01765459588387382
5.62345084992573 -0.016351257981339462
5.686282702997525 -0.014986000706718716
5.749114556069321 -0.013564098050721167
5.811946409141116 -0.0120910101015922
5.874778262212914 -0.010572363917970838
5.937610115284709 -0.009013934228213507
6.000441968356505 -0.007421623988026172
6.0632738214283 -0.005801444824009339
6.126105674500097 -0.004159497387013103
6.188937527571893 -0.0025019516360366995
6.2517693806436885 -0.0008350270708124711