0.031415926535897934 0.007841465820798482
0.0942477796076938 0.023500247677557123
0.15707963267948966 0.039086619292521545
0.21991148575128552 0.054552436968067955
0.2827433388230814 0.06984974971037099
0.34557519189487723 0.0849308724505791
0.4084070449666731 0.09974845568875684
0.47123889803846897 0.11425555093442837
0.5340707511102649 0.12840567159981164
0.5969026041820606 0.14215284933101688
0.6597344572538566 0.1554516861298031
0.7225663103256523 0.16825740301404846
0.7853981633974483 0.18052588637809025
0.8482300164692442 0.19221373363293512
0.91106186954104 0.20327830011874876
0.9738937226128359 0.21367774967508352
1.0367255756846319 0.22337111161438802
1.0995574287564276 0.2323183471572135
1.1623892818282235 0.2404804286381651
1.2252211349000193 0.24781943496419948
1.2880529879718152 0.25429866688479835
1.350884841043611 0.259882785599498
1.413716694115407 0.26453797806454316
1.4765485471872026 0.268232152049277
1.5393804002589986 0.2709351635172626
1.6022122533307945 0.272619078251684
1.6650441064025903 0.27325846879697596
1.7278759594743862 0.2728307467412425
1.7907078125461822 0.2713165291158742
1.853539665617978 0.2687000362477814
1.9163715186897736 0.2649695167849719
1.9792033717615696 0.26011769386038475
2.0420352248333655 0.25414222450994506
2.104867077905162 0.2470461625832842
2.1676989309769574 0.23883841356096078
2.230530784048753 0.22953416801754997
2.2933626371205493 0.2191552990557803
2.356194490192345 0.20773070800136242
2.4190263432641403 0.19529660211098718
2.4818581963359367 0.1818966881196553
2.5446900494077322 0.16758226623310168
2.607521902479528 0.15241221072337183
2.670353755551324 0.13645282563845415
2.7331856086231197 0.11977756726996197
2.796017461694916 0.10246662886144543
2.8588493147667116 0.08460638745233802
2.9216811678385075 0.06628871755299971
2.9845130209103035 0.04761018130316449
3.047344873982099 0.02867110961539674
3.1101767270538954 0.009574593269266275
3.173008580125691 -0.009574593269266275
3.2358404331974873 -0.02867110961539674
3.2986722862692828 -0.04761018130316449
3.3615041393410787 -0.06628871755299971
3.4243359924128747 -0.08460638745233802
3.48716784548467 -0.10246662886144543
3.549999698556466 -0.11977756726996179
3.612831551628262 -0.13645282563845415
3.675663404700058 -0.15241221072337183
3.7384952577718535 -0.1675822662331016
3.8013271108436495 -0.1818966881196553
3.8641589639154454 -0.19529660211098704
3.9269908169872414 -0.20773070800136242
3.989822670059038 -0.21915529905578057
4.052654523130833 -0.22953416801754997
4.115486376202629 -0.23883841356096078
4.178318229274425 -0.2470461625832843
4.241150082346222 -0.2541422245099452
4.303981935418017 -0.2601176938603847
4.366813788489813 -0.2649695167849719
4.429645641561608 -0.2687000362477814
4.4924774946334045 -0.2713165291158744
4.5553093477052 -0.2728307467412425
4.618141200776996 -0.27325846879697585
4.680973053848792 -0.272619078251684
4.743804906920587 -0.27093516351726266
4.806636759992383 -0.26823215204927703
4.869468613064179 -0.26453797806454316
4.932300466135976 -0.259882785599498
4.995132319207771 -0.2542986668847984
5.057964172279567 -0.24781943496419953
5.120796025351362 -0.24048042863816504
5.183627878423159 -0.2323183471572135
5.246459731494955 -0.22337111161438786
5.3092915845667505 -0.21367774967508352
5.372123437638546 -0.20327830011874876
5.434955290710342 -0.19221373363293506
5.497787143782137 -0.1805258863780906
5.560618996853934 -0.1682574030140483
5.62345084992573 -0.1554516861298031
5.686282702997525 -0.14215284933101688
5.749114556069321 -0.12840567159981178
5.811946409141116 -0.11425555093442857
5.874778262212914 -0.09974845568875673
5.937610115284709 -0.0849308724505791
6.000441968356505 -0.06984974971037099
6.0632738214283 -0.05455243696806808
6.126105674500097 -0.039086619292521545
6.188937527571893 -0.023500247677556995
6.2517693806436885 -0.007841465820798482