0.031415926535897934 0.0028350960041296203
0.0942477796076938 0.008495442888425181
0.15707963267948966 0.014126276543091723
0.21991148575128552 0.019707995329221427
0.2827433388230814 0.025221108520534042
0.34557519189487723 0.030646280956313953
0.4084070449666731 0.03596437799391591
0.47123889803846897 0.041156510862156104
0.5340707511102649 0.04620408252705397
0.5969026041820606 0.05108883419199903
0.6597344572538566 0.05579289256448671
0.7225663103256523 0.060298818029968615
0.7853981633974483 0.06458965387885962
0.8482300164692442 0.06864897673407057
0.91106186954104 0.07246094832225629
0.9738937226128359 0.07601036872101792
1.0367255756846319 0.0792827311953274
1.0995574287564276 0.08226427870834695
1.1623892818282235 0.08494206215364852
1.2252211349000193 0.08730400030685498
1.2880529879718152 0.08933894143449257
1.350884841043611 0.09103672642623013
1.413716694115407 0.09238825323397279
1.4765485471872026 0.09338554230818648
1.5393804002589986 0.09402180261957535
1.6022122533307945 0.09429149774455824
1.6650441064025903 0.0941904113781776
1.7278759594743862 0.09371571152100137
1.7907078125461822 0.09286601247061911
1.853539665617978 0.09164143363740039
1.9163715186897736 0.09004365410259903
1.9792033717615696 0.08807596174929157
2.0420352248333655 0.08574329572786624
2.104867077905162 0.08305228097264739
2.1676989309769574 0.08001125346939861
2.230530784048753 0.07663027498907543
2.2933626371205493 0.07292113605483978
2.356194490192345 0.0688973459995792
2.4190263432641403 0.0645741091014362
2.4818581963359367 0.05996828595518593
2.5446900494077322 0.055098339446193835
2.607521902479528 0.049984264937969036
2.670353755551324 0.044647504559142244
2.7331856086231197 0.039110845774520536
2.796017461694916 0.033398304739724084
2.8588493147667116 0.02753499526054403
2.9216811678385075 0.02154698449644141
2.9845130209103035 0.0154611368519179
3.047344873982099 0.009304947779182535
3.1101767270538954 0.0031063694604826996
3.173008580125691 -0.0031063694604826996
3.2358404331974873 -0.009304947779182535
3.2986722862692828 -0.0154611368519179
3.3615041393410787 -0.02154698449644141
3.4243359924128747 -0.02753499526054403
3.48716784548467 -0.033398304739724084
3.549999698556466 -0.039110845774520495
3.612831551628262 -0.044647504559142244
3.675663404700058 -0.049984264937969036
3.7384952577718535 -0.055098339446193835
3.8013271108436495 -0.05996828595518593
3.8641589639154454 -0.06457410910143623
3.9269908169872414 -0.0688973459995792
3.989822670059038 -0.0729211360548398
4.052654523130833 -0.07663027498907543
4.115486376202629 -0.08001125346939861
4.178318229274425 -0.08305228097264747
4.241150082346222 -0.08574329572786625
4.303981935418017 -0.08807596174929154
4.366813788489813 -0.09004365410259903
4.429645641561608 -0.09164143363740034
4.4924774946334045 -0.09286601247061908
4.5553093477052 -0.09371571152100137
4.618141200776996 -0.09419041137817759
4.680973053848792 -0.09429149774455828
4.743804906920587 -0.09402180261957535
4.806636759992383 -0.0933855423081863
4.869468613064179 -0.09238825323397279
4.932300466135976 -0.09103672642623019
4.995132319207771 -0.08933894143449257
5.057964172279567 -0.08730400030685499
5.120796025351362 -0.08494206215364855
5.183627878423159 -0.08226427870834695
5.246459731494955 -0.07928273119532742
5.3092915845667505 -0.07601036872101792
5.372123437638546 -0.07246094832225629
5.434955290710342 -0.0686489767340706
5.497787143782137 -0.06458965387885976
5.560618996853934 -0.06029881802996859
5.62345084992573 -0.05579289256448671
5.686282702997525 -0.05108883419199903
5.749114556069321 -0.04620408252705406
5.811946409141116 -0.041156510862156145
5.874778262212914 -0.03596437799391587
5.937610115284709 -0.030646280956313953
6.000441968356505 -0.025221108520534042
6.0632738214283 -0.019707995329221555
6.126105674500097 -0.014126276543091723
6.188937527571893 -0.00849544288842506
6.2517693806436885 -0.0028350960041296203