0.031415926535897934 0.0060220590876832415
0.0942477796076938 0.018049553321101326
0.15707963267948966 0.030027176678008978
0.21991148575128552 0.04192168494620701
0.2827433388230814 0.05369983805146186
0.34557519189487723 0.06532840094209601
0.4084070449666731 0.07677414386499418
0.47123889803846897 0.0880038420877973
0.5340707511102649 0.09898427528867301
0.5969026041820606 0.10968222703322825
0.6597344572538566 0.12006448498457196
0.7225663103256523 0.13009784274323008
0.7853981633974483 0.1397491044837997
0.8482300164692442 0.14898509383932915
0.91106186954104 0.15777266877581583
0.9738937226128359 0.16607874449023835
1.0367255756846319 0.17387032664710603
1.0995574287564276 0.18111455753007488
1.1623892818282235 0.18777877791441996
1.2252211349000193 0.1938306076488596
1.2880529879718152 0.19923804805517356
1.350884841043611 0.2039696092929667
1.413716694115407 0.2079944657746429
1.4765485471872026 0.21128264253047688
1.5393804002589986 0.21380523509302415
1.6022122533307945 0.21553466497148274
1.6650441064025903 0.21644497209900473
1.7278759594743862 0.2165121447416114
1.7907078125461822 0.21571448624416553
1.853539665617978 0.21403301665284957
1.9163715186897736 0.21145190570213956
1.9792033717615696 0.2079589319089638
2.0420352248333655 0.2035459606164987
2.104867077905162 0.1982094318335122
2.1676989309769574 0.1919508467020798
2.230530784048753 0.18477723949789235
2.2933626371205493 0.1767016203434708
2.356194490192345 0.16774337243058365
2.4190263432641403 0.15792858664709386
2.4818581963359367 0.1472903162266329
2.5446900494077322 0.1358687345142835
2.607521902479528 0.12371118026769819
2.670353755551324 0.11087207714884584
2.7331856086231197 0.0974127172101614
2.796017461694916 0.08340090217868626
2.8588493147667116 0.06891044106089256
2.9216811678385075 0.05402050782801308
2.9845130209103035 0.03881486843446511
3.047344873982099 0.023380991862509967
3.1101767270538954 0.007809064943815643
3.173008580125691 -0.007809064943815643
3.2358404331974873 -0.023380991862509967
3.2986722862692828 -0.03881486843446511
3.3615041393410787 -0.05402050782801308
3.4243359924128747 -0.06891044106089256
3.48716784548467 -0.08340090217868626
3.549999698556466 -0.0974127172101613
3.612831551628262 -0.11087207714884584
3.675663404700058 -0.12371118026769819
3.7384952577718535 -0.13586873451428338
3.8013271108436495 -0.1472903162266329
3.8641589639154454 -0.15792858664709386
3.9269908169872414 -0.16774337243058365
3.989822670059038 -0.1767016203434711
4.052654523130833 -0.18477723949789235
4.115486376202629 -0.1919508467020798
4.178318229274425 -0.19820943183351225
4.241150082346222 -0.2035459606164988
4.303981935418017 -0.20795893190896383
4.366813788489813 -0.21145190570213956
4.429645641561608 -0.21403301665284946
4.4924774946334045 -0.2157144862441656
4.5553093477052 -0.2165121447416114
4.618141200776996 -0.21644497209900476
4.680973053848792 -0.21553466497148274
4.743804906920587 -0.21380523509302415
4.806636759992383 -0.21128264253047696
4.869468613064179 -0.2079944657746429
4.932300466135976 -0.20396960929296656
4.995132319207771 -0.19923804805517356
5.057964172279567 -0.19383060764885962
5.120796025351362 -0.18777877791442002
5.183627878423159 -0.18111455753007488
5.246459731494955 -0.173870326647106
5.3092915845667505 -0.16607874449023835
5.372123437638546 -0.15777266877581583
5.434955290710342 -0.1489850938393292
5.497787143782137 -0.13974910448379985
5.560618996853934 -0.13009784274323008
5.62345084992573 -0.12006448498457196
5.686282702997525 -0.10968222703322825
5.749114556069321 -0.0989842752886732
5.811946409141116 -0.08800384208779741
5.874778262212914 -0.07677414386499411
5.937610115284709 -0.06532840094209601
6.000441968356505 -0.05369983805146186
6.0632738214283 -0.04192168494620707
6.126105674500097 -0.030027176678008978
6.188937527571893 -0.01804955332110119
6.2517693806436885 -0.0060220590876832415