0.031415926535897934 0.001052261147718558
0.0942477796076938 0.003152850299646631
0.15707963267948966 0.005241652366394425
0.21991148575128552 0.007310850434152231
0.2827433388230814 0.009352689274649066
0.34557519189487723 0.011359499960416826
0.4084070449666731 0.01332372441853479
0.47123889803846897 0.015237939901582592
0.5340707511102649 0.017094883351742945
0.5969026041820606 0.01888747563053528
0.6597344572538566 0.020608845582560306
0.7225663103256523 0.022252353896858257
0.7853981633974483 0.023811616724040873
0.8482300164692442 0.02528052900126895
0.91106186954104 0.026653287430419035
0.9738937226128359 0.02792441304747267
1.0367255756846319 0.02908877331332345
1.0995574287564276 0.03014160364790285
1.1623892818282235 0.03107852832089617
1.2252211349000193 0.03189558060347227
1.2880529879718152 0.03258922207654159
1.350884841043611 0.03315636098227943
1.413716694115407 0.03359436949719824
1.4765485471872026 0.03390109979715923
1.5393804002589986 0.034074898777642006
1.6022122533307945 0.034114621286585635
1.6650441064025903 0.034019641722474306
1.7278759594743862 0.03378986384733068
1.7907078125461822 0.03342572866319357
1.853539665617978 0.03292822020173788
1.9163715186897736 0.032298869080210575
1.9792033717615696 0.031539753683003324
2.0420352248333655 0.030653498837139997
2.104867077905162 0.02964327186184
2.1676989309769574 0.028512775887199502
2.230530784048753 0.02726624035489155
2.2933626371205493 0.025908408634551034
2.356194490192345 0.024444522713026426
2.4190263432641403 0.022880304939690642
2.4818581963359367 0.02122193683920977
2.5446900494077322 0.019476035033148043
2.607521902479528 0.01764962434308757
2.670353755551324 0.015750108180017697
2.7331856086231197 0.01378523635701214
2.796017461694916 0.01176307049405072
2.8588493147667116 0.009691947214593396
2.9216811678385075 0.007580439362548912
2.9845130209103035 0.005437315494948899
3.047344873982099 0.003271497929351992
3.1101767270538954 0.0010920196452237592
3.173008580125691 -0.0010920196452237592
3.2358404331974873 -0.003271497929351992
3.2986722862692828 -0.005437315494948899
3.3615041393410787 -0.007580439362548912
3.4243359924128747 -0.009691947214593396
3.48716784548467 -0.01176307049405072
3.549999698556466 -0.01378523635701214
3.612831551628262 -0.015750108180017697
3.675663404700058 -0.01764962434308757
3.7384952577718535 -0.01947603503314805
3.8013271108436495 -0.02122193683920977
3.8641589639154454 -0.022880304939690572
3.9269908169872414 -0.024444522713026426
3.989822670059038 -0.025908408634551173
4.052654523130833 -0.02726624035489155
4.115486376202629 -0.028512775887199502
4.178318229274425 -0.029643271861839994
4.241150082346222 -0.030653498837140036
4.303981935418017 -0.03153975368300338
4.366813788489813 -0.032298869080210575
4.429645641561608 -0.03292822020173793
4.4924774946334045 -0.03342572866319367
4.5553093477052 -0.03378986384733068
4.618141200776996 -0.034019641722474285
4.680973053848792 -0.03411462128658571
4.743804906920587 -0.034074898777642006
4.806636759992383 -0.03390109979715925
4.869468613064179 -0.03359436949719824
4.932300466135976 -0.03315636098227941
4.995132319207771 -0.03258922207654152
5.057964172279567 -0.031895580603472355
5.120796025351362 -0.031078528320896286
5.183627878423159 -0.03014160364790285
5.246459731494955 -0.0290887733133234
5.3092915845667505 -0.02792441304747267
5.372123437638546 -0.026653287430419035
5.434955290710342 -0.025280529001268977
5.497787143782137 -0.02381161672404093
5.560618996853934 -0.02225235389685824
5.62345084992573 -0.020608845582560306
5.686282702997525 -0.01888747563053528
5.749114556069321 -0.017094883351742873
5.811946409141116 -0.01523793990158257
5.874778262212914 -0.013323724418534732
5.937610115284709 -0.011359499960416826
6.000441968356505 -0.009352689274649066
6.0632738214283 -0.007310850434152231
6.126105674500097 -0.005241652366394425
6.188937527571893 -0.003152850299646587
6.2517693806436885 -0.001052261147718558