0.031415926535897934 0.005765775928942655
0.0942477796076938 0.017275564541642946
0.15707963267948966 0.02872014188250206
0.21991148575128552 0.04005629485144384
0.2827433388230814 0.051241200357176823
0.34557519189487723 0.06223257814121932
0.4084070449666731 0.07298884052883195
0.47123889803846897 0.08346923837614804
0.5340707511102649 0.09363400258528035
0.5969026041820606 0.10344448067593402
0.6597344572538566 0.11286326802850058
0.7225663103256523 0.12185433354473307
0.7853981633974483 0.13038313960271616
0.8482300164692442 0.13841675630770486
0.91106186954104 0.14592397015440647
0.9738937226128359 0.15287538731466663
1.0367255756846319 0.15924353184300027
1.0995574287564276 0.16500293914731035
1.1623892818282235 0.17013024510056957
1.2252211349000193 0.17460427116911115
1.2880529879718152 0.1784061059033752
1.350884841043611 0.18151918307730847
1.413716694115407 0.18392935667400728
1.4765485471872026 0.18562497279949572
1.5393804002589986 0.1865969384666837
1.6022122533307945 0.18683878703144052
1.6650441064025903 0.18634673988719389
1.7278759594743862 0.18511976383920223
1.7907078125461822 0.18315962339108757
1.853539665617978 0.1804709269913814
1.9163715186897736 0.17706116611419212
1.9792033717615696 0.17294074589333805
2.0420352248333655 0.16812300590109375
2.104867077905162 0.16262422956847447
2.1676989309769574 0.15646364069057483
2.230530784048753 0.1496633854538824
2.2933626371205493 0.14224849846747387
2.356194490192345 0.13424685137991382
2.4190263432641403 0.12568908282006597
2.4818581963359367 0.11660850861246373
2.5446900494077322 0.10704101148381512
2.607521902479528 0.09702490979180656
2.670353755551324 0.08660080516361797
2.7331856086231197 0.07581140932032814
2.796017461694916 0.06470135077371379
2.8588493147667116 0.05331696250136085
2.9216811678385075 0.041706052120984285
2.9845130209103035 0.029917656481408712
3.047344873982099 0.01800178295186278
3.1101767270538954 0.006009140009949586
3.173008580125691 -0.006009140009949586
3.2358404331974873 -0.01800178295186278
3.2986722862692828 -0.029917656481408712
3.3615041393410787 -0.041706052120984285
3.4243359924128747 -0.05331696250136085
3.48716784548467 -0.06470135077371379
3.549999698556466 -0.07581140932032808
3.612831551628262 -0.08660080516361797
3.675663404700058 -0.09702490979180656
3.7384952577718535 -0.10704101148381512
3.8013271108436495 -0.11660850861246373
3.8641589639154454 -0.1256890828200659
3.9269908169872414 -0.13424685137991382
3.989822670059038 -0.1422484984674738
4.052654523130833 -0.1496633854538824
4.115486376202629 -0.15646364069057483
4.178318229274425 -0.16262422956847442
4.241150082346222 -0.16812300590109383
4.303981935418017 -0.17294074589333805
4.366813788489813 -0.17706116611419212
4.429645641561608 -0.18047092699138143
4.4924774946334045 -0.18315962339108752
4.5553093477052 -0.18511976383920223
4.618141200776996 -0.18634673988719389
4.680973053848792 -0.18683878703144055
4.743804906920587 -0.18659693846668368
4.806636759992383 -0.18562497279949586
4.869468613064179 -0.18392935667400728
4.932300466135976 -0.18151918307730852
4.995132319207771 -0.17840610590337516
5.057964172279567 -0.17460427116911115
5.120796025351362 -0.1701302451005696
5.183627878423159 -0.16500293914731035
5.246459731494955 -0.15924353184300008
5.3092915845667505 -0.15287538731466663
5.372123437638546 -0.14592397015440647
5.434955290710342 -0.13841675630770495
5.497787143782137 -0.13038313960271616
5.560618996853934 -0.12185433354473299
5.62345084992573 -0.11286326802850058
5.686282702997525 -0.10344448067593402
5.749114556069321 -0.09363400258528061
5.811946409141116 -0.08346923837614828
5.874778262212914 -0.07298884052883191
5.937610115284709 -0.06223257814121932
6.000441968356505 -0.051241200357176823
6.0632738214283 -0.04005629485144379
6.126105674500097 -0.02872014188250206
6.188937527571893 -0.017275564541642804
6.2517693806436885 -0.005765775928942655