0.031415926535897934 0.006452667046591311
0.0942477796076938 0.019340663449999847
0.15707963267948966 0.03217664387645643
0.21991148575128552 0.044925921134956186
0.2827433388230814 0.05755379261361689
0.34557519189487723 0.07002553296748354
0.4084070449666731 0.08230638584533097
0.47123889803846897 0.0943615546394769
0.5340707511102649 0.10615619243195246
0.5969026041820606 0.11765539153665218
0.6597344572538566 0.12882417329713736
0.7225663103256523 0.13962747908978898
0.7853981633974483 0.15003016379738424
0.8482300164692442 0.15999699335344952
0.91106186954104 0.1694926483063387
0.9738937226128359 0.17848173570606699
1.0367255756846319 0.18692881196706515
1.0995574287564276 0.19479841969494205
1.1623892818282235 0.2020551417715842
1.2252211349000193 0.20866367625451282
1.2880529879718152 0.21458893584469385
1.350884841043611 0.21979617579027688
1.413716694115407 0.22425115409757976
1.4765485471872026 0.22792032778783006
1.5393804002589986 0.2307710886395487
1.6022122533307945 0.23277204136178445
1.6650441064025903 0.2338933264229811
1.7278759594743862 0.23410698878705202
1.7907078125461822 0.23338739256068655
1.853539665617978 0.23171168002131629
1.9163715186897736 0.2290602716736709
1.9792033717615696 0.225417401891709
2.0420352248333655 0.22077168238064987
2.104867077905162 0.2151166832048893
2.1676989309769574 0.20845151856402933
2.230530784048753 0.200781421982639
2.2933626371205493 0.19211829325925384
2.356194490192345 0.18248119756950856
2.4190263432641403 0.17189679572543642
2.4818581963359367 0.16039968394919676
2.5446900494077322 0.14803262180346333
2.607521902479528 0.13484662827985439
2.670353755551324 0.12090092857740413
2.7331856086231197 0.10626273783138235
2.796017461694916 0.09100687291930483
2.8588493147667116 0.07521518932108612
2.9216811678385075 0.058975846593394485
2.9845130209103035 0.04238241299708763
3.047344873982099 0.02553282678748744
3.1101767270538954 0.008528238200099994
3.173008580125691 -0.008528238200099994
3.2358404331974873 -0.02553282678748744
3.2986722862692828 -0.04238241299708763
3.3615041393410787 -0.058975846593394485
3.4243359924128747 -0.07521518932108612
3.48716784548467 -0.09100687291930483
3.549999698556466 -0.10626273783138235
3.612831551628262 -0.12090092857740413
3.675663404700058 -0.13484662827985439
3.7384952577718535 -0.14803262180346324
3.8013271108436495 -0.16039968394919676
3.8641589639154454 -0.1718967957254363
3.9269908169872414 -0.18248119756950856
3.989822670059038 -0.19211829325925397
4.052654523130833 -0.200781421982639
4.115486376202629 -0.20845151856402933
4.178318229274425 -0.21511668320488944
4.241150082346222 -0.2207716823806499
4.303981935418017 -0.22541740189170892
4.366813788489813 -0.2290602716736709
4.429645641561608 -0.23171168002131629
4.4924774946334045 -0.23338739256068652
4.5553093477052 -0.23410698878705202
4.618141200776996 -0.2338933264229811
4.680973053848792 -0.23277204136178453
4.743804906920587 -0.2307710886395487
4.806636759992383 -0.22792032778783006
4.869468613064179 -0.22425115409757976
4.932300466135976 -0.2197961757902768
4.995132319207771 -0.21458893584469385
5.057964172279567 -0.2086636762545129
5.120796025351362 -0.2020551417715842
5.183627878423159 -0.19479841969494205
5.246459731494955 -0.18692881196706493
5.3092915845667505 -0.17848173570606699
5.372123437638546 -0.1694926483063387
5.434955290710342 -0.15999699335344952
5.497787143782137 -0.15003016379738437
5.560618996853934 -0.13962747908978893
5.62345084992573 -0.12882417329713736
5.686282702997525 -0.11765539153665218
5.749114556069321 -0.10615619243195268
5.811946409141116 -0.09436155463947704
5.874778262212914 -0.08230638584533083
5.937610115284709 -0.07002553296748354
6.000441968356505 -0.05755379261361689
6.0632738214283 -0.04492592113495629
6.126105674500097 -0.03217664387645643
6.188937527571893 -0.019340663449999754
6.2517693806436885 -0.006452667046591311