0.031415926535897934 0.0010039671829125147
0.0942477796076938 0.0030045663715070566
0.15707963267948966 0.004983271692213853
0.21991148575128552 0.006925856157050259
0.2827433388230814 0.008818634810992317
0.34557519189487723 0.010648659395554445
0.4084070449666731 0.012403892120903454
0.47123889803846897 0.01407335427619946
0.5340707511102649 0.01564724651954462
0.5969026041820606 0.01711703888658703
0.6597344572538566 0.01847552976795926
0.7225663103256523 0.019716874262469944
0.7853981633974483 0.02083658335698563
0.8482300164692442 0.02183149626997841
0.91106186954104 0.022699728993567512
0.9738937226128359 0.023440602563766993
1.0367255756846319 0.02405455488024112
1.0995574287564276 0.024543039997195943
1.1623892818282235 0.024908418737761215
1.2252211349000193 0.02515384427352618
1.2880529879718152 0.025283145990479133
1.350884841043611 0.02530071456488925
1.413716694115407 0.025211390728602817
1.4765485471872026 0.02502035974055403
1.5393804002589986 0.024733053123459754
1.6022122533307945 0.02435505879035452
1.6650441064025903 0.023892040288536236
1.7278759594743862 0.023349665537746055
1.7907078125461822 0.022733545139975834
1.853539665617978 0.022049180091693894
1.9163715186897736 0.02130191853427698
1.9792033717615696 0.020496921031779913
2.0420352248333655 0.019639133762210263
2.104867077905162 0.018733268943751703
2.1676989309769574 0.017783791785088605
2.230530784048753 0.01679491324332484
2.2933626371205493 0.015770587888461
2.356194490192345 0.01471451620491749
2.4190263432641403 0.013630150703699473
2.4818581963359367 0.012520705269592558
2.5446900494077322 0.01138916722300632
2.607521902479528 0.01023831163306502
2.670353755551324 0.009070717475148482
2.7331856086231197 0.007888785280647582
2.796017461694916 0.006694755977970793
2.8588493147667116 0.0054907306709099084
2.9216811678385075 0.004278691142713049
2.9845130209103035 0.0030605209111837827
3.047344873982099 0.0018380266916025797
3.1101767270538954 0.0006129601500664929
3.173008580125691 -0.0006129601500664929
3.2358404331974873 -0.0018380266916025797
3.2986722862692828 -0.0030605209111837827
3.3615041393410787 -0.004278691142713049
3.4243359924128747 -0.0054907306709099084
3.48716784548467 -0.006694755977970793
3.549999698556466 -0.007888785280647582
3.612831551628262 -0.009070717475148482
3.675663404700058 -0.01023831163306502
3.7384952577718535 -0.01138916722300632
3.8013271108436495 -0.012520705269592558
3.8641589639154454 -0.013630150703699473
3.9269908169872414 -0.01471451620491749
3.989822670059038 -0.015770587888461
4.052654523130833 -0.01679491324332484
4.115486376202629 -0.017783791785088605
4.178318229274425 -0.018733268943751703
4.241150082346222 -0.019639133762210152
4.303981935418017 -0.020496921031779913
4.366813788489813 -0.02130191853427698
4.429645641561608 -0.022049180091693953
4.4924774946334045 -0.022733545139975893
4.5553093477052 -0.023349665537746055
4.618141200776996 -0.023892040288536236
4.680973053848792 -0.02435505879035452
4.743804906920587 -0.024733053123459754
4.806636759992383 -0.02502035974055403
4.869468613064179 -0.025211390728602817
4.932300466135976 -0.02530071456488925
4.995132319207771 -0.025283145990479133
5.057964172279567 -0.02515384427352618
5.120796025351362 -0.024908418737761156
5.183627878423159 -0.024543039997195943
5.246459731494955 -0.024054554880241115
5.3092915845667505 -0.023440602563766993
5.372123437638546 -0.022699728993567512
5.434955290710342 -0.02183149626997841
5.497787143782137 -0.020836583356985686
5.560618996853934 -0.019716874262469944
5.62345084992573 -0.01847552976795926
5.686282702997525 -0.01711703888658703
5.749114556069321 -0.01564724651954462
5.811946409141116 -0.01407335427619946
5.874778262212914 -0.012403892120903454
5.937610115284709 -0.010648659395554445
6.000441968356505 -0.008818634810992317
6.0632738214283 -0.006925856157050259
6.126105674500097 -0.004983271692213853
6.188937527571893 -0.0030045663715070003
6.2517693806436885 -0.0010039671829125147