0.031415926535897934 0.008386283259890721
0.0942477796076938 0.02512541997047801
0.15707963267948966 0.04176441871834043
0.21991148575128552 0.05823702432509579
0.2827433388230814 0.07447773187735317
0.34557519189487723 0.09042207710712978
0.4084070449666731 0.10600691735577174
0.47123889803846897 0.12117070085908577
0.5340707511102649 0.13585372238971222
0.5969026041820606 0.1499983636333767
0.6597344572538566 0.1635493170459189
0.7225663103256523 0.17645379232439873
0.7853981633974483 0.18866170501433696
0.8482300164692442 0.20012584715274198
0.91106186954104 0.2108020402002703
0.9738937226128359 0.22064927083416716
1.0367255756846319 0.2296298104466689
1.0995574287564276 0.2377093194133223
1.1623892818282235 0.2448569373563646
1.2252211349000193 0.2510453607261931
1.2880529879718152 0.25625090905769177
1.350884841043611 0.26045358122848183
1.413716694115407 0.2636371029559337
1.4765485471872026 0.2657889666237446
1.5393804002589986 0.26690046433358866
1.6022122533307945 0.26696671484073153
1.6650441064025903 0.2659866847638547
1.7278759594743862 0.2639632041688297
1.7907078125461822 0.26090297632482357
1.853539665617978 0.2568165811302317
1.9163715186897736 0.25171847141710424
1.9792033717615696 0.2456269610772926
2.0420352248333655 0.23856420372243797
2.104867077905162 0.23055616040326765
2.1676989309769574 0.22163255478048705
2.230530784048753 0.21182681406741527
2.2933626371205493 0.20117599405929149
2.356194490192345 0.18972068662958982
2.4190263432641403 0.17750490821128145
2.4818581963359367 0.1645759679897207
2.5446900494077322 0.15098431481007882
2.607521902479528 0.13678336213974465
2.670353755551324 0.12202929081597096
2.7331856086231197 0.10678082974004634
2.796017461694916 0.09109901513809762
2.8588493147667116 0.07504692948035878
2.9216811678385075 0.058689421619325235
2.9845130209103035 0.04209281015621119
3.047344873982099 0.025324572458229708
3.1101767270538954 0.008453022111168334
3.173008580125691 -0.008453022111168334
3.2358404331974873 -0.025324572458229708
3.2986722862692828 -0.04209281015621119
3.3615041393410787 -0.058689421619325235
3.4243359924128747 -0.07504692948035878
3.48716784548467 -0.09109901513809762
3.549999698556466 -0.10678082974004617
3.612831551628262 -0.12202929081597096
3.675663404700058 -0.13678336213974465
3.7384952577718535 -0.1509843148100787
3.8013271108436495 -0.1645759679897207
3.8641589639154454 -0.17750490821128145
3.9269908169872414 -0.18972068662958982
3.989822670059038 -0.20117599405929174
4.052654523130833 -0.21182681406741527
4.115486376202629 -0.22163255478048705
4.178318229274425 -0.23055616040326785
4.241150082346222 -0.23856420372243792
4.303981935418017 -0.24562696107729265
4.366813788489813 -0.25171847141710424
4.429645641561608 -0.25681658113023165
4.4924774946334045 -0.26090297632482357
4.5553093477052 -0.2639632041688297
4.618141200776996 -0.26598668476385456
4.680973053848792 -0.2669667148407316
4.743804906920587 -0.26690046433358866
4.806636759992383 -0.2657889666237448
4.869468613064179 -0.2636371029559337
4.932300466135976 -0.2604535812284816
4.995132319207771 -0.25625090905769177
5.057964172279567 -0.2510453607261932
5.120796025351362 -0.2448569373563646
5.183627878423159 -0.2377093194133223
5.246459731494955 -0.22962981044666875
5.3092915845667505 -0.22064927083416716
5.372123437638546 -0.2108020402002703
5.434955290710342 -0.20012584715274195
5.497787143782137 -0.18866170501433702
5.560618996853934 -0.17645379232439867
5.62345084992573 -0.1635493170459189
5.686282702997525 -0.1499983636333767
5.749114556069321 -0.1358537223897123
5.811946409141116 -0.12117070085908592
5.874778262212914 -0.10600691735577163
5.937610115284709 -0.09042207710712978
6.000441968356505 -0.07447773187735317
6.0632738214283 -0.05823702432509587
6.126105674500097 -0.04176441871834043
6.188937527571893 -0.025125419970477875
6.2517693806436885 -0.008386283259890721