0.031415926535897934 0.0003868227584961538
0.0942477796076938 0.0011587831079010458
0.15707963267948966 0.0019256972589781973
0.21991148575128552 0.002684232010028984
0.2827433388230814 0.0034311002615122423
0.34557519189487723 0.004163078874317702
0.4084070449666731 0.004877025956201226
0.47123889803846897 0.005569897428089906
0.5340707511102649 0.006238762732815165
0.5969026041820606 0.0068808195616016764
0.6597344572538566 0.007493407488038294
0.7225663103256523 0.00807402041499707
0.7853981633974483 0.008620317756699776
0.8482300164692442 0.00913013429553923
0.91106186954104 0.009601488670985795
0.9738937226128359 0.01003259047561512
1.0367255756846319 0.010421845950670281
1.0995574287564276 0.010767862290285235
1.1623892818282235 0.011069450579316985
1.2252211349000193 0.011325627404371513
1.2880529879718152 0.01153561519089818
1.350884841043611 0.011698841330976763
1.413716694115407 0.011814936176518638
1.4765485471872026 0.011883729980967395
1.5393804002589986 0.011905248879159336
1.6022122533307945 0.011879709999809862
1.6650441064025903 0.011807515808129056
1.7278759594743862 0.011689247777433652
1.7907078125461822 0.011525659488383412
1.853539665617978 0.011317669252743481
1.9163715186897736 0.011066352355515991
1.9792033717615696 0.010772933005005538
2.0420352248333655 0.010438776075080047
2.104867077905162 0.010065378717690249
2.1676989309769574 0.00965436191680821
2.230530784048753 0.009207462047480153
2.2933626371205493 0.008726522495836261
2.356194490192345 0.008213485387787272
2.4190263432641403 0.007670383465936551
2.4818581963359367 0.007099332146044332
2.5446900494077322 0.006502521776337249
2.607521902479528 0.0058822101151616
2.670353755551324 0.00524071503502786
2.7331856086231197 0.004580407454058206
2.796017461694916 0.0039037044893226983
2.8588493147667116 0.003213062820565318
2.9216811678385075 0.0025109722474474317
2.9845130209103035 0.0017999494187084576
3.047344873982099 0.0010825317075896493
3.1101767270538954 0.0003612712045246125
3.173008580125691 -0.0003612712045246125
3.2358404331974873 -0.0010825317075896493
3.2986722862692828 -0.0017999494187084576
3.3615041393410787 -0.0025109722474474317
3.4243359924128747 -0.003213062820565318
3.48716784548467 -0.0039037044893226983
3.549999698556466 -0.004580407454058206
3.612831551628262 -0.00524071503502786
3.675663404700058 -0.0058822101151616
3.7384952577718535 -0.006502521776337119
3.8013271108436495 -0.007099332146044332
3.8641589639154454 -0.007670383465936551
3.9269908169872414 -0.008213485387787272
3.989822670059038 -0.008726522495836261
4.052654523130833 -0.009207462047480153
4.115486376202629 -0.00965436191680821
4.178318229274425 -0.010065378717690249
4.241150082346222 -0.010438776075079982
4.303981935418017 -0.010772933005005538
4.366813788489813 -0.011066352355515991
4.429645641561608 -0.011317669252743481
4.4924774946334045 -0.011525659488383412
4.5553093477052 -0.011689247777433652
4.618141200776996 -0.011807515808129056
4.680973053848792 -0.011879709999809862
4.743804906920587 -0.011905248879159336
4.806636759992383 -0.011883729980967395
4.869468613064179 -0.011814936176518638
4.932300466135976 -0.011698841330976697
4.995132319207771 -0.01153561519089818
5.057964172279567 -0.011325627404371513
5.120796025351362 -0.011069450579316985
5.183627878423159 -0.010767862290285235
5.246459731494955 -0.010421845950670342
5.3092915845667505 -0.01003259047561512
5.372123437638546 -0.009601488670985795
5.434955290710342 -0.00913013429553923
5.497787143782137 -0.008620317756699776
5.560618996853934 -0.00807402041499707
5.62345084992573 -0.007493407488038294
5.686282702997525 -0.0068808195616016764
5.749114556069321 -0.006238762732815227
5.811946409141116 -0.005569897428089906
5.874778262212914 -0.004877025956201226
5.937610115284709 -0.004163078874317702
6.000441968356505 -0.0034311002615122423
6.0632738214283 -0.0026842320100291094
6.126105674500097 -0.0019256972589781973
6.188937527571893 -0.0011587831079009198
6.2517693806436885 -0.0003868227584961538