0.031415926535897934 0.002262990191700883
0.0942477796076938 0.006779463815342082
0.15707963267948966 0.011267464334029233
0.21991148575128552 0.01570816656555871
0.2827433388230814 0.020082979404394553
0.34557519189487723 0.02437363696027296
0.4084070449666731 0.02856228724610438
0.47123889803846897 0.03263157777302683
0.5340707511102649 0.036564737452247205
0.5969026041820606 0.04034565425247635
0.6597344572538566 0.04395894811728619
0.7225663103256523 0.04739003870743656
0.7853981633974483 0.05062520759790038
0.8482300164692442 0.053651654626688194
0.91106186954104 0.056457548161350825
0.9738937226128359 0.05903206911796403
1.0367255756846319 0.061365448635269
1.0995574287564276 0.06344899937233277
1.1623892818282235 0.06527514046059983
1.2252211349000193 0.0668374161996256
1.2880529879718152 0.06813050863938161
1.350884841043611 0.06915024424018562
1.413716694115407 0.0698935948435939
1.4765485471872026 0.07035867322370276
1.5393804002589986 0.07054472351807237
1.6022122533307945 0.07045210686091401
1.6650441064025903 0.0700822825583696
1.7278759594743862 0.06943778515687632
1.7907078125461822 0.06852219776109063
1.853539665617978 0.06734012195801653
1.9163715186897736 0.06589714469932337
1.9792033717615696 0.06419980248485656
2.0420352248333655 0.0622555431775708
2.104867077905162 0.06007268576411046
2.1676989309769574 0.057660378356603294
2.230530784048753 0.05502855471043067
2.2933626371205493 0.0521878895103802
2.356194490192345 0.04914975265412528
2.4190263432641403 0.04592616273793431
2.4818581963359367 0.04252973992529055
2.5446900494077322 0.038973658355128636
2.607521902479528 0.03527159822300491
2.670353755551324 0.03143769764604508
2.7331856086231197 0.027486504401225027
2.796017461694916 0.023432927606681784
2.8588493147667116 0.01929218939752074
2.9216811678385075 0.01507977663116193
2.9845130209103035 0.010811392642778049
3.047344873982099 0.006502909058953792
3.1101767270538954 0.002170317667411706
3.173008580125691 -0.002170317667411706
3.2358404331974873 -0.006502909058953792
3.2986722862692828 -0.010811392642778049
3.3615041393410787 -0.01507977663116193
3.4243359924128747 -0.01929218939752074
3.48716784548467 -0.023432927606681784
3.549999698556466 -0.027486504401224944
3.612831551628262 -0.03143769764604508
3.675663404700058 -0.03527159822300491
3.7384952577718535 -0.038973658355128636
3.8013271108436495 -0.04252973992529055
3.8641589639154454 -0.045926162737934255
3.9269908169872414 -0.04914975265412528
3.989822670059038 -0.052187889510380246
4.052654523130833 -0.05502855471043067
4.115486376202629 -0.057660378356603294
4.178318229274425 -0.06007268576411056
4.241150082346222 -0.06225554317757071
4.303981935418017 -0.06419980248485675
4.366813788489813 -0.06589714469932337
4.429645641561608 -0.06734012195801646
4.4924774946334045 -0.0685221977610906
4.5553093477052 -0.06943778515687632
4.618141200776996 -0.07008228255836957
4.680973053848792 -0.07045210686091409
4.743804906920587 -0.07054472351807231
4.806636759992383 -0.07035867322370273
4.869468613064179 -0.0698935948435939
4.932300466135976 -0.06915024424018563
4.995132319207771 -0.0681305086393817
5.057964172279567 -0.06683741619962552
5.120796025351362 -0.06527514046059979
5.183627878423159 -0.06344899937233277
5.246459731494955 -0.06136544863526899
5.3092915845667505 -0.05903206911796403
5.372123437638546 -0.056457548161350825
5.434955290710342 -0.05365165462668824
5.497787143782137 -0.050625207597900394
5.560618996853934 -0.04739003870743643
5.62345084992573 -0.04395894811728619
5.686282702997525 -0.04034565425247635
5.749114556069321 -0.03656473745224725
5.811946409141116 -0.03263157777302688
5.874778262212914 -0.028562287246104403
5.937610115284709 -0.02437363696027296
6.000441968356505 -0.020082979404394553
6.0632738214283 -0.01570816656555871
6.126105674500097 -0.011267464334029233
6.188937527571893 -0.006779463815341872
6.2517693806436885 -0.002262990191700883