0.031415926535897934 0.0057657157942925565
0.0942477796076938 0.017278913590663407
0.15707963267948966 0.028737438462824637
0.21991148575128552 0.04010493646376203
0.2827433388230814 0.05134519506422173
0.34557519189487723 0.06242219860935413
0.4084070449666731 0.07330018280633586
0.47123889803846897 0.08394368816351434
0.5340707511102649 0.09431761244164769
0.5969026041820606 0.10438726234022003
0.6597344572538566 0.11411840482160386
0.7225663103256523 0.12347731866730485
0.7853981633974483 0.13243084705731667
0.8482300164692442 0.14094645215880022
0.91106186954104 0.1489922728964781
0.9738937226128359 0.1565371872463988
1.0367255756846319 0.16355088053884684
1.0995574287564276 0.17000392136654618
1.1623892818282235 0.17586784676213313
1.2252211349000193 0.18111525832518544
1.2880529879718152 0.18571993093499933
1.350884841043611 0.18965693557210445
1.413716694115407 0.19290277758108026
1.4765485471872026 0.19543555143236768
1.5393804002589986 0.19723511267564334
1.6022122533307945 0.1982832673181783
1.6650441064025903 0.19856397830731903
1.7278759594743862 0.19806358814922265
1.7907078125461822 0.19677105596294373
1.853539665617978 0.19467820646173054
1.9163715186897736 0.1917799874895941
1.9792033717615696 0.18807473184495302
2.0420352248333655 0.1835644182251222
2.104867077905162 0.17825492526289985
2.1676989309769574 0.17215627184259594
2.230530784048753 0.16528283622531978
2.2933626371205493 0.1576535460325734
2.356194490192345 0.14929203088362195
2.4190263432641403 0.14022672950294154
2.4818581963359367 0.1304909434494862
2.5446900494077322 0.12012283029882068
2.607521902479528 0.109165330146652
2.670353755551324 0.09766602069392848
2.7331856086231197 0.08567689789440858
2.796017461694916 0.07325408114816746
2.8588493147667116 0.060457444239694576
2.9216811678385075 0.047350175558158035
2.9845130209103035 0.033998273495678646
3.047344873982099 0.020469985183006495
3.1101767270538954 0.006835198774527394
3.173008580125691 -0.006835198774527394
3.2358404331974873 -0.020469985183006495
3.2986722862692828 -0.033998273495678646
3.3615041393410787 -0.047350175558158035
3.4243359924128747 -0.060457444239694576
3.48716784548467 -0.07325408114816746
3.549999698556466 -0.08567689789440858
3.612831551628262 -0.09766602069392848
3.675663404700058 -0.109165330146652
3.7384952577718535 -0.12012283029882052
3.8013271108436495 -0.1304909434494862
3.8641589639154454 -0.1402267295029415
3.9269908169872414 -0.14929203088362195
3.989822670059038 -0.15765354603257356
4.052654523130833 -0.16528283622531978
4.115486376202629 -0.17215627184259594
4.178318229274425 -0.1782549252629
4.241150082346222 -0.18356441822512226
4.303981935418017 -0.18807473184495294
4.366813788489813 -0.1917799874895941
4.429645641561608 -0.19467820646173048
4.4924774946334045 -0.1967710559629437
4.5553093477052 -0.19806358814922265
4.618141200776996 -0.19856397830731906
4.680973053848792 -0.19828326731817827
4.743804906920587 -0.1972351126756434
4.806636759992383 -0.19543555143236777
4.869468613064179 -0.19290277758108026
4.932300466135976 -0.1896569355721043
4.995132319207771 -0.18571993093499933
5.057964172279567 -0.18111525832518535
5.120796025351362 -0.1758678467621331
5.183627878423159 -0.17000392136654618
5.246459731494955 -0.16355088053884678
5.3092915845667505 -0.1565371872463988
5.372123437638546 -0.1489922728964781
5.434955290710342 -0.1409464521588002
5.497787143782137 -0.13243084705731686
5.560618996853934 -0.123477318667305
5.62345084992573 -0.11411840482160386
5.686282702997525 -0.10438726234022003
5.749114556069321 -0.0943176124416478
5.811946409141116 -0.08394368816351458
5.874778262212914 -0.07330018280633578
5.937610115284709 -0.06242219860935413
6.000441968356505 -0.05134519506422173
6.0632738214283 -0.04010493646376203
6.126105674500097 -0.028737438462824637
6.188937527571893 -0.017278913590663175
6.2517693806436885 -0.0057657157942925565