0.031415926535897934 0.002532380702874112
0.0942477796076938 0.007588846478486112
0.15707963267948966 0.012620436968123858
0.21991148575128552 0.017610607451489634
0.2827433388230814 0.022542871842543978
0.34557519189487723 0.02740082700384206
0.4084070449666731 0.032168177928592855
0.47123889803846897 0.03682876404769113
0.5340707511102649 0.04136658692458516
0.5969026041820606 0.04576583960617146
0.6597344572538566 0.05001093790207994
0.7225663103256523 0.05408655386668846
0.7853981633974483 0.05797765175685493
0.8482300164692442 0.061669526732426094
0.91106186954104 0.065147846554766
0.9738937226128359 0.0683986965194778
1.0367255756846319 0.07140862783180278
1.0995574287564276 0.07416470959556247
1.1623892818282235 0.07665458453770965
1.2252211349000193 0.07886652852952174
1.2880529879718152 0.0807895138913484
1.350884841043611 0.08241327638008095
1.413716694115407 0.08372838565698978
1.4765485471872026 0.08472631891860474
1.5393804002589986 0.08539953724578253
1.6022122533307945 0.08574156408753394
1.6650441064025903 0.0857470651488344
1.7278759594743862 0.08541192879850093
1.7907078125461822 0.08473334595812007
1.853539665617978 0.0837098882805102
1.9163715186897736 0.08234158328166633
1.9792033717615696 0.08062998495950313
2.0420352248333655 0.07857823832245947
2.104867077905162 0.07619113616788754
2.1676989309769574 0.0734751664008704
2.230530784048753 0.07043854817511902
2.2933626371205493 0.06709125517468213
2.356194490192345 0.0634450244430348
2.4190263432641403 0.05951334930796151
2.4818581963359367 0.05531145514792327
2.5446900494077322 0.050856256997564
2.607521902479528 0.046166298293515325
2.670353755551324 0.04126167041105013
2.7331856086231197 0.036163913029181836
2.796017461694916 0.03089589577592857
2.8588493147667116 0.025481682034004974
2.9216811678385075 0.019946376215903873
2.9845130209103035 0.014315956230968287
3.047344873982099 0.008617093250123893
3.1101767270538954 0.002876961211492594
3.173008580125691 -0.002876961211492594
3.2358404331974873 -0.008617093250123893
3.2986722862692828 -0.014315956230968287
3.3615041393410787 -0.019946376215903873
3.4243359924128747 -0.025481682034004974
3.48716784548467 -0.03089589577592857
3.549999698556466 -0.036163913029181836
3.612831551628262 -0.04126167041105013
3.675663404700058 -0.046166298293515325
3.7384952577718535 -0.050856256997564
3.8013271108436495 -0.05531145514792327
3.8641589639154454 -0.059513349307961406
3.9269908169872414 -0.0634450244430348
3.989822670059038 -0.06709125517468222
4.052654523130833 -0.07043854817511902
4.115486376202629 -0.0734751664008704
4.178318229274425 -0.07619113616788767
4.241150082346222 -0.0785782383224594
4.303981935418017 -0.08062998495950323
4.366813788489813 -0.08234158328166633
4.429645641561608 -0.0837098882805102
4.4924774946334045 -0.08473334595812015
4.5553093477052 -0.08541192879850093
4.618141200776996 -0.08574706514883436
4.680973053848792 -0.08574156408753393
4.743804906920587 -0.08539953724578256
4.806636759992383 -0.08472631891860477
4.869468613064179 -0.08372838565698978
4.932300466135976 -0.08241327638008092
4.995132319207771 -0.0807895138913484
5.057964172279567 -0.07886652852952174
5.120796025351362 -0.07665458453770961
5.183627878423159 -0.07416470959556247
5.246459731494955 -0.07140862783180263
5.3092915845667505 -0.0683986965194778
5.372123437638546 -0.065147846554766
5.434955290710342 -0.061669526732426115
5.497787143782137 -0.05797765175685495
5.560618996853934 -0.05408655386668846
5.62345084992573 -0.05001093790207994
5.686282702997525 -0.04576583960617146
5.749114556069321 -0.04136658692458516
5.811946409141116 -0.03682876404769113
5.874778262212914 -0.03216817792859278
5.937610115284709 -0.02740082700384206
6.000441968356505 -0.022542871842543978
6.0632738214283 -0.017610607451489638
6.126105674500097 -0.012620436968123858
6.188937527571893 -0.007588846478486112
6.2517693806436885 -0.002532380702874112