0.031415926535897934 0.007560410717665619
0.0942477796076938 0.022619988434503985
0.15707963267948966 0.03749687540970679
0.21991148575128552 0.0520727134090159
0.2827433388230814 0.06623418556865632
0.34557519189487723 0.07987481443041199
0.4084070449666731 0.0928965539801921
0.47123889803846897 0.10521113377550081
0.5340707511102649 0.11674112439841185
0.5969026041820606 0.12742070553961185
0.6597344572538566 0.1371961302832353
0.7225663103256523 0.14602589093048435
0.7853981633974483 0.1538806023625978
0.8482300164692442 0.16074262801133304
0.91106186954104 0.16660548063459976
0.9738937226128359 0.17147303510007206
1.0367255756846319 0.17535859322780054
1.0995574287564276 0.1782838415388982
1.1623892818282235 0.1802777417184741
1.2252211349000193 0.18137539102562864
1.2880529879718152 0.18161688611846544
1.350884841043611 0.18104621917140815
1.413716694115407 0.17971023009857454
1.4765485471872026 0.1776576334807596
1.5393804002589986 0.17493813369707284
1.6022122533307945 0.17160163700117043
1.6650441064025903 0.1676975650128949
1.7278759594743862 0.16327427041850692
1.7907078125461822 0.15837855263505562
1.853539665617978 0.1530552688022676
1.9163715186897736 0.14734703369045646
1.9792033717615696 0.14129400090282948
2.0420352248333655 0.13493371703692067
2.104867077905162 0.12830104017641686
2.1676989309769574 0.12142811413297294
2.230530784048753 0.11434439017215216
2.2933626371205493 0.10707668846871207
2.356194490192345 0.09964929218250239
2.4190263432641403 0.0920840677746858
2.4818581963359367 0.08440060595157112
2.5446900494077322 0.07661637839565665
2.607521902479528 0.06874690619424093
2.670353755551324 0.06080593658604208
2.7331856086231197 0.05280562530247166
2.796017461694916 0.04475672237431635
2.8588493147667116 0.03666875980209884
2.9216811678385075 0.028550239947716705
2.9845130209103035 0.020408823896497612
3.047344873982099 0.012251519364158607
3.1101767270538954 0.004084867984687195
3.173008580125691 -0.004084867984687195
3.2358404331974873 -0.012251519364158607
3.2986722862692828 -0.020408823896497612
3.3615041393410787 -0.028550239947716705
3.4243359924128747 -0.03666875980209884
3.48716784548467 -0.04475672237431635
3.549999698556466 -0.05280562530247145
3.612831551628262 -0.06080593658604208
3.675663404700058 -0.06874690619424093
3.7384952577718535 -0.07661637839565646
3.8013271108436495 -0.08440060595157112
3.8641589639154454 -0.09208406777468578
3.9269908169872414 -0.09964929218250239
3.989822670059038 -0.10707668846871216
4.052654523130833 -0.11434439017215216
4.115486376202629 -0.12142811413297294
4.178318229274425 -0.12830104017641691
4.241150082346222 -0.13493371703692092
4.303981935418017 -0.14129400090282965
4.366813788489813 -0.14734703369045646
4.429645641561608 -0.1530552688022676
4.4924774946334045 -0.15837855263505582
4.5553093477052 -0.16327427041850692
4.618141200776996 -0.16769756501289493
4.680973053848792 -0.17160163700117043
4.743804906920587 -0.1749381336970728
4.806636759992383 -0.1776576334807596
4.869468613064179 -0.17971023009857454
4.932300466135976 -0.18104621917140826
4.995132319207771 -0.18161688611846538
5.057964172279567 -0.1813753910256287
5.120796025351362 -0.180277741718474
5.183627878423159 -0.1782838415388982
5.246459731494955 -0.17535859322780048
5.3092915845667505 -0.17147303510007206
5.372123437638546 -0.16660548063459976
5.434955290710342 -0.16074262801133304
5.497787143782137 -0.15388060236259785
5.560618996853934 -0.14602589093048426
5.62345084992573 -0.1371961302832353
5.686282702997525 -0.12742070553961185
5.749114556069321 -0.11674112439841208
5.811946409141116 -0.10521113377550109
5.874778262212914 -0.09289655398019207
5.937610115284709 -0.07987481443041199
6.000441968356505 -0.06623418556865632
6.0632738214283 -0.052072713409016175
6.126105674500097 -0.03749687540970679
6.188937527571893 -0.0226199884345039
6.2517693806436885 -0.007560410717665619