0.031415926535897934 0.004262912677298334
0.0942477796076938 0.012776388765410774
0.15707963267948966 0.021252818836680468
0.21991148575128552 0.02966751161579137
0.2827433388230814 0.037995785384880146
0.34557519189487723 0.04621297274351634
0.4084070449666731 0.054294426374586535
0.47123889803846897 0.06221552620018787
0.5340707511102649 0.06995168838104726
0.5969026041820606 0.07747837669434818
0.6597344572538566 0.08477111691594742
0.7225663103256523 0.09180551493116593
0.7853981633974483 0.09855727940046738
0.8482300164692442 0.10500224990869475
0.91106186954104 0.1111164316248162
0.9738937226128359 0.1168760375884082
1.0367255756846319 0.12225753981383623
1.0995574287564276 0.12723773045702771
1.1623892818282235 0.1317937943160554
1.2252211349000193 0.13590339392802173
1.2880529879718152 0.13954476847311428
1.350884841043611 0.14269684759404974
1.413716694115407 0.14533938107734612
1.4765485471872026 0.14745308511420044
1.5393804002589986 0.149019805556353
1.6022122533307945 0.15002269820072214
1.6650441064025903 0.15044642567254007
1.7278759594743862 0.15027736992981874
1.7907078125461822 0.14950385878569444
1.853539665617978 0.14811640414758592
1.9163715186897736 0.1461079489167399
1.9792033717615696 0.14347411869827176
2.0420352248333655 0.140213473666472
2.104867077905162 0.1363277551457318
2.1676989309769574 0.13182212074289193
2.230530784048753 0.12670536124616696
2.2933626371205493 0.12099009203652349
2.356194490192345 0.11469291148785603
2.4190263432641403 0.10783451880889418
2.4818581963359367 0.10043978404304026
2.5446900494077322 0.09253776352322626
2.607521902479528 0.0841616549946824
2.670353755551324 0.07534868786927038
2.7331856086231197 0.06613994564076113
2.796017461694916 0.05658011932953557
2.8588493147667116 0.046717192874480264
2.9216811678385075 0.03660206356648464
2.9845130209103035 0.02628810282329473
3.047344873982099 0.015830664730680944
3.1101767270538954 0.005286551708146969
3.173008580125691 -0.005286551708146969
3.2358404331974873 -0.015830664730680944
3.2986722862692828 -0.02628810282329473
3.3615041393410787 -0.03660206356648464
3.4243359924128747 -0.046717192874480264
3.48716784548467 -0.05658011932953557
3.549999698556466 -0.06613994564076106
3.612831551628262 -0.07534868786927038
3.675663404700058 -0.0841616549946824
3.7384952577718535 -0.09253776352322611
3.8013271108436495 -0.10043978404304026
3.8641589639154454 -0.10783451880889414
3.9269908169872414 -0.11469291148785603
3.989822670059038 -0.12099009203652358
4.052654523130833 -0.12670536124616696
4.115486376202629 -0.13182212074289193
4.178318229274425 -0.1363277551457319
4.241150082346222 -0.14021347366647202
4.303981935418017 -0.14347411869827187
4.366813788489813 -0.1461079489167399
4.429645641561608 -0.14811640414758584
4.4924774946334045 -0.14950385878569444
4.5553093477052 -0.15027736992981874
4.618141200776996 -0.15044642567254005
4.680973053848792 -0.15002269820072212
4.743804906920587 -0.14901980555635302
4.806636759992383 -0.14745308511420044
4.869468613064179 -0.14533938107734612
4.932300466135976 -0.1426968475940498
4.995132319207771 -0.13954476847311417
5.057964172279567 -0.13590339392802173
5.120796025351362 -0.13179379431605545
5.183627878423159 -0.12723773045702771
5.246459731494955 -0.12225753981383626
5.3092915845667505 -0.1168760375884082
5.372123437638546 -0.1111164316248162
5.434955290710342 -0.10500224990869476
5.497787143782137 -0.0985572794004674
5.560618996853934 -0.09180551493116593
5.62345084992573 -0.08477111691594742
5.686282702997525 -0.07747837669434818
5.749114556069321 -0.06995168838104723
5.811946409141116 -0.06221552620018794
5.874778262212914 -0.05429442637458646
5.937610115284709 -0.04621297274351634
6.000441968356505 -0.037995785384880146
6.0632738214283 -0.02966751161579137
6.126105674500097 -0.021252818836680468
6.188937527571893 -0.012776388765410767
6.2517693806436885 -0.004262912677298334