0.031415926535897934 0.0028837042984001453
0.0942477796076938 0.008640238349112121
0.15707963267948966 0.014364184679992604
0.21991148575128552 0.020033937808414642
0.2827433388230814 0.025628071523055858
0.34557519189487723 0.031125410143494563
0.4084070449666731 0.03650509933133556
0.47123889803846897 0.04174667632513169
0.5340707511102649 0.04683013947123541
0.5969026041820606 0.051736016922087104
0.6597344572538566 0.05644543437210113
0.7225663103256523 0.06094018169899106
0.7853981633974483 0.06520277837480708
0.8482300164692442 0.06921653750595462
0.91106186954104 0.07296562835476039
0.9738937226128359 0.07643513718663819
1.0367255756846319 0.07961112627645707
1.0995574287564276 0.082480690895307
1.1623892818282235 0.08503201408456125
1.2252211349000193 0.08725441900809232
1.2880529879718152 0.08913841865598328
1.350884841043611 0.09067576265443375
1.413716694115407 0.09185948091729156
1.4765485471872026 0.09268392385529033
1.5393804002589986 0.09314479884035157
1.6022122533307945 0.09323920260494345
1.6650441064025903 0.0929656492413402
1.7278759594743862 0.09232409345354989
1.7907078125461822 0.0913159487065992
1.853539665617978 0.08994409991467162
1.9163715186897736 0.08821291031217383
1.9792033717615696 0.08612822216094365
2.0420352248333655 0.08369735096322517
2.104867077905162 0.0809290728742953
2.1676989309769574 0.07783360504112133
2.230530784048753 0.07442257863437736
2.2933626371205493 0.07070900439053429
2.356194490192345 0.06670723053829444
2.4190263432641403 0.062432893048861696
2.4818581963359367 0.05790285822165308
2.5446900494077322 0.05313515769501948
2.607521902479528 0.04814891605410977
2.670353755551324 0.04296427129367185
2.7331856086231197 0.03760228848068963
2.796017461694916 0.03208486704847581
2.8588493147667116 0.026434642238311292
2.9216811678385075 0.020674881284977423
2.9845130209103035 0.014829375016705275
3.047344873982099 0.008922325606332736
3.1101767270538954 0.0029782312671740503
3.173008580125691 -0.0029782312671740503
3.2358404331974873 -0.008922325606332736
3.2986722862692828 -0.014829375016705275
3.3615041393410787 -0.020674881284977423
3.4243359924128747 -0.026434642238311292
3.48716784548467 -0.03208486704847581
3.549999698556466 -0.03760228848068954
3.612831551628262 -0.04296427129367185
3.675663404700058 -0.04814891605410977
3.7384952577718535 -0.053135157695019405
3.8013271108436495 -0.05790285822165308
3.8641589639154454 -0.062432893048861696
3.9269908169872414 -0.06670723053829444
3.989822670059038 -0.07070900439053437
4.052654523130833 -0.07442257863437736
4.115486376202629 -0.07783360504112133
4.178318229274425 -0.08092907287429535
4.241150082346222 -0.08369735096322507
4.303981935418017 -0.08612822216094364
4.366813788489813 -0.08821291031217383
4.429645641561608 -0.08994409991467153
4.4924774946334045 -0.0913159487065992
4.5553093477052 -0.09232409345354989
4.618141200776996 -0.09296564924134011
4.680973053848792 -0.09323920260494345
4.743804906920587 -0.0931447988403516
4.806636759992383 -0.09268392385529033
4.869468613064179 -0.09185948091729156
4.932300466135976 -0.09067576265443372
4.995132319207771 -0.08913841865598328
5.057964172279567 -0.08725441900809232
5.120796025351362 -0.08503201408456125
5.183627878423159 -0.082480690895307
5.246459731494955 -0.07961112627645694
5.3092915845667505 -0.07643513718663819
5.372123437638546 -0.07296562835476039
5.434955290710342 -0.06921653750595462
5.497787143782137 -0.06520277837480708
5.560618996853934 -0.060940181698990986
5.62345084992573 -0.05644543437210113
5.686282702997525 -0.051736016922087104
5.749114556069321 -0.04683013947123559
5.811946409141116 -0.04174667632513175
5.874778262212914 -0.036505099331335486
5.937610115284709 -0.031125410143494563
6.000441968356505 -0.025628071523055858
6.0632738214283 -0.02003393780841477
6.126105674500097 -0.014364184679992604
6.188937527571893 -0.008640238349112121
6.2517693806436885 -0.0028837042984001453