0.031415926535897934 0.006905228386541104
0.0942477796076938 0.020693890808590885
0.15707963267948966 0.034417208638876005
0.21991148575128552 0.04803174659821999
0.2827433388230814 0.061494259628908504
0.34557519189487723 0.07476176617665559
0.4084070449666731 0.0877916188881949
0.47123889803846897 0.10054157229641905
0.5340707511102649 0.112969847285373
0.5969026041820606 0.12503519238345506
0.6597344572538566 0.1366969422174191
0.7225663103256523 0.1479150737638046
0.7853981633974483 0.15865026134906007
0.8482300164692442 0.16886393166499672
0.91106186954104 0.17851832037190182
0.9738937226128359 0.18757653214677383
1.0367255756846319 0.19600260628737273
1.0995574287564276 0.20376159019245704
1.1623892818282235 0.21081962319266614
1.2252211349000193 0.21714403329271523
1.2880529879718152 0.2227034493914663
1.350884841043611 0.22746793145958294
1.413716694115407 0.23140912096275656
1.4765485471872026 0.23450041351053066
1.5393804002589986 0.2367171552765037
1.6022122533307945 0.2380368641672308
1.6650441064025903 0.23843947600962453
1.7278759594743862 0.23790761517947867
1.7907078125461822 0.23642688811184193
1.853539665617978 0.2339861970291836
1.9163715186897736 0.23057807001571795
1.9792033717615696 0.22619900228539958
2.0420352248333655 0.22084980217672812
2.104867077905162 0.214535934109955
2.1676989309769574 0.20726784952203064
2.230530784048753 0.19906129572085504
2.2933626371205493 0.1899375917486372
2.356194490192345 0.1799238597925136
2.4190263432641403 0.16905320050505732
2.4818581963359367 0.15736480086596913
2.5446900494077322 0.14490396398277372
2.607521902479528 0.13172205152554597
2.670353755551324 0.11787633132417953
2.7331856086231197 0.10342972500014874
2.796017461694916 0.08845045329668887
2.8588493147667116 0.07301157991499274
2.9216811678385075 0.057190458029805095
2.9845130209103035 0.04106808708934996
3.047344873982099 0.024728390827769235
3.1101767270538954 0.00825743045306957
3.173008580125691 -0.00825743045306957
3.2358404331974873 -0.024728390827769235
3.2986722862692828 -0.04106808708934996
3.3615041393410787 -0.057190458029805095
3.4243359924128747 -0.07301157991499274
3.48716784548467 -0.08845045329668887
3.549999698556466 -0.10342972500014869
3.612831551628262 -0.11787633132417953
3.675663404700058 -0.13172205152554597
3.7384952577718535 -0.14490396398277364
3.8013271108436495 -0.15736480086596913
3.8641589639154454 -0.16905320050505732
3.9269908169872414 -0.1799238597925136
3.989822670059038 -0.18993759174863736
4.052654523130833 -0.19906129572085504
4.115486376202629 -0.20726784952203064
4.178318229274425 -0.21453593410995514
4.241150082346222 -0.22084980217672814
4.303981935418017 -0.22619900228539971
4.366813788489813 -0.23057807001571795
4.429645641561608 -0.2339861970291836
4.4924774946334045 -0.23642688811184184
4.5553093477052 -0.23790761517947867
4.618141200776996 -0.2384394760096246
4.680973053848792 -0.2380368641672308
4.743804906920587 -0.2367171552765037
4.806636759992383 -0.2345004135105306
4.869468613064179 -0.23140912096275656
4.932300466135976 -0.22746793145958283
4.995132319207771 -0.2227034493914663
5.057964172279567 -0.21714403329271523
5.120796025351362 -0.21081962319266623
5.183627878423159 -0.20376159019245704
5.246459731494955 -0.1960026062873726
5.3092915845667505 -0.18757653214677383
5.372123437638546 -0.17851832037190182
5.434955290710342 -0.1688639316649966
5.497787143782137 -0.15865026134906027
5.560618996853934 -0.1479150737638045
5.62345084992573 -0.1366969422174191
5.686282702997525 -0.12503519238345506
5.749114556069321 -0.11296984728537303
5.811946409141116 -0.10054157229641926
5.874778262212914 -0.08779161888819495
5.937610115284709 -0.07476176617665559
6.000441968356505 -0.061494259628908504
6.0632738214283 -0.04803174659822009
6.126105674500097 -0.034417208638876005
6.188937527571893 -0.020693890808590885
6.2517693806436885 -0.006905228386541104