0.031415926535897934 0.0030790992140216026
0.0942477796076938 0.009227052491625058
0.15707963267948966 0.015344287808410653
0.21991148575128552 0.021410384910169313
0.2827433388230814 0.027405011420860166
0.34557519189487723 0.03330795859948278
0.4084070449666731 0.039099177721388205
0.47123889803846897 0.04475881728814122
0.5340707511102649 0.05026726128722029
0.5969026041820606 0.055605168741542074
0.6597344572538566 0.060753514807693136
0.7225663103256523 0.0656936336993306
0.7853981633974483 0.07040726372678671
0.8482300164692442 0.07487659475367044
0.91106186954104 0.07908431837426025
0.9738937226128359 0.08301368110978694
1.0367255756846319 0.08664854090529625
1.0995574287564276 0.08997342717975969
1.1623892818282235 0.09297360463865748
1.2252211349000193 0.09563514099878585
1.2880529879718152 0.09794497869823669
1.350884841043611 0.09989101056943345
1.413716694115407 0.10146215933934735
1.4765485471872026 0.1026484606887276
1.5393804002589986 0.10344114945222964
1.6022122533307945 0.10383274837541283
1.6650441064025903 0.10381715866528185
1.7278759594743862 0.10338975138197833
1.7907078125461822 0.1025474585249439
1.853539665617978 0.1012888624730714
1.9163715186897736 0.09961428225159082
1.9792033717615696 0.09752585492623465
2.0420352248333655 0.09502761027575624
2.104867077905162 0.09212553677573544
2.1676989309769574 0.08882763684855985
2.230530784048753 0.08514396930490487
2.2933626371205493 0.08108667692865383
2.356194490192345 0.07666999724639849
2.4190263432641403 0.07191025467908259
2.4818581963359367 0.06682583249936953
2.5446900494077322 0.06143712331358252
2.607521902479528 0.05576645714818568
2.670353755551324 0.04983800664111152
2.7331856086231197 0.04367766930784396
2.796017461694916 0.03731292735800315
2.8588493147667116 0.030772686064469347
2.9216811678385075 0.0240870922159028
2.9845130209103035 0.01728733469560033
3.047344873982099 0.010405429705281934
3.1101767270538954 0.0034739935724996773
3.173008580125691 -0.0034739935724996773
3.2358404331974873 -0.010405429705281934
3.2986722862692828 -0.01728733469560033
3.3615041393410787 -0.0240870922159028
3.4243359924128747 -0.030772686064469347
3.48716784548467 -0.03731292735800315
3.549999698556466 -0.04367766930784386
3.612831551628262 -0.04983800664111152
3.675663404700058 -0.05576645714818568
3.7384952577718535 -0.06143712331358255
3.8013271108436495 -0.06682583249936953
3.8641589639154454 -0.07191025467908259
3.9269908169872414 -0.07666999724639849
3.989822670059038 -0.08108667692865389
4.052654523130833 -0.08514396930490487
4.115486376202629 -0.08882763684855985
4.178318229274425 -0.09212553677573533
4.241150082346222 -0.09502761027575612
4.303981935418017 -0.09752585492623461
4.366813788489813 -0.09961428225159082
4.429645641561608 -0.1012888624730715
4.4924774946334045 -0.10254745852494387
4.5553093477052 -0.10338975138197833
4.618141200776996 -0.10381715866528193
4.680973053848792 -0.10383274837541283
4.743804906920587 -0.10344114945222964
4.806636759992383 -0.10264846068872753
4.869468613064179 -0.10146215933934735
4.932300466135976 -0.09989101056943342
4.995132319207771 -0.09794497869823669
5.057964172279567 -0.09563514099878588
5.120796025351362 -0.09297360463865745
5.183627878423159 -0.08997342717975969
5.246459731494955 -0.08664854090529629
5.3092915845667505 -0.08301368110978694
5.372123437638546 -0.07908431837426025
5.434955290710342 -0.07487659475367045
5.497787143782137 -0.07040726372678677
5.560618996853934 -0.06569363369933057
5.62345084992573 -0.060753514807693136
5.686282702997525 -0.055605168741542074
5.749114556069321 -0.05026726128722023
5.811946409141116 -0.044758817288141343
5.874778262212914 -0.039099177721388274
5.937610115284709 -0.03330795859948278
6.000441968356505 -0.027405011420860166
6.0632738214283 -0.021410384910169316
6.126105674500097 -0.015344287808410653
6.188937527571893 -0.009227052491625134
6.2517693806436885 -0.0030790992140216026