0.031415926535897934 0.010190728060922
0.0942477796076938 0.030494508317452203
0.15707963267948966 0.050566402032122704
0.21991148575128552 0.07025559459138736
0.2827433388230814 0.08941684191460267
0.34557519189487723 0.10791251321555048
0.4084070449666731 0.12561445464680382
0.47123889803846897 0.142405631620236
0.5340707511102649 0.1581815141486181
0.5969026041820606 0.17285117730313235
0.6597344572538566 0.1863380976069192
0.7225663103256523 0.19858063558739894
0.7853981633974483 0.209532204423639
0.8482300164692442 0.21916113423316555
0.91106186954104 0.22745025060720805
0.9738937226128359 0.23439619409916865
1.0367255756846319 0.24000851412192747
1.0995574287564276 0.24430857582127713
1.1623892818282235 0.2473283217781776
1.2252211349000193 0.2491089317853367
1.2880529879718152 0.24969942349968033
1.350884841043611 0.24915523465857872
1.413716694115407 0.2475368240215004
1.4765485471872026 0.2449083235798459
1.5393804002589986 0.2413362692177266
1.6022122533307945 0.23688843125905418
1.6650441064025903 0.23163276053102413
1.7278759594743862 0.22563645999634632
1.7907078125461822 0.21896518688444683
1.853539665617978 0.21168238575013898
1.9163715186897736 0.20384874910854564
1.9792033717615696 0.1955217992810044
2.0420352248333655 0.18675558283265603
2.104867077905162 0.17760046744389954
2.1676989309769574 0.16810303016264497
2.230530784048753 0.15830602564273707
2.2933626371205493 0.14824842308849628
2.356194490192345 0.1379655010978427
2.4190263432641403 0.12748899033390862
2.4818581963359367 0.11684725487334499
2.5446900494077322 0.10606550410579885
2.607521902479528 0.09516602813261224
2.670353755551324 0.0841684506850303
2.7331856086231197 0.0730899946157087
2.796017461694916 0.061945755984706016
2.8588493147667116 0.05074898364344554
2.9216811678385075 0.039511362005244854
2.9845130209103035 0.028243295372090683
3.047344873982099 0.016954192761385198
3.1101767270538954 0.005652752642980517
3.173008580125691 -0.005652752642980517
3.2358404331974873 -0.016954192761385198
3.2986722862692828 -0.028243295372090683
3.3615041393410787 -0.039511362005244854
3.4243359924128747 -0.05074898364344554
3.48716784548467 -0.061945755984706016
3.549999698556466 -0.07308999461570864
3.612831551628262 -0.0841684506850303
3.675663404700058 -0.09516602813261224
3.7384952577718535 -0.10606550410579872
3.8013271108436495 -0.11684725487334499
3.8641589639154454 -0.12748899033390862
3.9269908169872414 -0.1379655010978427
3.989822670059038 -0.14824842308849656
4.052654523130833 -0.15830602564273707
4.115486376202629 -0.16810303016264497
4.178318229274425 -0.17760046744389965
4.241150082346222 -0.1867555828326561
4.303981935418017 -0.19552179928100458
4.366813788489813 -0.20384874910854564
4.429645641561608 -0.21168238575013884
4.4924774946334045 -0.218965186884447
4.5553093477052 -0.22563645999634632
4.618141200776996 -0.2316327605310241
4.680973053848792 -0.23688843125905404
4.743804906920587 -0.24133626921772652
4.806636759992383 -0.24490832357984568
4.869468613064179 -0.2475368240215004
4.932300466135976 -0.2491552346585786
4.995132319207771 -0.24969942349968044
5.057964172279567 -0.24910893178533686
5.120796025351362 -0.24732832177817754
5.183627878423159 -0.24430857582127713
5.246459731494955 -0.24000851412192742
5.3092915845667505 -0.23439619409916865
5.372123437638546 -0.22745025060720805
5.434955290710342 -0.21916113423316572
5.497787143782137 -0.20953220442363912
5.560618996853934 -0.19858063558739883
5.62345084992573 -0.1863380976069192
5.686282702997525 -0.17285117730313235
5.749114556069321 -0.1581815141486183
5.811946409141116 -0.14240563162023623
5.874778262212914 -0.12561445464680365
5.937610115284709 -0.10791251321555048
6.000441968356505 -0.08941684191460267
6.0632738214283 -0.07025559459138749
6.126105674500097 -0.050566402032122704
6.188937527571893 -0.030494508317452127
6.2517693806436885 -0.010190728060922