0.031415926535897934 0.0032530760060871353
0.0942477796076938 0.009749680989326884
0.15707963267948966 0.01621764482137218
0.21991148575128552 0.022637873401596897
0.2827433388230814 0.028991273384878346
0.34557519189487723 0.035258754006480264
0.4084070449666731 0.04142123045762609
0.47123889803846897 0.047459629293676024
0.5340707511102649 0.05335489638394691
0.5969026041820606 0.059088007943080355
0.6597344572538566 0.06463998521702899
0.7225663103256523 0.06999191343048429
0.7853981633974483 0.07512496563484027
0.8482300164692442 0.0800204321241894
0.91106186954104 0.08465975610867073
0.9738937226128359 0.08902457634664573
1.0367255756846319 0.09309677743630627
1.0995574287564276 0.09685854844973658
1.1623892818282235 0.10029245055426896
1.2252211349000193 0.10338149420316496
1.2880529879718152 0.10610922638617265
1.350884841043611 0.108459828306477
1.413716694115407 0.11041822369043269
1.4765485471872026 0.11197019773735259
1.5393804002589986 0.11310252647650429
1.6022122533307945 0.11380311601660474
1.6650441064025903 0.11406115085034814
1.7278759594743862 0.11386725001572988
1.7907078125461822 0.1132136295223259
1.853539665617978 0.11209426903214725
1.9163715186897736 0.11050508035200522
1.9792033717615696 0.10844407486130925
2.0420352248333655 0.10591152658268152
2.104867077905162 0.10291012722218812
2.1676989309769574 0.09944512918306594
2.230530784048753 0.09552447231461127
2.2933626371205493 0.09115889001978343
2.356194490192345 0.08636199033339398
2.4190263432641403 0.08115030771724177
2.4818581963359367 0.0755433216146441
2.5446900494077322 0.06956343827395384
2.607521902479528 0.06323593299068449
2.670353755551324 0.05658885072375683
2.7331856086231197 0.04965286399640926
2.796017461694916 0.04246108806979944
2.8588493147667116 0.03504885454117744
2.9216811678385075 0.027453445724480857
2.9845130209103035 0.019713793368962902
3.047344873982099 0.011870146407307033
3.1101767270538954 0.00396371344481158
3.173008580125691 -0.00396371344481158
3.2358404331974873 -0.011870146407307033
3.2986722862692828 -0.019713793368962902
3.3615041393410787 -0.027453445724480857
3.4243359924128747 -0.03504885454117744
3.48716784548467 -0.04246108806979944
3.549999698556466 -0.04965286399640926
3.612831551628262 -0.05658885072375683
3.675663404700058 -0.06323593299068449
3.7384952577718535 -0.06956343827395384
3.8013271108436495 -0.0755433216146441
3.8641589639154454 -0.08115030771724173
3.9269908169872414 -0.08636199033339398
3.989822670059038 -0.09115889001978335
4.052654523130833 -0.09552447231461127
4.115486376202629 -0.09944512918306594
4.178318229274425 -0.10291012722218812
4.241150082346222 -0.10591152658268156
4.303981935418017 -0.10844407486130934
4.366813788489813 -0.11050508035200522
4.429645641561608 -0.11209426903214725
4.4924774946334045 -0.11321362952232593
4.5553093477052 -0.11386725001572988
4.618141200776996 -0.11406115085034817
4.680973053848792 -0.11380311601660474
4.743804906920587 -0.11310252647650429
4.806636759992383 -0.11197019773735258
4.869468613064179 -0.11041822369043269
4.932300466135976 -0.108459828306477
4.995132319207771 -0.10610922638617265
5.057964172279567 -0.10338149420316496
5.120796025351362 -0.10029245055426896
5.183627878423159 -0.09685854844973658
5.246459731494955 -0.0930967774363061
5.3092915845667505 -0.08902457634664573
5.372123437638546 -0.08465975610867073
5.434955290710342 -0.0800204321241894
5.497787143782137 -0.07512496563484018
5.560618996853934 -0.06999191343048429
5.62345084992573 -0.06463998521702899
5.686282702997525 -0.059088007943080355
5.749114556069321 -0.05335489638394691
5.811946409141116 -0.047459629293676024
5.874778262212914 -0.04142123045762602
5.937610115284709 -0.035258754006480264
6.000441968356505 -0.028991273384878346
6.0632738214283 -0.022637873401597067
6.126105674500097 -0.01621764482137218
6.188937527571893 -0.009749680989326884
6.2517693806436885 -0.0032530760060871353