0.031415926535897934 0.009702523270167424
0.0942477796076938 0.029046697781518166
0.15707963267948966 0.04820893089557053
0.21991148575128552 0.06707016530399734
0.2827433388230814 0.08551465734085445
0.34557519189487723 0.10343121971579726
0.4084070449666731 0.12071438353453524
0.47123889803846897 0.13726545941912544
0.5340707511102649 0.15299347968683794
0.5969026041820606 0.1678160061415037
0.6597344572538566 0.18165979103733992
0.7225663103256523 0.19446128213321254
0.7853981633974483 0.20616696638350407
0.8482300164692442 0.2167335506069533
0.91106186954104 0.22612798131561826
0.9738937226128359 0.23432730963918622
1.0367255756846319 0.24131841080792546
1.0995574287564276 0.24709757082861755
1.1623892818282235 0.2516699556842122
1.2252211349000193 0.25504898051482994
1.2880529879718152 0.25725559772951095
1.350884841043611 0.25831752382237544
1.413716694115407 0.2582684248258518
1.4765485471872026 0.2571470798624604
1.5393804002589986 0.25499654121945503
1.6022122533307945 0.2518633078544962
1.6650441064025903 0.24779652734842023
1.7278759594743862 0.2428472391640916
1.7907078125461822 0.2370676697601663
1.853539665617978 0.23051058775129077
1.9163715186897736 0.22322872499670735
1.9792033717615696 0.21527426731731233
2.0420352248333655 0.2066984165496435
2.104867077905162 0.19755102388880957
2.1676989309769574 0.18788029297833825
2.230530784048753 0.17773254998464635
2.2933626371205493 0.16715207694494633
2.356194490192345 0.15618100398631052
2.4190263432641403 0.14485925555832513
2.4818581963359367 0.13322454557443472
2.5446900494077322 0.12131241628649093
2.607521902479528 0.10915631579056831
2.670353755551324 0.09678770924755233
2.7331856086231197 0.08423621916858788
2.796017461694916 0.07152979043498765
2.8588493147667116 0.058694876069358366
2.9216811678385075 0.04575664012751688
2.9845130209103035 0.03273917442058647
3.047344873982099 0.019665726087980978
3.1101767270538954 0.006558933312388244
3.173008580125691 -0.006558933312388244
3.2358404331974873 -0.019665726087980978
3.2986722862692828 -0.03273917442058647
3.3615041393410787 -0.04575664012751688
3.4243359924128747 -0.058694876069358366
3.48716784548467 -0.07152979043498765
3.549999698556466 -0.08423621916858781
3.612831551628262 -0.09678770924755233
3.675663404700058 -0.10915631579056831
3.7384952577718535 -0.12131241628649081
3.8013271108436495 -0.13322454557443472
3.8641589639154454 -0.14485925555832493
3.9269908169872414 -0.15618100398631052
3.989822670059038 -0.16715207694494658
4.052654523130833 -0.17773254998464635
4.115486376202629 -0.18788029297833825
4.178318229274425 -0.19755102388880974
4.241150082346222 -0.2066984165496438
4.303981935418017 -0.21527426731731233
4.366813788489813 -0.22322872499670735
4.429645641561608 -0.23051058775129063
4.4924774946334045 -0.23706766976016647
4.5553093477052 -0.2428472391640916
4.618141200776996 -0.24779652734842017
4.680973053848792 -0.25186330785449623
4.743804906920587 -0.2549965412194549
4.806636759992383 -0.2571470798624603
4.869468613064179 -0.2582684248258518
4.932300466135976 -0.25831752382237544
4.995132319207771 -0.25725559772951107
5.057964172279567 -0.25504898051483
5.120796025351362 -0.25166995568421213
5.183627878423159 -0.24709757082861755
5.246459731494955 -0.24131841080792535
5.3092915845667505 -0.23432730963918622
5.372123437638546 -0.22612798131561826
5.434955290710342 -0.2167335506069532
5.497787143782137 -0.20616696638350418
5.560618996853934 -0.1944612821332124
5.62345084992573 -0.18165979103733992
5.686282702997525 -0.1678160061415037
5.749114556069321 -0.15299347968683805
5.811946409141116 -0.13726545941912555
5.874778262212914 -0.12071438353453513
5.937610115284709 -0.10343121971579726
6.000441968356505 -0.08551465734085445
6.0632738214283 -0.06707016530399752
6.126105674500097 -0.04820893089557053
6.188937527571893 -0.02904669778151811
6.2517693806436885 -0.009702523270167424