0.031415926535897934 0.0030909668473942504
0.0942477796076938 0.009263708487245139
0.15707963267948966 0.01540887523550812
0.21991148575128552 0.021508088284403787
0.2827433388230814 0.027542976241053944
0.34557519189487723 0.03349517957335622
0.4084070449666731 0.039346356558569426
0.47123889803846897 0.04507819119543545
0.5340707511102649 0.05067240356236568
0.5969026041820606 0.05611076312857895
0.6597344572538566 0.06137510555078137
0.7225663103256523 0.06644735351340046
0.7853981633974483 0.07130954219364974
0.8482300164692442 0.07594384995163418
0.91106186954104 0.08033263485783246
0.9738937226128359 0.08445847767289794
1.0367255756846319 0.08830423188479401
1.0995574287564276 0.09185308138264202
1.1623892818282235 0.09508860630196123
1.2252211349000193 0.09799485750880799
1.2880529879718152 0.10055644009735794
1.350884841043611 0.10275860615355815
1.413716694115407 0.10458735688390985
1.4765485471872026 0.10602955402109807
1.5393804002589986 0.10707304019584607
1.6022122533307945 0.10770676770698404
1.6650441064025903 0.10792093483067937
1.7278759594743862 0.10770712848824966
1.7907078125461822 0.10705847174518776
1.853539665617978 0.1059697742494553
1.9163715186897736 0.10443768334469217
1.9792033717615696 0.10246083322612279
2.0420352248333655 0.10003998915843684
2.104867077905162 0.09717818346262484
2.1676989309769574 0.09388083972114412
2.230530784048753 0.0901558814672261
2.2933626371205493 0.08601382153391808
2.356194490192345 0.08146782825965956
2.4190263432641403 0.07653376489545174
2.4818581963359367 0.07123019884572847
2.5446900494077322 0.06557837780736729
2.607521902479528 0.059602170448959185
2.670353755551324 0.05332796998809369
2.7331856086231197 0.04678455986259433
2.796017461694916 0.04000294162889167
2.8588493147667116 0.03301612622593211
2.9216811678385075 0.025858890778656423
2.9845130209103035 0.018567504138879375
3.047344873982099 0.011179425328581386
3.1101767270538954 0.003732979916650248
3.173008580125691 -0.003732979916650248
3.2358404331974873 -0.011179425328581386
3.2986722862692828 -0.018567504138879375
3.3615041393410787 -0.025858890778656423
3.4243359924128747 -0.03301612622593211
3.48716784548467 -0.04000294162889167
3.549999698556466 -0.04678455986259421
3.612831551628262 -0.05332796998809369
3.675663404700058 -0.059602170448959185
3.7384952577718535 -0.06557837780736729
3.8013271108436495 -0.07123019884572847
3.8641589639154454 -0.07653376489545174
3.9269908169872414 -0.08146782825965956
3.989822670059038 -0.08601382153391814
4.052654523130833 -0.0901558814672261
4.115486376202629 -0.09388083972114412
4.178318229274425 -0.097178183462625
4.241150082346222 -0.10003998915843684
4.303981935418017 -0.10246083322612279
4.366813788489813 -0.10443768334469217
4.429645641561608 -0.1059697742494553
4.4924774946334045 -0.1070584717451877
4.5553093477052 -0.10770712848824966
4.618141200776996 -0.10792093483067935
4.680973053848792 -0.10770676770698404
4.743804906920587 -0.10707304019584607
4.806636759992383 -0.10602955402109807
4.869468613064179 -0.10458735688390985
4.932300466135976 -0.10275860615355814
4.995132319207771 -0.10055644009735794
5.057964172279567 -0.09799485750880799
5.120796025351362 -0.09508860630196123
5.183627878423159 -0.09185308138264202
5.246459731494955 -0.08830423188479389
5.3092915845667505 -0.08445847767289794
5.372123437638546 -0.08033263485783246
5.434955290710342 -0.0759438499516342
5.497787143782137 -0.07130954219364984
5.560618996853934 -0.0664473535134003
5.62345084992573 -0.06137510555078137
5.686282702997525 -0.05611076312857895
5.749114556069321 -0.050672403562365825
5.811946409141116 -0.04507819119543562
5.874778262212914 -0.03934635655856933
5.937610115284709 -0.03349517957335622
6.000441968356505 -0.027542976241053944
6.0632738214283 -0.02150808828440386
6.126105674500097 -0.01540887523550812
6.188937527571893 -0.009263708487245061
6.2517693806436885 -0.0030909668473942504