0.031415926535897934 0.0038255753971332476
0.0942477796076938 0.011461696669186634
0.15707963267948966 0.01905278913630151
0.21991148575128552 0.026569032504351997
0.2827433388230814 0.033980903809212294
0.34557519189487723 0.04125929429559
0.4084070449666731 0.04837562427566685
0.47123889803846897 0.05530195543626901
0.5340707511102649 0.06201110009571755
0.5969026041820606 0.0684767269489831
0.6597344572538566 0.07467346288114386
0.7225663103256523 0.08057699047315142
0.7853981633974483 0.08616414086922645
0.8482300164692442 0.09141298172051446
0.91106186954104 0.09630289996364046
0.9738937226128359 0.1008146792343213
1.0367255756846319 0.10493057175414644
1.0995574287564276 0.10863436456212892
1.1623892818282235 0.1119114399909524
1.2252211349000193 0.11474883031050152
1.2880529879718152 0.11713526647803585
1.350884841043611 0.1190612209452272
1.413716694115407 0.12051894447748274
1.4765485471872026 0.12150249694099366
1.5393804002589986 0.12200777200846756
1.6022122533307945 0.1220325157264301
1.6650441064025903 0.12157633887634262
1.7278759594743862 0.12064072304978433
1.7907078125461822 0.11922902034583514
1.853539665617978 0.11734644658788848
1.9163715186897736 0.11500006794872679
1.9792033717615696 0.11219878086805159
2.0420352248333655 0.10895328514694165
2.104867077905162 0.10527605010992887
2.1676989309769574 0.10118127373834596
2.230530784048753 0.09668483469896012
2.2933626371205493 0.09180423721997481
2.356194490192345 0.08655854880238929
2.4190263432641403 0.08096833079822635
2.4818581963359367 0.07505556193779021
2.5446900494077322 0.06884355494513819
2.607521902479528 0.06235686644327078
2.670353755551324 0.05562120041691629
2.7331856086231197 0.048663305569684505
2.796017461694916 0.041510866982171504
2.8588493147667116 0.034192392546536186
2.9216811678385075 0.026737094719342637
2.9845130209103035 0.019174768196297015
3.047344873982099 0.011535664168156065
3.1101767270538954 0.0038503618650146546
3.173008580125691 -0.0038503618650146546
3.2358404331974873 -0.011535664168156065
3.2986722862692828 -0.019174768196297015
3.3615041393410787 -0.026737094719342637
3.4243359924128747 -0.034192392546536186
3.48716784548467 -0.041510866982171504
3.549999698556466 -0.048663305569684505
3.612831551628262 -0.05562120041691629
3.675663404700058 -0.06235686644327078
3.7384952577718535 -0.06884355494513812
3.8013271108436495 -0.07505556193779021
3.8641589639154454 -0.08096833079822635
3.9269908169872414 -0.08655854880238929
3.989822670059038 -0.09180423721997487
4.052654523130833 -0.09668483469896012
4.115486376202629 -0.10118127373834596
4.178318229274425 -0.10527605010992885
4.241150082346222 -0.10895328514694175
4.303981935418017 -0.11219878086805153
4.366813788489813 -0.11500006794872679
4.429645641561608 -0.11734644658788848
4.4924774946334045 -0.11922902034583509
4.5553093477052 -0.12064072304978433
4.618141200776996 -0.12157633887634264
4.680973053848792 -0.12203251572643009
4.743804906920587 -0.12200777200846767
4.806636759992383 -0.12150249694099369
4.869468613064179 -0.12051894447748274
4.932300466135976 -0.11906122094522718
4.995132319207771 -0.11713526647803585
5.057964172279567 -0.11474883031050148
5.120796025351362 -0.11191143999095247
5.183627878423159 -0.10863436456212892
5.246459731494955 -0.10493057175414641
5.3092915845667505 -0.1008146792343213
5.372123437638546 -0.09630289996364046
5.434955290710342 -0.09141298172051449
5.497787143782137 -0.08616414086922652
5.560618996853934 -0.08057699047315137
5.62345084992573 -0.07467346288114386
5.686282702997525 -0.0684767269489831
5.749114556069321 -0.06201110009571762
5.811946409141116 -0.05530195543626911
5.874778262212914 -0.048375624275666704
5.937610115284709 -0.04125929429559
6.000441968356505 -0.033980903809212294
6.0632738214283 -0.026569032504352146
6.126105674500097 -0.01905278913630151
6.188937527571893 -0.011461696669186524
6.2517693806436885 -0.0038255753971332476