0.031415926535897934 0.005766877366733809
0.0942477796076938 0.017268006781809467
0.15707963267948966 0.028671569307292682
0.21991148575128552 0.03991354570707087
0.2827433388230814 0.05093143785987489
0.34557519189487723 0.06166484370587552
0.4084070449666731 0.07205599948756332
0.47123889803846897 0.08205028106345023
0.5340707511102649 0.09159665689523108
0.5969026041820606 0.100648086288888
0.6597344572538566 0.10916185758985746
0.7225663103256523 0.11709986226882575
0.7853981633974483 0.12442880215978167
0.8482300164692442 0.13112032849271862
0.91106186954104 0.13715111276304928
0.9738937226128359 0.14250285085899123
1.0367255756846319 0.14716220318672857
1.0995574287564276 0.151120674751973
1.1623892818282235 0.154374440239748
1.2252211349000193 0.1569241200510123
1.2880529879718152 0.15877451398109757
1.350884841043611 0.15993429974483783
1.413716694115407 0.16041570385943557
1.4765485471872026 0.1602341524900581
1.5393804002589986 0.15940790975491087
1.6022122533307945 0.15795771069352696
1.6650441064025903 0.1559063956478868
1.7278759594743862 0.1532785522188546
1.7907078125461822 0.15010017027120626
1.853539665617978 0.1463983147011147
1.9163715186897736 0.142200819881625
1.9792033717615696 0.13753600889360024
2.0420352248333655 0.13243243985787537
2.104867077905162 0.12691868093097045
2.1676989309769574 0.12102311482925501
2.230530784048753 0.11477377311785375
2.2933626371205493 0.10819819994926862
2.356194490192345 0.10132334446681357
2.4190263432641403 0.09417548069998372
2.4818581963359367 0.08678015347007169
2.5446900494077322 0.0791621485894446
2.607521902479528 0.0713454854697488
2.670353755551324 0.06335343014446382
2.7331856086231197 0.05520852665048775
2.796017461694916 0.0469326446923326
2.8588493147667116 0.03854704152172715
2.9216811678385075 0.03007243599606707
2.9845130209103035 0.021529092823071437
3.047344873982099 0.01293691504886199
3.1101767270538954 0.004315542896223556
3.173008580125691 -0.004315542896223556
3.2358404331974873 -0.01293691504886199
3.2986722862692828 -0.021529092823071437
3.3615041393410787 -0.03007243599606707
3.4243359924128747 -0.03854704152172715
3.48716784548467 -0.0469326446923326
3.549999698556466 -0.05520852665048775
3.612831551628262 -0.06335343014446382
3.675663404700058 -0.0713454854697488
3.7384952577718535 -0.07916214858944451
3.8013271108436495 -0.08678015347007169
3.8641589639154454 -0.09417548069998372
3.9269908169872414 -0.10132334446681357
3.989822670059038 -0.10819819994926866
4.052654523130833 -0.11477377311785375
4.115486376202629 -0.12102311482925501
4.178318229274425 -0.12691868093097053
4.241150082346222 -0.13243243985787542
4.303981935418017 -0.13753600889360038
4.366813788489813 -0.142200819881625
4.429645641561608 -0.14639831470111458
4.4924774946334045 -0.1501001702712063
4.5553093477052 -0.1532785522188546
4.618141200776996 -0.15590639564788678
4.680973053848792 -0.15795771069352696
4.743804906920587 -0.15940790975491098
4.806636759992383 -0.16023415249005815
4.869468613064179 -0.16041570385943557
4.932300466135976 -0.1599342997448379
4.995132319207771 -0.15877451398109757
5.057964172279567 -0.15692412005101244
5.120796025351362 -0.15437444023974797
5.183627878423159 -0.151120674751973
5.246459731494955 -0.14716220318672857
5.3092915845667505 -0.14250285085899123
5.372123437638546 -0.13715111276304928
5.434955290710342 -0.13112032849271876
5.497787143782137 -0.12442880215978182
5.560618996853934 -0.11709986226882575
5.62345084992573 -0.10916185758985746
5.686282702997525 -0.100648086288888
5.749114556069321 -0.09159665689523111
5.811946409141116 -0.08205028106345015
5.874778262212914 -0.07205599948756332
5.937610115284709 -0.06166484370587552
6.000441968356505 -0.05093143785987489
6.0632738214283 -0.039913545707070924
6.126105674500097 -0.028671569307292682
6.188937527571893 -0.017268006781809467
6.2517693806436885 -0.005766877366733809