0.031415926535897934 0.003950793327062067
0.0942477796076938 0.011837787568427995
0.15707963267948966 0.019681050836624386
0.21991148575128552 0.02745158321939655
0.2827433388230814 0.03512061539856662
0.34557519189487723 0.04265969988170528
0.4084070449666731 0.05004080126321242
0.47123889803846897 0.057236385286218015
0.5340707511102649 0.06421950651017701
0.5969026041820606 0.07096389442661576
0.6597344572538566 0.07744403790542811
0.7225663103256523 0.08363526789439935
0.7853981633974483 0.08951383833320638
0.8482300164692442 0.09505700527786536
0.91106186954104 0.10024310426040355
0.9738937226128359 0.10505162592944944
1.0367255756846319 0.10946329002868571
1.0995574287564276 0.11346011777016667
1.1623892818282235 0.11702550264715766
1.2252211349000193 0.12014427970559047
1.2880529879718152 0.12280279325403935
1.350884841043611 0.12498896293940163
1.413716694115407 0.1266923480498009
1.4765485471872026 0.12790420982874118
1.5393804002589986 0.12861757149690262
1.6022122533307945 0.12882727558238685
1.6650441064025903 0.1285300380594141
1.7278759594743862 0.12772449869266392
1.7907078125461822 0.1264112668832449
1.853539665617978 0.12459296221666555
1.9163715186897736 0.12227424882735453
1.9792033717615696 0.11946186262257179
2.0420352248333655 0.11616463035527227
2.104867077905162 0.1123934795047223
2.1676989309769574 0.10816143791918749
2.230530784048753 0.10348362219998734
2.2933626371205493 0.09837721386312247
2.356194490192345 0.09286142240505992
2.4190263432641403 0.08695743452360997
2.4818581963359367 0.08068834890242904
2.5446900494077322 0.07407909615656133
2.607521902479528 0.06715634375328225
2.670353755551324 0.05994838596275065
2.7331856086231197 0.052485019150836455
2.796017461694916 0.044797402995098046
2.8588493147667116 0.036917908476634176
2.9216811678385075 0.02887995376713964
2.9845130209103035 0.020717829383561537
3.047344873982099 0.0124665142139061
3.1101767270538954 0.004161484219149522
3.173008580125691 -0.004161484219149522
3.2358404331974873 -0.0124665142139061
3.2986722862692828 -0.020717829383561537
3.3615041393410787 -0.02887995376713964
3.4243359924128747 -0.036917908476634176
3.48716784548467 -0.044797402995098046
3.549999698556466 -0.0524850191508364
3.612831551628262 -0.05994838596275065
3.675663404700058 -0.06715634375328225
3.7384952577718535 -0.07407909615656133
3.8013271108436495 -0.08068834890242904
3.8641589639154454 -0.08695743452360986
3.9269908169872414 -0.09286142240505992
3.989822670059038 -0.0983772138631225
4.052654523130833 -0.10348362219998734
4.115486376202629 -0.10816143791918749
4.178318229274425 -0.11239347950472231
4.241150082346222 -0.1161646303552723
4.303981935418017 -0.11946186262257186
4.366813788489813 -0.12227424882735453
4.429645641561608 -0.12459296221666555
4.4924774946334045 -0.12641126688324492
4.5553093477052 -0.12772449869266392
4.618141200776996 -0.12853003805941415
4.680973053848792 -0.12882727558238688
4.743804906920587 -0.12861757149690267
4.806636759992383 -0.12790420982874115
4.869468613064179 -0.1266923480498009
4.932300466135976 -0.12498896293940143
4.995132319207771 -0.12280279325403935
5.057964172279567 -0.12014427970559055
5.120796025351362 -0.11702550264715762
5.183627878423159 -0.11346011777016667
5.246459731494955 -0.1094632900286858
5.3092915845667505 -0.10505162592944944
5.372123437638546 -0.10024310426040355
5.434955290710342 -0.09505700527786551
5.497787143782137 -0.0895138383332065
5.560618996853934 -0.08363526789439932
5.62345084992573 -0.07744403790542811
5.686282702997525 -0.07096389442661576
5.749114556069321 -0.06421950651017701
5.811946409141116 -0.05723638528621809
5.874778262212914 -0.05004080126321226
5.937610115284709 -0.04265969988170528
6.000441968356505 -0.03512061539856662
6.0632738214283 -0.027451583219396572
6.126105674500097 -0.019681050836624386
6.188937527571893 -0.01183778756842792
6.2517693806436885 -0.003950793327062067