0.031415926535897934 0.004001799431663697
0.0942477796076938 0.011992685465386944
0.15707963267948966 0.019945449116021564
0.21991148575128552 0.02783472921964288
0.2827433388230814 0.035635245509197326
0.34557519189487723 0.043321831515083765
0.4084070449666731 0.050869468059256864
0.47123889803846897 0.058253317584217215
0.5340707511102649 0.06544875960852982
0.5969026041820606 0.07243142765801452
0.6597344572538566 0.07917724808418514
0.7225663103256523 0.08566248124616568
0.7853981633974483 0.0918637655961479
0.8482300164692442 0.09775816526806651
0.91106186954104 0.10332322182089339
0.9738937226128359 0.10853701082782403
1.0367255756846319 0.11337820402650912
1.0995574287564276 0.11782613774906155
1.1623892818282235 0.12186088832951542
1.2252211349000193 0.1254633551364086
1.2880529879718152 0.12861535179514352
1.350884841043611 0.13129970604499722
1.413716694115407 0.1335003685159764
1.4765485471872026 0.1352025305088028
1.5393804002589986 0.136392750615967
1.6022122533307945 0.13705908973315334
1.6650441064025903 0.13719125368035612
1.7278759594743862 0.13678074228460224
1.7907078125461822 0.13582100337769354
1.853539665617978 0.13430758974165702
1.9163715186897736 0.1322383166032973
1.9792033717615696 0.1296134168517962
2.0420352248333655 0.12643569074677205
2.104867077905162 0.12271064651798995
2.1676989309769574 0.11844662795312172
2.230530784048753 0.11365492484868414
2.2933626371205493 0.10834986208346108
2.356194490192345 0.10254886308389194
2.4190263432641403 0.09627248360475496
2.4818581963359367 0.08954441205926099
2.5446900494077322 0.08239143310774638
2.607521902479528 0.07484335185354532
2.670353755551324 0.06693287678999904
2.7331856086231197 0.05869546057654603
2.796017461694916 0.05016909876797379
2.8588493147667116 0.041394087744200614
2.9216811678385075 0.03241274424615868
2.9845130209103035 0.023269090068945696
3.047344873982099 0.014008506546091525
3.1101767270538954 0.004677364428487758
3.173008580125691 -0.004677364428487758
3.2358404331974873 -0.014008506546091525
3.2986722862692828 -0.023269090068945696
3.3615041393410787 -0.03241274424615868
3.4243359924128747 -0.041394087744200614
3.48716784548467 -0.05016909876797379
3.549999698556466 -0.05869546057654603
3.612831551628262 -0.06693287678999904
3.675663404700058 -0.07484335185354532
3.7384952577718535 -0.08239143310774635
3.8013271108436495 -0.08954441205926099
3.8641589639154454 -0.09627248360475499
3.9269908169872414 -0.10254886308389194
3.989822670059038 -0.10834986208346108
4.052654523130833 -0.11365492484868414
4.115486376202629 -0.11844662795312172
4.178318229274425 -0.12271064651798995
4.241150082346222 -0.12643569074677208
4.303981935418017 -0.12961341685179625
4.366813788489813 -0.1322383166032973
4.429645641561608 -0.13430758974165702
4.4924774946334045 -0.1358210033776937
4.5553093477052 -0.13678074228460224
4.618141200776996 -0.1371912536803562
4.680973053848792 -0.13705908973315334
4.743804906920587 -0.136392750615967
4.806636759992383 -0.13520253050880288
4.869468613064179 -0.1335003685159764
4.932300466135976 -0.13129970604499727
4.995132319207771 -0.1286153517951435
5.057964172279567 -0.12546335513640858
5.120796025351362 -0.12186088832951543
5.183627878423159 -0.11782613774906155
5.246459731494955 -0.11337820402650904
5.3092915845667505 -0.10853701082782403
5.372123437638546 -0.10332322182089339
5.434955290710342 -0.09775816526806658
5.497787143782137 -0.09186376559614794
5.560618996853934 -0.08566248124616568
5.62345084992573 -0.07917724808418514
5.686282702997525 -0.07243142765801452
5.749114556069321 -0.06544875960852993
5.811946409141116 -0.05825331758421739
5.874778262212914 -0.050869468059256864
5.937610115284709 -0.043321831515083765
6.000441968356505 -0.035635245509197326
6.0632738214283 -0.027834729219642952
6.126105674500097 -0.019945449116021564
6.188937527571893 -0.011992685465387011
6.2517693806436885 -0.004001799431663697