0.031415926535897934 0.0037560403198408187
0.0942477796076938 0.011255790998128026
0.15707963267948966 0.01871857203870966
0.21991148575128552 0.02611980456157676
0.2827433388230814 0.03343501120834929
0.34557519189487723 0.0406398571762567
0.4084070449666731 0.047710191717433514
0.47123889803846897 0.05462209029173718
0.5340707511102649 0.06135189759949481
0.5969026041820606 0.06787627176372883
0.6597344572538566 0.07417222997743364
0.7225663103256523 0.08021719597803185
0.7853981633974483 0.0859890497555753
0.8482300164692442 0.09146617994071796
0.91106186954104 0.09662753934991872
0.9738937226128359 0.10145270418553186
1.0367255756846319 0.10592193739416571
1.0995574287564276 0.1100162566746648
1.1623892818282235 0.11371750759415145
1.2252211349000193 0.11700844221375808
1.2880529879718152 0.11987280354238404
1.350884841043611 0.12229541602478786
1.413716694115407 0.12426228212805282
1.4765485471872026 0.12576068491714432
1.5393804002589986 0.12677929630612786
1.6022122533307945 0.12730829043803704
1.6650441064025903 0.1273394613861097
1.7278759594743862 0.12686634408647382
1.7907078125461822 0.1258843371133153
1.853539665617978 0.12439082559987137
1.9163715186897736 0.12238530230179669
1.9792033717615696 0.11986948450476456
2.0420352248333655 0.11684742420836151
2.104867077905162 0.11332560878729572
2.1676989309769574 0.10931304915328986
2.230530784048753 0.10482135233145709
2.2933626371205493 0.09986477533745915
2.356194490192345 0.09446025730879869
2.4190263432641403 0.08862742701519921
2.4818581963359367 0.08238858315576768
2.5446900494077322 0.07576864524680166
2.607521902479528 0.06879507341096393
2.670353755551324 0.06149775598778554
2.7331856086231197 0.053908864582971866
2.796017461694916 0.04606267693998169
2.8588493147667116 0.03799536882694696
2.9216811678385075 0.029744776956010507
2.9845130209103035 0.021350135758629915
3.047344873982099 0.012851791595987505
3.1101767270538954 0.004290898655693177
3.173008580125691 -0.004290898655693177
3.2358404331974873 -0.012851791595987505
3.2986722862692828 -0.021350135758629915
3.3615041393410787 -0.029744776956010507
3.4243359924128747 -0.03799536882694696
3.48716784548467 -0.04606267693998169
3.549999698556466 -0.053908864582971706
3.612831551628262 -0.06149775598778554
3.675663404700058 -0.06879507341096393
3.7384952577718535 -0.07576864524680166
3.8013271108436495 -0.08238858315576768
3.8641589639154454 -0.08862742701519911
3.9269908169872414 -0.09446025730879869
3.989822670059038 -0.0998647753374593
4.052654523130833 -0.10482135233145709
4.115486376202629 -0.10931304915328986
4.178318229274425 -0.11332560878729586
4.241150082346222 -0.1168474242083616
4.303981935418017 -0.1198694845047644
4.366813788489813 -0.12238530230179669
4.429645641561608 -0.12439082559987137
4.4924774946334045 -0.12588433711331523
4.5553093477052 -0.12686634408647382
4.618141200776996 -0.1273394613861097
4.680973053848792 -0.12730829043803704
4.743804906920587 -0.1267792963061279
4.806636759992383 -0.1257606849171443
4.869468613064179 -0.12426228212805282
4.932300466135976 -0.12229541602478788
4.995132319207771 -0.11987280354238411
5.057964172279567 -0.11700844221375813
5.120796025351362 -0.11371750759415147
5.183627878423159 -0.1100162566746648
5.246459731494955 -0.10592193739416556
5.3092915845667505 -0.10145270418553186
5.372123437638546 -0.09662753934991872
5.434955290710342 -0.09146617994071807
5.497787143782137 -0.08598904975557546
5.560618996853934 -0.08021719597803188
5.62345084992573 -0.07417222997743364
5.686282702997525 -0.06787627176372883
5.749114556069321 -0.06135189759949487
5.811946409141116 -0.0546220902917372
5.874778262212914 -0.047710191717433494
5.937610115284709 -0.0406398571762567
6.000441968356505 -0.03343501120834929
6.0632738214283 -0.026119804561576854
6.126105674500097 -0.01871857203870966
6.188937527571893 -0.011255790998127933
6.2517693806436885 -0.0037560403198408187