0.031415926535897934 0.0063527861995521535
0.0942477796076938 0.019029612672677106
0.15707963267948966 0.031620377435101106
0.21991148575128552 0.044068291046671176
0.2827433388230814 0.056317435150157254
0.34557519189487723 0.06831309808531834
0.4084070449666731 0.08000209795161604
0.47123889803846897 0.09133308990854848
0.5340707511102649 0.10225685477117719
0.5969026041820606 0.11272656627308994
0.6597344572538566 0.12269803472230857
0.7225663103256523 0.13212992515928948
0.7853981633974483 0.14098394853139276
0.8482300164692442 0.1492250248160416
0.91106186954104 0.15682141744622152
0.9738937226128359 0.16374483880827015
1.0367255756846319 0.16997052698480428
1.0995574287564276 0.17547729429758194
1.1623892818282235 0.18024754855940467
1.2252211349000193 0.1842672882651246
1.2880529879718152 0.1875260732348565
1.350884841043611 0.1900169724641322
1.413716694115407 0.19173649113370983
1.4765485471872026 0.19268447888490678
1.5393804002589986 0.19286402157461643
1.6022122533307945 0.19228131878852361
1.6650441064025903 0.190945549413317
1.7278759594743862 0.18886872755148093
1.7907078125461822 0.186065551008798
1.853539665617978 0.18255324449872043
1.9163715186897736 0.17835139959333887
1.9792033717615696 0.17348181331209409
2.0420352248333655 0.16796832708096876
2.104867077905162 0.1618366676210274
2.1676989309769574 0.1551142911400062
2.230530784048753 0.1478302320081767
2.2933626371205493 0.14001495690361646
2.356194490192345 0.13170022521564417
2.4190263432641403 0.12291895630153707
2.4818581963359367 0.11370510400332894
2.5446900494077322 0.10409353865072381
2.607521902479528 0.09411993660479218
2.670353755551324 0.08382067723665966
2.7331856086231197 0.07323274708700328
2.796017461694916 0.06239365081673915
2.8588493147667116 0.05134132843745173
2.9216811678385075 0.040114078202296614
2.9845130209103035 0.02875048444457652
3.047344873982099 0.017289349572068315
3.1101767270538954 0.005769629360516168
3.173008580125691 -0.005769629360516168
3.2358404331974873 -0.017289349572068315
3.2986722862692828 -0.02875048444457652
3.3615041393410787 -0.040114078202296614
3.4243359924128747 -0.05134132843745173
3.48716784548467 -0.06239365081673915
3.549999698556466 -0.07323274708700322
3.612831551628262 -0.08382067723665966
3.675663404700058 -0.09411993660479218
3.7384952577718535 -0.10409353865072381
3.8013271108436495 -0.11370510400332894
3.8641589639154454 -0.12291895630153694
3.9269908169872414 -0.13170022521564417
3.989822670059038 -0.14001495690361643
4.052654523130833 -0.1478302320081767
4.115486376202629 -0.1551142911400062
4.178318229274425 -0.16183666762102766
4.241150082346222 -0.1679683270809689
4.303981935418017 -0.1734818133120941
4.366813788489813 -0.17835139959333887
4.429645641561608 -0.18255324449872043
4.4924774946334045 -0.186065551008798
4.5553093477052 -0.18886872755148093
4.618141200776996 -0.19094554941331698
4.680973053848792 -0.19228131878852361
4.743804906920587 -0.1928640215746165
4.806636759992383 -0.1926844788849068
4.869468613064179 -0.19173649113370983
4.932300466135976 -0.19001697246413224
4.995132319207771 -0.18752607323485646
5.057964172279567 -0.1842672882651245
5.120796025351362 -0.1802475485594046
5.183627878423159 -0.17547729429758194
5.246459731494955 -0.16997052698480422
5.3092915845667505 -0.16374483880827015
5.372123437638546 -0.15682141744622152
5.434955290710342 -0.14922502481604158
5.497787143782137 -0.14098394853139296
5.560618996853934 -0.1321299251592895
5.62345084992573 -0.12269803472230857
5.686282702997525 -0.11272656627308994
5.749114556069321 -0.10225685477117741
5.811946409141116 -0.09133308990854871
5.874778262212914 -0.08000209795161607
5.937610115284709 -0.06831309808531834
6.000441968356505 -0.056317435150157254
6.0632738214283 -0.044068291046671364
6.126105674500097 -0.031620377435101106
6.188937527571893 -0.019029612672677106
6.2517693806436885 -0.0063527861995521535