0.031415926535897934 0.008375680133878802
0.0942477796076938 0.025096676869063254
0.15707963267948966 0.04172668864768851
0.21991148575128552 0.05820540989487982
0.2827433388230814 0.07447305791057571
0.34557519189487723 0.0904705747261058
0.4084070449666731 0.10613982200128702
0.47123889803846897 0.12142376743619437
0.5340707511102649 0.13626666149422792
0.5969026041820606 0.15061420360130753
0.6597344572538566 0.1644136973861585
0.7225663103256523 0.17761419494375055
0.7853981633974483 0.19016663052248464
0.8482300164692442 0.20202394444012006
0.91106186954104 0.21314119840853343
0.9738937226128359 0.22347568377892493
1.0367255756846319 0.23298702449394998
1.0995574287564276 0.2416372767398591
1.1623892818282235 0.24939102742026756
1.2252211349000193 0.2562154936156272
1.2880529879718152 0.2620806251429469
1.350884841043611 0.2669592121849895
1.413716694115407 0.2708269997154963
1.4765485471872026 0.2736628101077934
1.5393804002589986 0.2754486748817616
1.6022122533307945 0.2761699760246167
1.6650441064025903 0.275815596723224
1.7278759594743862 0.2743780806817713
1.7907078125461822 0.2718537984838892
1.853539665617978 0.26824311871145057
1.9163715186897736 0.26355058077548466
1.9792033717615696 0.2577850656733151
2.0420352248333655 0.25095996018860367
2.104867077905162 0.2430933094281394
2.1676989309769574 0.2342079520731809
2.230530784048753 0.2243316323463048
2.2933626371205493 0.21349708248824223
2.356194490192345 0.20174206953118412
2.4190263432641403 0.18910940036866475
2.4818581963359367 0.17564687957351224
2.5446900494077322 0.16140721511165218
2.607521902479528 0.14644786803727708
2.670353755551324 0.1308308434186461
2.7331856086231197 0.11462242110557003
2.796017461694916 0.09789282646906909
2.8588493147667116 0.08071584286890558
2.9216811678385075 0.06316836927434827
2.9845130209103035 0.04532992810953271
3.047344873982099 0.027282129945895014
3.1101767270538954 0.009108103049960757
3.173008580125691 -0.009108103049960757
3.2358404331974873 -0.027282129945895014
3.2986722862692828 -0.04532992810953271
3.3615041393410787 -0.06316836927434827
3.4243359924128747 -0.08071584286890558
3.48716784548467 -0.09789282646906909
3.549999698556466 -0.11462242110557003
3.612831551628262 -0.1308308434186461
3.675663404700058 -0.14644786803727708
3.7384952577718535 -0.16140721511165212
3.8013271108436495 -0.17564687957351224
3.8641589639154454 -0.18910940036866475
3.9269908169872414 -0.20174206953118412
3.989822670059038 -0.2134970824882425
4.052654523130833 -0.2243316323463048
4.115486376202629 -0.2342079520731809
4.178318229274425 -0.24309330942813945
4.241150082346222 -0.2509599601886036
4.303981935418017 -0.25778506567331516
4.366813788489813 -0.26355058077548466
4.429645641561608 -0.26824311871145046
4.4924774946334045 -0.2718537984838891
4.5553093477052 -0.2743780806817713
4.618141200776996 -0.27581559672322387
4.680973053848792 -0.2761699760246167
4.743804906920587 -0.27544867488176167
4.806636759992383 -0.2736628101077934
4.869468613064179 -0.2708269997154963
4.932300466135976 -0.2669592121849896
4.995132319207771 -0.2620806251429469
5.057964172279567 -0.2562154936156273
5.120796025351362 -0.24939102742026784
5.183627878423159 -0.2416372767398591
5.246459731494955 -0.2329870244939498
5.3092915845667505 -0.22347568377892493
5.372123437638546 -0.21314119840853343
5.434955290710342 -0.20202394444012037
5.497787143782137 -0.19016663052248473
5.560618996853934 -0.17761419494375036
5.62345084992573 -0.1644136973861585
5.686282702997525 -0.15061420360130753
5.749114556069321 -0.13626666149422803
5.811946409141116 -0.12142376743619455
5.874778262212914 -0.106139822001287
5.937610115284709 -0.0904705747261058
6.000441968356505 -0.07447305791057571
6.0632738214283 -0.05820540989487975
6.126105674500097 -0.04172668864768851
6.188937527571893 -0.025096676869063254
6.2517693806436885 -0.008375680133878802