0.031415926535897934 0.007530039543871658
0.0942477796076938 0.022557060600495494
0.15707963267948966 0.03748509561695394
0.21991148575128552 0.052248778904522196
0.2827433388230814 0.06678367587642
0.34557519189487723 0.08102664279364408
0.4084070449666731 0.09491617408178912
0.47123889803846897 0.10839273403964293
0.5340707511102649 0.12139907002565459
0.5969026041820606 0.13388050451812988
0.6597344572538566 0.14578520379133725
0.7225663103256523 0.1570644213240462
0.7853981633974483 0.16767271445032625
0.8482300164692442 0.17756813316562428
0.91106186954104 0.18671238040519728
0.9738937226128359 0.19507094350836965
1.0367255756846319 0.20261319696293406
1.0995574287564276 0.20931247688224816
1.1623892818282235 0.2151461279972096
1.2252211349000193 0.22009552424134968
1.2880529879718152 0.22414606426606667
1.350884841043611 0.22728714344190293
1.413716694115407 0.22951210407938086
1.4765485471872026 0.2308181657388858
1.5393804002589986 0.23120633759410944
1.6022122533307945 0.23068131486916357
1.6650441064025903 0.229251361387954
1.7278759594743862 0.2269281802586289
1.7907078125461822 0.22372677466925575
1.853539665617978 0.21966530069699977
1.9163715186897736 0.2147649139358147
1.9792033717615696 0.20904961163095798
2.0420352248333655 0.20254607187635795
2.104867077905162 0.1952834912867644
2.1676989309769574 0.18729342240421526
2.230530784048753 0.17860961194096883
2.2933626371205493 0.16926784080162924
2.356194490192345 0.159305766668409
2.4190263432641403 0.1487627697776254
2.4818581963359367 0.13767980236463567
2.5446900494077322 0.12609924211008008
2.607521902479528 0.11406474978394342
2.670353755551324 0.10162113115659117
2.7331856086231197 0.0888142031284316
2.796017461694916 0.07569066392281368
2.8588493147667116 0.06229796709060945
2.9216811678385075 0.04868419898992139
2.9845130209103035 0.034897959330680656
3.047344873982099 0.020988244311600186
3.1101767270538954 0.007004331826055189
3.173008580125691 -0.007004331826055189
3.2358404331974873 -0.020988244311600186
3.2986722862692828 -0.034897959330680656
3.3615041393410787 -0.04868419898992139
3.4243359924128747 -0.06229796709060945
3.48716784548467 -0.07569066392281368
3.549999698556466 -0.08881420312843148
3.612831551628262 -0.10162113115659117
3.675663404700058 -0.11406474978394342
3.7384952577718535 -0.12609924211007995
3.8013271108436495 -0.13767980236463567
3.8641589639154454 -0.14876276977762534
3.9269908169872414 -0.159305766668409
3.989822670059038 -0.16926784080162963
4.052654523130833 -0.17860961194096883
4.115486376202629 -0.18729342240421526
4.178318229274425 -0.19528349128676456
4.241150082346222 -0.20254607187635812
4.303981935418017 -0.20904961163095798
4.366813788489813 -0.2147649139358147
4.429645641561608 -0.21966530069699977
4.4924774946334045 -0.2237267746692557
4.5553093477052 -0.2269281802586289
4.618141200776996 -0.2292513613879541
4.680973053848792 -0.23068131486916357
4.743804906920587 -0.23120633759410938
4.806636759992383 -0.23081816573888586
4.869468613064179 -0.22951210407938086
4.932300466135976 -0.22728714344190296
4.995132319207771 -0.22414606426606667
5.057964172279567 -0.22009552424134968
5.120796025351362 -0.21514612799720959
5.183627878423159 -0.20931247688224816
5.246459731494955 -0.2026131969629339
5.3092915845667505 -0.19507094350836965
5.372123437638546 -0.18671238040519728
5.434955290710342 -0.17756813316562434
5.497787143782137 -0.16767271445032625
5.560618996853934 -0.15706442132404608
5.62345084992573 -0.14578520379133725
5.686282702997525 -0.13388050451812988
5.749114556069321 -0.1213990700256548
5.811946409141116 -0.10839273403964313
5.874778262212914 -0.09491617408178901
5.937610115284709 -0.08102664279364408
6.000441968356505 -0.06678367587642
6.0632738214283 -0.05224877890452228
6.126105674500097 -0.03748509561695394
6.188937527571893 -0.02255706060049542
6.2517693806436885 -0.007530039543871658