0.031415926535897934 0.006629571650846379
0.0942477796076938 0.01982623132953419
0.15707963267948966 0.03283671812631469
0.21991148575128552 0.045541129437830646
0.2827433388230814 0.05782571874140359
0.34557519189487723 0.06958504165299532
0.4084070449666731 0.08072380684280055
0.47123889803846897 0.09115837597567548
0.5340707511102649 0.10081787519335837
0.5969026041820606 0.10964490009407983
0.6597344572538566 0.11759581536378289
0.7225663103256523 0.12464066794881165
0.7853981633974483 0.13076274791443612
0.8482300164692442 0.1359578431647666
0.91106186954104 0.1402332425791333
0.9738937226128359 0.14360654673646894
1.0367255756846319 0.1461043464299858
1.0995574287564276 0.14776082703269972
1.1623892818282235 0.14861635204092694
1.2252211349000193 0.14871607247213545
1.2880529879718152 0.1481086009227842
1.350884841043611 0.1468447806608748
1.413716694115407 0.14497657171384162
1.4765485471872026 0.14255606798033338
1.5393804002589986 0.13963465228506672
1.6022122533307945 0.13626229022651362
1.6650441064025903 0.13248695874291788
1.7278759594743862 0.12835420155449753
1.7907078125461822 0.12390680096789587
1.853539665617978 0.11918455384193788
1.9163715186897736 0.11422413867036747
1.9792033717615696 0.1090590605833721
2.0420352248333655 0.10371966145171602
2.104867077905162 0.09823318305168587
2.1676989309769574 0.09262387228861306
2.230530784048753 0.08691311867378407
2.2933626371205493 0.08111961551692198
2.356194490192345 0.07525953756667546
2.4190263432641403 0.06934672905521748
2.4818581963359367 0.06339289724619655
2.5446900494077322 0.057407807626813724
2.607521902479528 0.05139947781388746
2.670353755551324 0.0453743680573426
2.7331856086231197 0.0393375669251607
2.796017461694916 0.03329297134780592
2.8588493147667116 0.027243460696146988
2.9216811678385075 0.021191064974670847
2.9845130209103035 0.015137127541369809
3.047344873982099 0.009082463026601456
3.1101767270538954 0.0030275113241312775
3.173008580125691 -0.0030275113241312775
3.2358404331974873 -0.009082463026601456
3.2986722862692828 -0.015137127541369809
3.3615041393410787 -0.021191064974670847
3.4243359924128747 -0.027243460696146988
3.48716784548467 -0.03329297134780592
3.549999698556466 -0.0393375669251607
3.612831551628262 -0.0453743680573426
3.675663404700058 -0.05139947781388746
3.7384952577718535 -0.057407807626813814
3.8013271108436495 -0.06339289724619655
3.8641589639154454 -0.06934672905521741
3.9269908169872414 -0.07525953756667546
3.989822670059038 -0.08111961551692207
4.052654523130833 -0.08691311867378407
4.115486376202629 -0.09262387228861306
4.178318229274425 -0.09823318305168587
4.241150082346222 -0.1037196614517161
4.303981935418017 -0.10905906058337227
4.366813788489813 -0.11422413867036747
4.429645641561608 -0.1191845538419378
4.4924774946334045 -0.12390680096789596
4.5553093477052 -0.12835420155449753
4.618141200776996 -0.13248695874291788
4.680973053848792 -0.13626229022651354
4.743804906920587 -0.13963465228506672
4.806636759992383 -0.14255606798033327
4.869468613064179 -0.14497657171384162
4.932300466135976 -0.14684478066087486
4.995132319207771 -0.14810860092278424
5.057964172279567 -0.14871607247213536
5.120796025351362 -0.14861635204092688
5.183627878423159 -0.14776082703269972
5.246459731494955 -0.1461043464299857
5.3092915845667505 -0.14360654673646894
5.372123437638546 -0.1402332425791333
5.434955290710342 -0.13595784316476664
5.497787143782137 -0.13076274791443626
5.560618996853934 -0.1246406679488116
5.62345084992573 -0.11759581536378289
5.686282702997525 -0.10964490009407983
5.749114556069321 -0.10081787519335846
5.811946409141116 -0.09115837597567561
5.874778262212914 -0.0807238068428004
5.937610115284709 -0.06958504165299532
6.000441968356505 -0.05782571874140359
6.0632738214283 -0.04554112943783077
6.126105674500097 -0.03283671812631469
6.188937527571893 -0.01982623132953419
6.2517693806436885 -0.006629571650846379