0.031415926535897934 0.0024015210402154505
0.0942477796076938 0.007195874361447606
0.15707963267948966 0.011964185428336719
0.21991148575128552 0.01668917281350562
0.2827433388230814 0.021353675196431356
0.34557519189487723 0.025940699395272947
0.4084070449666731 0.030433468392075277
0.47123889803846897 0.03481546935503981
0.5340707511102649 0.03907050166479025
0.5969026041820606 0.043182724954517006
0.6597344572538566 0.04713670717598944
0.7225663103256523 0.050917472704083824
0.7853981633974483 0.054510550491039804
0.8482300164692442 0.05790202227748185
0.91106186954104 0.061078570859700476
0.9738937226128359 0.06402752840118828
1.0367255756846319 0.06673692476045824
1.0995574287564276 0.06919553578634434
1.1623892818282235 0.07139293150598744
1.2252211349000193 0.073319524099468
1.2880529879718152 0.07496661551859038
1.350884841043611 0.07632644456594742
1.413716694115407 0.07739223320458889
1.4765485471872026 0.078158231819127
1.5393804002589986 0.0786197630969118
1.6022122533307945 0.07877326414423741
1.6650441064025903 0.07861632639886011
1.7278759594743862 0.07814773284810406
1.7907078125461822 0.07736749201336436
1.853539665617978 0.07627686811891374
1.9163715186897736 0.07487840682767272
1.9792033717615696 0.07317595590113994
2.0420352248333655 0.07117468012708894
2.104867077905162 0.06888106985883732
2.1676989309769574 0.06630294252561432
2.230530784048753 0.0634494365061772
2.2933626371205493 0.06033099680832831
2.356194490192345 0.05695935206584678
2.4190263432641403 0.053347482451477905
2.4818581963359367 0.04950957820929676
2.5446900494077322 0.04546098863057576
2.607521902479528 0.04121816143220694
2.670353755551324 0.0367985726430188
2.7331856086231197 0.03222064725768693
2.796017461694916 0.027503671076555214
2.8588493147667116 0.02266769430833875
2.9216811678385075 0.01773342766691972
2.9845130209103035 0.012722131838742263
3.047344873982099 0.007655501329209302
3.1101767270538954 0.002555543810849496
3.173008580125691 -0.002555543810849496
3.2358404331974873 -0.007655501329209302
3.2986722862692828 -0.012722131838742263
3.3615041393410787 -0.01773342766691972
3.4243359924128747 -0.02266769430833875
3.48716784548467 -0.027503671076555214
3.549999698556466 -0.03222064725768686
3.612831551628262 -0.0367985726430188
3.675663404700058 -0.04121816143220694
3.7384952577718535 -0.04546098863057577
3.8013271108436495 -0.04950957820929676
3.8641589639154454 -0.053347482451477864
3.9269908169872414 -0.05695935206584678
3.989822670059038 -0.06033099680832847
4.052654523130833 -0.0634494365061772
4.115486376202629 -0.06630294252561432
4.178318229274425 -0.06888106985883749
4.241150082346222 -0.0711746801270891
4.303981935418017 -0.07317595590113991
4.366813788489813 -0.07487840682767272
4.429645641561608 -0.07627686811891374
4.4924774946334045 -0.07736749201336425
4.5553093477052 -0.07814773284810406
4.618141200776996 -0.07861632639886017
4.680973053848792 -0.07877326414423738
4.743804906920587 -0.07861976309691188
4.806636759992383 -0.07815823181912705
4.869468613064179 -0.07739223320458889
4.932300466135976 -0.0763264445659474
4.995132319207771 -0.07496661551859046
5.057964172279567 -0.07331952409946796
5.120796025351362 -0.07139293150598747
5.183627878423159 -0.06919553578634434
5.246459731494955 -0.06673692476045824
5.3092915845667505 -0.06402752840118828
5.372123437638546 -0.061078570859700476
5.434955290710342 -0.05790202227748175
5.497787143782137 -0.05451055049103982
5.560618996853934 -0.050917472704083866
5.62345084992573 -0.04713670717598944
5.686282702997525 -0.043182724954517006
5.749114556069321 -0.039070501664790286
5.811946409141116 -0.03481546935503988
5.874778262212914 -0.030433468392075357
5.937610115284709 -0.025940699395272947
6.000441968356505 -0.021353675196431356
6.0632738214283 -0.01668917281350562
6.126105674500097 -0.011964185428336719
6.188937527571893 -0.007195874361447597
6.2517693806436885 -0.0024015210402154505