0.031415926535897934 0.003560349769261335
0.0942477796076938 0.010670836311575872
0.15707963267948966 0.01775068135194704
0.21991148575128552 0.024779449064549843
0.2827433388230814 0.031736692160953685
0.34557519189487723 0.038601948870144495
0.4084070449666731 0.045354741522072174
0.47123889803846897 0.05197457724659024
0.5340707511102649 0.05844095133775622
0.5969026041820606 0.06473335387753831
0.6597344572538566 0.07083128026145011
0.7225663103256523 0.07671424631956042
0.7853981633974483 0.08236180877737438
0.8482300164692442 0.08775359184949572
0.91106186954104 0.09286932080155888
0.9738937226128359 0.09768886334901532
1.0367255756846319 0.10219227978082682
1.0995574287564276 0.1063598826974163
1.1623892818282235 0.11017230723038332
1.2252211349000193 0.11361059256121972
1.2880529879718152 0.11665627547212212
1.350884841043611 0.11929149653850903
1.413716694115407 0.12149911940477903
1.4765485471872026 0.12326286336752942
1.5393804002589986 0.12456744922009763
1.6022122533307945 0.12539875798651348
1.6650441064025903 0.12574400179121054
1.7278759594743862 0.1255919056749872
1.7907078125461822 0.12493289868255023
1.853539665617978 0.12375931202075513
1.9163715186897736 0.1220655815315455
1.9792033717615696 0.11984845115591948
2.0420352248333655 0.11710717350565089
2.104867077905162 0.11384370313267668
2.1676989309769574 0.11006287762028825
2.230530784048753 0.1057725812464604
2.2933626371205493 0.10098388571996957
2.356194490192345 0.09571116239610639
2.4190263432641403 0.08997216046984333
2.4818581963359367 0.0837880459443454
2.5446900494077322 0.07718339669827365
2.607521902479528 0.07018614973306117
2.670353755551324 0.06282749766595214
2.7331856086231197 0.05514173272730455
2.796017461694916 0.04716603788868274
2.8588493147667116 0.0389402262451545
2.9216811678385075 0.030506431342418407
2.9845130209103035 0.021908752709071753
3.047344873982099 0.013192862353034253
3.1101767270538954 0.004405579334501474
3.173008580125691 -0.004405579334501474
3.2358404331974873 -0.013192862353034253
3.2986722862692828 -0.021908752709071753
3.3615041393410787 -0.030506431342418407
3.4243359924128747 -0.0389402262451545
3.48716784548467 -0.04716603788868274
3.549999698556466 -0.05514173272730455
3.612831551628262 -0.06282749766595214
3.675663404700058 -0.07018614973306117
3.7384952577718535 -0.07718339669827365
3.8013271108436495 -0.0837880459443454
3.8641589639154454 -0.08997216046984333
3.9269908169872414 -0.09571116239610639
3.989822670059038 -0.10098388571996954
4.052654523130833 -0.1057725812464604
4.115486376202629 -0.11006287762028825
4.178318229274425 -0.11384370313267668
4.241150082346222 -0.11710717350565093
4.303981935418017 -0.11984845115591948
4.366813788489813 -0.1220655815315455
4.429645641561608 -0.12375931202075506
4.4924774946334045 -0.12493289868255018
4.5553093477052 -0.1255919056749872
4.618141200776996 -0.12574400179121056
4.680973053848792 -0.12539875798651356
4.743804906920587 -0.12456744922009752
4.806636759992383 -0.12326286336752942
4.869468613064179 -0.12149911940477903
4.932300466135976 -0.11929149653850903
4.995132319207771 -0.11665627547212212
5.057964172279567 -0.11361059256121972
5.120796025351362 -0.11017230723038332
5.183627878423159 -0.1063598826974163
5.246459731494955 -0.10219227978082672
5.3092915845667505 -0.09768886334901532
5.372123437638546 -0.09286932080155888
5.434955290710342 -0.08775359184949565
5.497787143782137 -0.08236180877737449
5.560618996853934 -0.0767142463195603
5.62345084992573 -0.07083128026145011
5.686282702997525 -0.06473335387753831
5.749114556069321 -0.05844095133775625
5.811946409141116 -0.051974577246590346
5.874778262212914 -0.04535474152207208
5.937610115284709 -0.038601948870144495
6.000441968356505 -0.031736692160953685
6.0632738214283 -0.024779449064549843
6.126105674500097 -0.01775068135194704
6.188937527571893 -0.010670836311575782
6.2517693806436885 -0.003560349769261335