0.031415926535897934 0.0023945030604375795
0.0942477796076938 0.007175354783453315
0.15707963267948966 0.011931758983022109
0.21991148575128552 0.016647469624271004
0.2827433388230814 0.021306319425113338
0.34557519189487723 0.02589225192248146
0.4084070449666731 0.030389354107674432
0.47123889803846897 0.034781889798453924
0.5340707511102649 0.03905433391815294
0.5969026041820606 0.04319140785399927
0.6597344572538566 0.047178116067418806
0.7225663103256523 0.050999784127440904
0.7853981633974483 0.05464209833360936
0.8482300164692442 0.058091147086070764
0.91106186954104 0.061333464146809284
0.9738937226128359 0.06435607391637096
1.0367255756846319 0.06714653882396228
1.0995574287564276 0.0696930088946895
1.1623892818282235 0.07198427351521519
1.2252211349000193 0.0740098153677196
1.2880529879718152 0.07575986644144918
1.350884841043611 0.07722546596126935
1.413716694115407 0.07839851999379834
1.4765485471872026 0.07927186240454547
1.5393804002589986 0.07983931674506149
1.6022122533307945 0.08009575854899458
1.6650441064025903 0.08003717741210317
1.7278759594743862 0.07966073812623423
1.7907078125461822 0.07896484003398818
1.853539665617978 0.07794917367269627
1.9163715186897736 0.07661477368720968
1.9792033717615696 0.07496406691497591
2.0420352248333655 0.07300091448815943
2.104867077905162 0.0707306467604708
2.1676989309769574 0.06816008985496375
2.230530784048753 0.06529758264706864
2.2933626371205493 0.06215298304767915
2.356194490192345 0.05873766253646566
2.4190263432641403 0.05506448801701483
2.4818581963359367 0.05114779022288806
2.5446900494077322 0.04700331809584822
2.607521902479528 0.04264817878146343
2.670353755551324 0.0381007631386201
2.7331856086231197 0.033380656932288345
2.796017461694916 0.02850853816594209
2.8588493147667116 0.023506061302993903
2.9216811678385075 0.018395729416278678
2.9845130209103035 0.013200755581429696
3.047344873982099 0.007944915084283213
3.1101767270538954 0.002652390235080093
3.173008580125691 -0.002652390235080093
3.2358404331974873 -0.007944915084283213
3.2986722862692828 -0.013200755581429696
3.3615041393410787 -0.018395729416278678
3.4243359924128747 -0.023506061302993903
3.48716784548467 -0.02850853816594209
3.549999698556466 -0.033380656932288345
3.612831551628262 -0.0381007631386201
3.675663404700058 -0.04264817878146343
3.7384952577718535 -0.04700331809584822
3.8013271108436495 -0.05114779022288806
3.8641589639154454 -0.05506448801701483
3.9269908169872414 -0.05873766253646566
3.989822670059038 -0.06215298304767933
4.052654523130833 -0.06529758264706864
4.115486376202629 -0.06816008985496375
4.178318229274425 -0.07073064676047083
4.241150082346222 -0.07300091448815946
4.303981935418017 -0.074964066914976
4.366813788489813 -0.07661477368720968
4.429645641561608 -0.07794917367269626
4.4924774946334045 -0.07896484003398821
4.5553093477052 -0.07966073812623423
4.618141200776996 -0.08003717741210327
4.680973053848792 -0.08009575854899458
4.743804906920587 -0.07983931674506152
4.806636759992383 -0.07927186240454541
4.869468613064179 -0.07839851999379834
4.932300466135976 -0.07722546596126939
4.995132319207771 -0.07575986644144918
5.057964172279567 -0.07400981536771947
5.120796025351362 -0.0719842735152152
5.183627878423159 -0.0696930088946895
5.246459731494955 -0.06714653882396222
5.3092915845667505 -0.06435607391637096
5.372123437638546 -0.061333464146809284
5.434955290710342 -0.058091147086070785
5.497787143782137 -0.05464209833360934
5.560618996853934 -0.050999784127440974
5.62345084992573 -0.047178116067418806
5.686282702997525 -0.04319140785399927
5.749114556069321 -0.03905433391815295
5.811946409141116 -0.03478188979845395
5.874778262212914 -0.03038935410767435
5.937610115284709 -0.02589225192248146
6.000441968356505 -0.021306319425113338
6.0632738214283 -0.016647469624271063
6.126105674500097 -0.011931758983022109
6.188937527571893 -0.007175354783453315
6.2517693806436885 -0.0023945030604375795