0.031415926535897934 0.002874208741979105
0.0942477796076938 0.00861378457650548
0.15707963267948966 0.014326840609593269
0.21991148575128552 0.019995714308325186
0.2827433388230814 0.025602769768731097
0.34557519189487723 0.031130409628512327
0.4084070449666731 0.03656108825772661
0.47123889803846897 0.04187732661557729
0.5340707511102649 0.047061729176931986
0.5969026041820606 0.05209700334913202
0.6597344572538566 0.056965981816853424
0.7225663103256523 0.061651648268799146
0.7853981633974483 0.06613716697321828
0.8482300164692442 0.070405916677772
0.91106186954104 0.07444152931106571
0.9738937226128359 0.0782279339559679
1.0367255756846319 0.08174940654628142
1.0995574287564276 0.08499062570591116
1.1623892818282235 0.0879367351008841
1.2252211349000193 0.09057341260693842
1.2880529879718152 0.09288694650660065
1.350884841043611 0.09486431881767737
1.413716694115407 0.09649329571830473
1.4765485471872026 0.0977625248711143
1.5393804002589986 0.09866163926050718
1.6022122533307945 0.09918136694324893
1.6650441064025903 0.09931364587560296
1.7278759594743862 0.09905174272339497
1.7907078125461822 0.09839037428964643
1.853539665617978 0.09732582991437057
1.9163715186897736 0.0958560929210736
1.9792033717615696 0.09398095891447934
2.0420352248333655 0.09170214848552884
2.104867077905162 0.0890234116655844
2.1676989309769574 0.08595062130562255
2.230530784048753 0.08249185245189634
2.2933626371205493 0.07865744476053192
2.356194490192345 0.07446004505192284
2.4190263432641403 0.06991462726158887
2.4818581963359367 0.06503848730420528
2.5446900494077322 0.05985121073465527
2.607521902479528 0.05437461156227649
2.670353755551324 0.04863264114474669
2.7331856086231197 0.04265126674339712
2.796017461694916 0.03645832004380194
2.8588493147667116 0.030083316710782106
2.9216811678385075 0.023557248827827865
2.9845130209103035 0.01691235283678291
3.047344873982099 0.010181856312464443
3.1101767270538954 0.003399707547194617
3.173008580125691 -0.003399707547194617
3.2358404331974873 -0.010181856312464443
3.2986722862692828 -0.01691235283678291
3.3615041393410787 -0.023557248827827865
3.4243359924128747 -0.030083316710782106
3.48716784548467 -0.03645832004380194
3.549999698556466 -0.04265126674339712
3.612831551628262 -0.04863264114474669
3.675663404700058 -0.05437461156227649
3.7384952577718535 -0.0598512107346552
3.8013271108436495 -0.06503848730420528
3.8641589639154454 -0.06991462726158887
3.9269908169872414 -0.07446004505192284
3.989822670059038 -0.07865744476053198
4.052654523130833 -0.08249185245189634
4.115486376202629 -0.08595062130562255
4.178318229274425 -0.08902341166558436
4.241150082346222 -0.09170214848552882
4.303981935418017 -0.09398095891447934
4.366813788489813 -0.0958560929210736
4.429645641561608 -0.09732582991437061
4.4924774946334045 -0.09839037428964653
4.5553093477052 -0.09905174272339497
4.618141200776996 -0.09931364587560296
4.680973053848792 -0.09918136694324885
4.743804906920587 -0.0986616392605073
4.806636759992383 -0.09776252487111432
4.869468613064179 -0.09649329571830473
4.932300466135976 -0.09486431881767747
4.995132319207771 -0.09288694650660065
5.057964172279567 -0.09057341260693844
5.120796025351362 -0.0879367351008842
5.183627878423159 -0.08499062570591116
5.246459731494955 -0.08174940654628132
5.3092915845667505 -0.0782279339559679
5.372123437638546 -0.07444152931106571
5.434955290710342 -0.07040591667777193
5.497787143782137 -0.06613716697321828
5.560618996853934 -0.06165164826879905
5.62345084992573 -0.056965981816853424
5.686282702997525 -0.05209700334913202
5.749114556069321 -0.047061729176932
5.811946409141116 -0.04187732661557745
5.874778262212914 -0.03656108825772654
5.937610115284709 -0.031130409628512327
6.000441968356505 -0.025602769768731097
6.0632738214283 -0.019995714308325186
6.126105674500097 -0.014326840609593269
6.188937527571893 -0.008613784576505475
6.2517693806436885 -0.002874208741979105