0.031415926535897934 0.001828681353705875
0.0942477796076938 0.005479744850494044
0.15707963267948966 0.009111923064574515
0.21991148575128552 0.012712667058722626
0.2827433388230814 0.016269490077587614
0.34557519189487723 0.01976999302759278
0.4084070449666731 0.0232018905572273
0.47123889803846897 0.026553037899364727
0.5340707511102649 0.029811458629400833
0.5969026041820606 0.03296537348295544
0.6597344572538566 0.03600323036440254
0.7225663103256523 0.0389137356622944
0.7853981633974483 0.04168588696955878
0.8482300164692442 0.044309007284884454
0.91106186954104 0.046772780746713365
0.9738937226128359 0.04906728992249586
1.0367255756846319 0.05118305464315481
1.0995574287564276 0.05311107233595834
1.1623892818282235 0.054842859768186966
1.2252211349000193 0.05637049606921846
1.2880529879718152 0.05768666685018603
1.350884841043611 0.058784709188575514
1.413716694115407 0.059658657190610795
1.4765485471872026 0.060303287787778395
1.5393804002589986 0.060714166366339424
1.6022122533307945 0.06088769177132484
1.6650441064025903 0.06082114017068886
1.7278759594743862 0.060512707212538284
1.7907078125461822 0.059961547860395245
1.853539665617978 0.059167813250114096
1.9163715186897736 0.05813268387928643
1.9792033717615696 0.05685839841767901
2.0420352248333655 0.05534827741734024
2.104867077905162 0.0536067412052688
2.1676989309769574 0.05163932126149257
2.230530784048753 0.049452664422339636
2.2933626371205493 0.04705452930342803
2.356194490192345 0.044453774409859474
2.4190263432641403 0.04166033749209532
2.4818581963359367 0.03868520581425437
2.5446900494077322 0.03554037712567069
2.607521902479528 0.0322388112644156
2.670353755551324 0.028794372470406608
2.7331856086231197 0.02522176264238875
2.796017461694916 0.02153644593369768
2.8588493147667116 0.01775456524207886
2.9216811678385075 0.013892851304547869
2.9845130209103035 0.009968525254774806
3.047344873982099 0.005999195633384116
3.1101767270538954 0.002002750956710661
3.173008580125691 -0.002002750956710661
3.2358404331974873 -0.005999195633384116
3.2986722862692828 -0.009968525254774806
3.3615041393410787 -0.013892851304547869
3.4243359924128747 -0.01775456524207886
3.48716784548467 -0.02153644593369768
3.549999698556466 -0.02522176264238875
3.612831551628262 -0.028794372470406608
3.675663404700058 -0.0322388112644156
3.7384952577718535 -0.03554037712567059
3.8013271108436495 -0.03868520581425437
3.8641589639154454 -0.04166033749209532
3.9269908169872414 -0.044453774409859474
3.989822670059038 -0.04705452930342813
4.052654523130833 -0.049452664422339636
4.115486376202629 -0.05163932126149257
4.178318229274425 -0.05360674120526889
4.241150082346222 -0.05534827741734034
4.303981935418017 -0.05685839841767901
4.366813788489813 -0.05813268387928643
4.429645641561608 -0.059167813250114096
4.4924774946334045 -0.059961547860395245
4.5553093477052 -0.060512707212538284
4.618141200776996 -0.06082114017068886
4.680973053848792 -0.06088769177132484
4.743804906920587 -0.060714166366339424
4.806636759992383 -0.060303287787778395
4.869468613064179 -0.059658657190610795
4.932300466135976 -0.058784709188575514
4.995132319207771 -0.05768666685018612
5.057964172279567 -0.05637049606921846
5.120796025351362 -0.054842859768186966
5.183627878423159 -0.05311107233595834
5.246459731494955 -0.051183054643154716
5.3092915845667505 -0.04906728992249586
5.372123437638546 -0.046772780746713365
5.434955290710342 -0.044309007284884454
5.497787143782137 -0.04168588696955879
5.560618996853934 -0.0389137356622944
5.62345084992573 -0.03600323036440254
5.686282702997525 -0.03296537348295544
5.749114556069321 -0.029811458629400833
5.811946409141116 -0.026553037899364727
5.874778262212914 -0.0232018905572273
5.937610115284709 -0.01976999302759278
6.000441968356505 -0.016269490077587614
6.0632738214283 -0.012712667058722626
6.126105674500097 -0.009111923064574515
6.188937527571893 -0.005479744850493961
6.2517693806436885 -0.001828681353705875