0.031415926535897934 0.005636930375899406
0.0942477796076938 0.016892414745676536
0.15707963267948966 0.0280928045847367
0.21991148575128552 0.03920148541065905
0.2827433388230814 0.05018201493469868
0.34557519189487723 0.060998190768758086
0.4084070449666731 0.07161411709143028
0.47123889803846897 0.08199427015610662
0.5340707511102649 0.0921035626513303
0.5969026041820606 0.1019074070702431
0.6597344572538566 0.1113717784071272
0.7225663103256523 0.12046327666905743
0.7853981633974483 0.12914918986333176
0.8482300164692442 0.13739755828998068
0.91106186954104 0.14517724112621383
0.9738937226128359 0.1524579864288474
1.0367255756846319 0.1592105057940556
1.0995574287564276 0.16540655499367796
1.1623892818282235 0.17101902194624552
1.2252211349000193 0.1760220233715487
1.2880529879718152 0.18039101141299302
1.350884841043611 0.18410289138574612
1.413716694115407 0.18713615161522856
1.4765485471872026 0.18947100606541767
1.5393804002589986 0.1910895501168766
1.6022122533307945 0.19197592943955144
1.6650441064025903 0.19211652141686905
1.7278759594743862 0.191500128020244
1.7907078125461822 0.19011817841507986
1.853539665617978 0.18796493891310562
1.9163715186897736 0.1850377271882611
1.9792033717615696 0.1813371269658496
2.0420352248333655 0.17686719870345932
2.104867077905162 0.17163568113764485
2.1676989309769574 0.16565417800658738
2.230530784048753 0.15893832381227885
2.2933626371205493 0.15150792219340325
2.356194490192345 0.14338705037789587
2.4190263432641403 0.13460412330435192
2.4818581963359367 0.1251919113698602
2.5446900494077322 0.11518750639518334
2.607521902479528 0.10463223130157602
2.670353755551324 0.09357149015819803
2.7331856086231197 0.08205455666103859
2.796017461694916 0.07013430070383489
2.8588493147667116 0.057866854443801546
2.9216811678385075 0.04531122108214074
2.9845130209103035 0.03252883139329483
3.047344873982099 0.019583054764056907
3.1101767270538954 0.006538673059732452
3.173008580125691 -0.006538673059732452
3.2358404331974873 -0.019583054764056907
3.2986722862692828 -0.03252883139329483
3.3615041393410787 -0.04531122108214074
3.4243359924128747 -0.057866854443801546
3.48716784548467 -0.07013430070383489
3.549999698556466 -0.08205455666103853
3.612831551628262 -0.09357149015819803
3.675663404700058 -0.10463223130157602
3.7384952577718535 -0.11518750639518334
3.8013271108436495 -0.1251919113698602
3.8641589639154454 -0.13460412330435176
3.9269908169872414 -0.14338705037789587
3.989822670059038 -0.15150792219340345
4.052654523130833 -0.15893832381227885
4.115486376202629 -0.16565417800658738
4.178318229274425 -0.17163568113764494
4.241150082346222 -0.1768671987034594
4.303981935418017 -0.1813371269658496
4.366813788489813 -0.1850377271882611
4.429645641561608 -0.18796493891310567
4.4924774946334045 -0.19011817841507986
4.5553093477052 -0.191500128020244
4.618141200776996 -0.19211652141686913
4.680973053848792 -0.1919759294395515
4.743804906920587 -0.19108955011687653
4.806636759992383 -0.1894710060654176
4.869468613064179 -0.18713615161522856
4.932300466135976 -0.18410289138574604
4.995132319207771 -0.180391011412993
5.057964172279567 -0.17602202337154876
5.120796025351362 -0.17101902194624538
5.183627878423159 -0.16540655499367796
5.246459731494955 -0.15921050579405546
5.3092915845667505 -0.1524579864288474
5.372123437638546 -0.14517724112621383
5.434955290710342 -0.13739755828998065
5.497787143782137 -0.12914918986333201
5.560618996853934 -0.12046327666905743
5.62345084992573 -0.1113717784071272
5.686282702997525 -0.1019074070702431
5.749114556069321 -0.0921035626513304
5.811946409141116 -0.08199427015610673
5.874778262212914 -0.07161411709143015
5.937610115284709 -0.060998190768758086
6.000441968356505 -0.05018201493469868
6.0632738214283 -0.03920148541065911
6.126105674500097 -0.0280928045847367
6.188937527571893 -0.01689241474567653
6.2517693806436885 -0.005636930375899406