0.031415926535897934 0.008232432682859583
0.0942477796076938 0.02465028848964114
0.15707963267948966 0.04092755722783983
0.21991148575128552 0.05697197984548049
0.2827433388230814 0.07269347357951188
0.34557519189487723 0.08800495836936272
0.4084070449666731 0.10282313988205899
0.47123889803846897 0.11706923779602749
0.5340707511102649 0.13066964881052073
0.5969026041820606 0.14355653487978798
0.6597344572538566 0.1556683284202481
0.7225663103256523 0.1669501477004732
0.7853981633974483 0.177354117281688
0.8482300164692442 0.18683959020170626
0.91106186954104 0.19537327054559106
0.9738937226128359 0.2029292370679459
1.0367255756846319 0.20948887056132107
1.0995574287564276 0.21504068963401407
1.1623892818282235 0.2195801013984127
1.2252211349000193 0.2231090752113795
1.2880529879718152 0.22563574899225552
1.350884841043611 0.227173978724971
1.413716694115407 0.2277428424963394
1.4765485471872026 0.2273661108172672
1.5393804002589986 0.22607169501863786
1.6022122533307945 0.22389108522655862
1.6650441064025903 0.22085878883417379
1.7278759594743862 0.2170117795425472
1.7907078125461822 0.2123889659924236
1.853539665617978 0.20703068780779305
1.9163715186897736 0.20097824557788868
1.9792033717615696 0.19427346997117542
2.0420352248333655 0.1869583338528985
2.104867077905162 0.17907461000989955
2.1676989309769574 0.17066357590769216
2.230530784048753 0.16176576584148722
2.2933626371205493 0.1524207699125874
2.356194490192345 0.14266707847367252
2.4190263432641403 0.13254197004300897
2.4818581963359367 0.1220814401842856
2.5446900494077322 0.11132016847635114
2.607521902479528 0.10029152044263212
2.670353755551324 0.0890275811579132
2.7331856086231197 0.07755921718349262
2.796017461694916 0.06591616348304807
2.8588493147667116 0.05412713202370826
2.9216811678385075 0.04221993885351916
2.9845130209103035 0.030221646552883785
3.047344873982099 0.018158719070341254
3.1101767270538954 0.00605718606093859
3.173008580125691 -0.00605718606093859
3.2358404331974873 -0.018158719070341254
3.2986722862692828 -0.030221646552883785
3.3615041393410787 -0.04221993885351916
3.4243359924128747 -0.05412713202370826
3.48716784548467 -0.06591616348304807
3.549999698556466 -0.0775592171834924
3.612831551628262 -0.0890275811579132
3.675663404700058 -0.10029152044263212
3.7384952577718535 -0.11132016847635107
3.8013271108436495 -0.1220814401842856
3.8641589639154454 -0.13254197004300888
3.9269908169872414 -0.14266707847367252
3.989822670059038 -0.15242076991258752
4.052654523130833 -0.16176576584148722
4.115486376202629 -0.17066357590769216
4.178318229274425 -0.17907461000989963
4.241150082346222 -0.18695833385289862
4.303981935418017 -0.19427346997117537
4.366813788489813 -0.20097824557788868
4.429645641561608 -0.20703068780779313
4.4924774946334045 -0.21238896599242355
4.5553093477052 -0.2170117795425472
4.618141200776996 -0.22085878883417379
4.680973053848792 -0.22389108522655862
4.743804906920587 -0.2260716950186378
4.806636759992383 -0.2273661108172671
4.869468613064179 -0.2277428424963394
4.932300466135976 -0.227173978724971
4.995132319207771 -0.22563574899225558
5.057964172279567 -0.22310907521137943
5.120796025351362 -0.21958010139841283
5.183627878423159 -0.21504068963401407
5.246459731494955 -0.209488870561321
5.3092915845667505 -0.2029292370679459
5.372123437638546 -0.19537327054559106
5.434955290710342 -0.1868395902017062
5.497787143782137 -0.17735411728168834
5.560618996853934 -0.16695014770047303
5.62345084992573 -0.1556683284202481
5.686282702997525 -0.14355653487978798
5.749114556069321 -0.13066964881052087
5.811946409141116 -0.11706923779602767
5.874778262212914 -0.10282313988205899
5.937610115284709 -0.08800495836936272
6.000441968356505 -0.07269347357951188
6.0632738214283 -0.05697197984548063
6.126105674500097 -0.04092755722783983
6.188937527571893 -0.024650288489640928
6.2517693806436885 -0.008232432682859583