0.031415926535897934 0.0013786544637570469
0.0942477796076938 0.004130795699522871
0.15707963267948966 0.0068674503846394615
0.21991148575128552 0.009578349215217618
0.2827433388230814 0.01225330541625857
0.34557519189487723 0.014882247620644566
0.4084070449666731 0.017455252613858496
0.47123889803846897 0.019962577903560968
0.5340707511102649 0.02239469407114937
0.5969026041820606 0.024742316859839623
0.6597344572538566 0.026996438950593744
0.7225663103256523 0.029148361373295333
0.7853981633974483 0.03118972449588512
0.8482300164692442 0.03311253852867253
0.91106186954104 0.034909213474693904
0.9738937226128359 0.03657258844977773
1.0367255756846319 0.03809596028793495
1.0995574287564276 0.03947311133883986
1.1623892818282235 0.04069833635461157
1.2252211349000193 0.041766468352951655
1.2880529879718152 0.0426729033331261
1.350884841043611 0.04341362371048773
1.413716694115407 0.043985220324496095
1.4765485471872026 0.04438491286478329
1.5393804002589986 0.04461056855007978
1.6022122533307945 0.04466071888612252
1.6650441064025903 0.0445345743214016
1.7278759594743862 0.04423203661418466
1.7907078125461822 0.043753708721088067
1.853539665617978 0.04310090201696169
1.9163715186897736 0.04227564065838845
1.9792033717615696 0.041280662909039534
2.0420352248333655 0.04011941925474823
2.104867077905162 0.03879606714971027
2.1676989309769574 0.03731546225283883
2.230530784048753 0.035683146035046215
2.2933626371205493 0.03390532966403789
2.356194490192345 0.03198887410294603
2.4190263432641403 0.0299412663924767
2.4818581963359367 0.027770592122841515
2.5446900494077322 0.025485504141023206
2.607521902479528 0.023095187580295842
2.670353755551324 0.02060932134161754
2.7331856086231197 0.018038036199756566
2.796017461694916 0.015391869749905831
2.8588493147667116 0.012681718452185886
2.9216811678385075 0.009918787070907322
2.9845130209103035 0.00711453584185503
3.047344873982099 0.004280625733315541
3.1101767270538954 0.0014288621942942113
3.173008580125691 -0.0014288621942942113
3.2358404331974873 -0.004280625733315541
3.2986722862692828 -0.00711453584185503
3.3615041393410787 -0.009918787070907322
3.4243359924128747 -0.012681718452185886
3.48716784548467 -0.015391869749905831
3.549999698556466 -0.018038036199756566
3.612831551628262 -0.02060932134161754
3.675663404700058 -0.023095187580295842
3.7384952577718535 -0.025485504141023137
3.8013271108436495 -0.027770592122841515
3.8641589639154454 -0.0299412663924767
3.9269908169872414 -0.03198887410294603
3.989822670059038 -0.033905329664037934
4.052654523130833 -0.035683146035046215
4.115486376202629 -0.03731546225283883
4.178318229274425 -0.038796067149710234
4.241150082346222 -0.040119419254748205
4.303981935418017 -0.04128066290903943
4.366813788489813 -0.04227564065838845
4.429645641561608 -0.04310090201696169
4.4924774946334045 -0.04375370872108805
4.5553093477052 -0.04423203661418466
4.618141200776996 -0.04453457432140158
4.680973053848792 -0.04466071888612251
4.743804906920587 -0.04461056855007979
4.806636759992383 -0.04438491286478331
4.869468613064179 -0.043985220324496095
4.932300466135976 -0.04341362371048771
4.995132319207771 -0.04267290333312608
5.057964172279567 -0.04176646835295158
5.120796025351362 -0.0406983363546116
5.183627878423159 -0.03947311133883986
5.246459731494955 -0.03809596028793497
5.3092915845667505 -0.03657258844977773
5.372123437638546 -0.034909213474693904
5.434955290710342 -0.033112538528672575
5.497787143782137 -0.031189724495885106
5.560618996853934 -0.029148361373295437
5.62345084992573 -0.026996438950593744
5.686282702997525 -0.024742316859839623
5.749114556069321 -0.02239469407114933
5.811946409141116 -0.019962577903561037
5.874778262212914 -0.01745525261385836
5.937610115284709 -0.014882247620644566
6.000441968356505 -0.01225330541625857
6.0632738214283 -0.009578349215217552
6.126105674500097 -0.0068674503846394615
6.188937527571893 -0.004130795699522954
6.2517693806436885 -0.0013786544637570469