0.031415926535897934 0.0076787907290279366
0.0942477796076938 0.02299645773569987
0.15707963267948966 0.038194698088460294
0.21991148575128552 0.05319494586834546
0.2827433388230814 0.06792019961206369
0.34557519189487723 0.08229562160110904
0.4084070449666731 0.09624911100461184
0.47123889803846897 0.10971184391364076
0.5340707511102649 0.12261877370535411
0.5969026041820606 0.13490908568251314
0.6597344572538566 0.1465266005523244
0.7225663103256523 0.1574201220398721
0.7853981633974483 0.1675437247724113
0.8482300164692442 0.1768569795129088
0.91106186954104 0.18532511384970812
0.9738937226128359 0.19291910754348232
1.0367255756846319 0.19961572286662063
1.0995574287564276 0.20539747141357623
1.1623892818282235 0.21025251998032007
1.2252211349000193 0.21417453917274584
1.2880529879718152 0.2171624993744904
1.350884841043611 0.21922041955380264
1.413716694115407 0.2203570750911294
1.4765485471872026 0.2205856713442682
1.5393804002589986 0.21992349002364045
1.6022122533307945 0.21839151562133285
1.6650441064025903 0.2160140491264988
1.7278759594743862 0.21281831607605092
1.7907078125461822 0.2088340756490617
1.853539665617978 0.2040932370367227
1.9163715186897736 0.19862948873151223
1.9792033717615696 0.19247794570595858
2.0420352248333655 0.18567481872031882
2.104867077905162 0.17825710923619884
2.1676989309769574 0.17026233264439417
2.230530784048753 0.16172827176203092
2.2933626371205493 0.1526927618350476
2.356194490192345 0.14319350761201355
2.4190263432641403 0.1332679324450947
2.4818581963359367 0.12295305883074566
2.5446900494077322 0.11228541932985876
2.607521902479528 0.10130099640497152
2.670353755551324 0.0900351893783024
2.7331856086231197 0.07852280644434126
2.796017461694916 0.06679807945831692
2.8588493147667116 0.05489469905994759
2.9216811678385075 0.0428458675727058
2.9845130209103035 0.03068436703462673
3.047344873982099 0.018442639659896055
3.1101767270538954 0.006152877994265611
3.173008580125691 -0.006152877994265611
3.2358404331974873 -0.018442639659896055
3.2986722862692828 -0.03068436703462673
3.3615041393410787 -0.0428458675727058
3.4243359924128747 -0.05489469905994759
3.48716784548467 -0.06679807945831692
3.549999698556466 -0.07852280644434108
3.612831551628262 -0.0900351893783024
3.675663404700058 -0.10130099640497152
3.7384952577718535 -0.1122854193298588
3.8013271108436495 -0.12295305883074566
3.8641589639154454 -0.13326793244509452
3.9269908169872414 -0.14319350761201355
3.989822670059038 -0.15269276183504776
4.052654523130833 -0.16172827176203092
4.115486376202629 -0.17026233264439417
4.178318229274425 -0.17825710923619892
4.241150082346222 -0.18567481872031888
4.303981935418017 -0.19247794570595858
4.366813788489813 -0.19862948873151223
4.429645641561608 -0.20409323703672266
4.4924774946334045 -0.20883407564906165
4.5553093477052 -0.21281831607605092
4.618141200776996 -0.2160140491264989
4.680973053848792 -0.21839151562133285
4.743804906920587 -0.21992349002364042
4.806636759992383 -0.22058567134426815
4.869468613064179 -0.2203570750911294
4.932300466135976 -0.21922041955380256
4.995132319207771 -0.2171624993744904
5.057964172279567 -0.21417453917274584
5.120796025351362 -0.21025251998032007
5.183627878423159 -0.20539747141357623
5.246459731494955 -0.19961572286662047
5.3092915845667505 -0.19291910754348232
5.372123437638546 -0.18532511384970812
5.434955290710342 -0.17685697951290877
5.497787143782137 -0.16754372477241128
5.560618996853934 -0.15742012203987193
5.62345084992573 -0.1465266005523244
5.686282702997525 -0.13490908568251314
5.749114556069321 -0.12261877370535416
5.811946409141116 -0.1097118439136409
5.874778262212914 -0.09624911100461163
5.937610115284709 -0.08229562160110904
6.000441968356505 -0.06792019961206369
6.0632738214283 -0.05319494586834564
6.126105674500097 -0.038194698088460294
6.188937527571893 -0.022996457735699777
6.2517693806436885 -0.0076787907290279366