0.031415926535897934 0.008025121328845976
0.0942477796076938 0.02404711737603386
0.15707963267948966 0.039984461614385895
0.21991148575128552 0.05578101202025295
0.2827433388230814 0.07138106225399357
0.34557519189487723 0.08672950988794413
0.4084070449666731 0.10177201889426186
0.47123889803846897 0.11645517517640282
0.5340707511102649 0.13072663422425576
0.5969026041820606 0.1445352603121465
0.6597344572538566 0.15783125702868947
0.7225663103256523 0.17056628931437792
0.7853981633974483 0.18269359757276604
0.8482300164692442 0.19416810479981306
0.91106186954104 0.20494651802927152
0.9738937226128359 0.2149874257063184
1.0367255756846319 0.22425139286411308
1.0995574287564276 0.23270105617690212
1.1623892818282235 0.24030122108817217
1.2252211349000193 0.24701896325410388
1.2880529879718152 0.25282373649373546
1.350884841043611 0.25768748929199375
1.413716694115407 0.2615847916562967
1.4765485471872026 0.2644929737800081
1.5393804002589986 0.26639227751738
1.6022122533307945 0.26726602112815906
1.6650441064025903 0.26710077711237157
1.7278759594743862 0.2658865622370146
1.7907078125461822 0.2636170380705641
1.853539665617978 0.2602897195066706
1.9163715186897736 0.2559061878980663
1.9792033717615696 0.2504723045629872
2.0420352248333655 0.2439984196011778
2.104867077905162 0.23649957020048884
2.1676989309769574 0.22799566196677387
2.230530784048753 0.21851162630943727
2.2933626371205493 0.2080775466024516
2.356194490192345 0.19672874575339325
2.4190263432641403 0.18450582798347281
2.4818581963359367 0.17145466807431597
2.5446900494077322 0.15762634208660392
2.607521902479528 0.14307699460283202
2.670353755551324 0.12786763887769803
2.7331856086231197 0.11206388786503949
2.796017461694916 0.09573561588354489
2.8588493147667116 0.0789565526228614
2.9216811678385075 0.06180381320223907
2.9845130209103035 0.04435736999076817
3.047344873982099 0.026699473791594826
3.1101767270538954 0.008914033692460523
3.173008580125691 -0.008914033692460523
3.2358404331974873 -0.026699473791594826
3.2986722862692828 -0.04435736999076817
3.3615041393410787 -0.06180381320223907
3.4243359924128747 -0.0789565526228614
3.48716784548467 -0.09573561588354489
3.549999698556466 -0.11206388786503925
3.612831551628262 -0.12786763887769803
3.675663404700058 -0.14307699460283202
3.7384952577718535 -0.15762634208660387
3.8013271108436495 -0.17145466807431597
3.8641589639154454 -0.18450582798347268
3.9269908169872414 -0.19672874575339325
3.989822670059038 -0.20807754660245184
4.052654523130833 -0.21851162630943727
4.115486376202629 -0.22799566196677387
4.178318229274425 -0.23649957020048898
4.241150082346222 -0.243998419601178
4.303981935418017 -0.25047230456298725
4.366813788489813 -0.2559061878980663
4.429645641561608 -0.2602897195066705
4.4924774946334045 -0.2636170380705641
4.5553093477052 -0.2658865622370146
4.618141200776996 -0.2671007771123714
4.680973053848792 -0.2672660211281591
4.743804906920587 -0.2663922775173799
4.806636759992383 -0.2644929737800081
4.869468613064179 -0.2615847916562967
4.932300466135976 -0.2576874892919938
4.995132319207771 -0.25282373649373546
5.057964172279567 -0.24701896325410394
5.120796025351362 -0.24030122108817215
5.183627878423159 -0.23270105617690212
5.246459731494955 -0.22425139286411297
5.3092915845667505 -0.2149874257063184
5.372123437638546 -0.20494651802927152
5.434955290710342 -0.19416810479981308
5.497787143782137 -0.18269359757276618
5.560618996853934 -0.17056628931437773
5.62345084992573 -0.15783125702868947
5.686282702997525 -0.1445352603121465
5.749114556069321 -0.13072663422425596
5.811946409141116 -0.11645517517640304
5.874778262212914 -0.10177201889426168
5.937610115284709 -0.08672950988794413
6.000441968356505 -0.07138106225399357
6.0632738214283 -0.05578101202025301
6.126105674500097 -0.039984461614385895
6.188937527571893 -0.024047117376033773
6.2517693806436885 -0.008025121328845976