0.031415926535897934 0.008702848297411907
0.0942477796076938 0.026075775059420724
0.15707963267948966 0.043350521006419174
0.21991148575128552 0.06046205991082839
0.2827433388230814 0.07734600252758457
0.34557519189487723 0.09393884256069177
0.4084070449666731 0.11017819416058713
0.47123889803846897 0.12600301902707012
0.5340707511102649 0.1413538415364663
0.5969026041820606 0.15617295070359286
0.6597344572538566 0.17040458821389529
0.7225663103256523 0.18399512220266956
0.7853981633974483 0.19689320689995338
0.8482300164692442 0.2090499286850148
0.91106186954104 0.22041893948764005
0.9738937226128359 0.23095657882015863
1.0367255756846319 0.240621986011478
1.0995574287564276 0.24937720443148242
1.1623892818282235 0.25718727963230337
1.2252211349000193 0.2640203533859435
1.2880529879718152 0.26984775556165486
1.350884841043611 0.2746440956600708
1.413716694115407 0.2783873556054733
1.4765485471872026 0.2810589850964574
1.5393804002589986 0.2826440004347094
1.6022122533307945 0.2831310873002097
1.6650441064025903 0.2825127074298191
1.7278759594743862 0.2807852085982375
1.7907078125461822 0.2779489367112428
1.853539665617978 0.2740083482186882
1.9163715186897736 0.2689721204585733
1.9792033717615696 0.262853256974958
2.0420352248333655 0.25566918433403096
2.104867077905162 0.24744183651749058
2.1676989309769574 0.2381977226235415
2.230530784048753 0.2279679733753366
2.2933626371205493 0.2167883618445753
2.356194490192345 0.2046992938609818
2.4190263432641403 0.19174576380894442
2.4818581963359367 0.1779772719175136
2.5446900494077322 0.1634476997294313
2.607521902479528 0.14821514118167778
2.670353755551324 0.1323416876289712
2.7331856086231197 0.11589316616946393
2.796017461694916 0.09893883175761582
2.8588493147667116 0.08155101477515046
2.9216811678385075 0.06380472693398825
2.9845130209103035 0.04577722955855067
3.047344873982099 0.02754756939103285
3.1101767270538954 0.009196088035684202
3.173008580125691 -0.009196088035684202
3.2358404331974873 -0.02754756939103285
3.2986722862692828 -0.04577722955855067
3.3615041393410787 -0.06380472693398825
3.4243359924128747 -0.08155101477515046
3.48716784548467 -0.09893883175761582
3.549999698556466 -0.11589316616946385
3.612831551628262 -0.1323416876289712
3.675663404700058 -0.14821514118167778
3.7384952577718535 -0.16344769972943118
3.8013271108436495 -0.1779772719175136
3.8641589639154454 -0.19174576380894431
3.9269908169872414 -0.2046992938609818
3.989822670059038 -0.2167883618445755
4.052654523130833 -0.2279679733753366
4.115486376202629 -0.2381977226235415
4.178318229274425 -0.24744183651749077
4.241150082346222 -0.2556691843340312
4.303981935418017 -0.26285325697495804
4.366813788489813 -0.2689721204585733
4.429645641561608 -0.2740083482186881
4.4924774946334045 -0.27794893671124293
4.5553093477052 -0.2807852085982375
4.618141200776996 -0.2825127074298191
4.680973053848792 -0.2831310873002097
4.743804906920587 -0.2826440004347094
4.806636759992383 -0.28105898509645727
4.869468613064179 -0.2783873556054733
4.932300466135976 -0.27464409566007075
4.995132319207771 -0.26984775556165486
5.057964172279567 -0.2640203533859435
5.120796025351362 -0.2571872796323035
5.183627878423159 -0.24937720443148242
5.246459731494955 -0.24062198601147788
5.3092915845667505 -0.23095657882015863
5.372123437638546 -0.22041893948764005
5.434955290710342 -0.20904992868501485
5.497787143782137 -0.1968932068999536
5.560618996853934 -0.18399512220266948
5.62345084992573 -0.17040458821389529
5.686282702997525 -0.15617295070359286
5.749114556069321 -0.14135384153646652
5.811946409141116 -0.1260030190270704
5.874778262212914 -0.11017819416058704
5.937610115284709 -0.09393884256069177
6.000441968356505 -0.07734600252758457
6.0632738214283 -0.06046205991082855
6.126105674500097 -0.043350521006419174
6.188937527571893 -0.026075775059420724
6.2517693806436885 -0.008702848297411907