0.031415926535897934 0.008091114076410569
0.0942477796076938 0.02424736728440376
0.15707963267948966 0.04032575067107361
0.21991148575128552 0.05627453368621425
0.2827433388230814 0.07204225731704034
0.34557519189487723 0.08757783792010233
0.4084070449666731 0.10283066657896935
0.47123889803846897 0.11775070313991082
0.5340707511102649 0.13228856438263634
0.5969026041820606 0.14639560613631664
0.6597344572538566 0.16002399954196564
0.7225663103256523 0.1731268020789981
0.7853981633974483 0.18565802440364834
0.8482300164692442 0.19757269447663112
0.91106186954104 0.20882692087310967
0.9738937226128359 0.21937795755564843
1.0367255756846319 0.22918427273611044
1.0995574287564276 0.2382056247409935
1.1623892818282235 0.24640314801206717
1.2252211349000193 0.25373945250580127
1.2880529879718152 0.26017873978654443
1.350884841043611 0.26568693902535434
1.413716694115407 0.27023186590499965
1.4765485471872026 0.27378340707891285
1.5393804002589986 0.27631373232633527
1.6022122533307945 0.2777975358784228
1.6650441064025903 0.27821230755502413
1.7278759594743862 0.27753863334835877
1.7907078125461822 0.2757605239233938
1.853539665617978 0.2728657681887794
1.9163715186897736 0.2688463076498817
1.9792033717615696 0.2636986257208851
2.0420352248333655 0.25742414459254387
2.104867077905162 0.2500296206850267
2.1676989309769574 0.24152752823280202
2.230530784048753 0.23193641923288275
2.2933626371205493 0.22128124692918882
2.356194490192345 0.2095936392982317
2.4190263432641403 0.19691210873676676
2.4818581963359367 0.1832821844136471
2.5446900494077322 0.1687564546022966
2.607521902479528 0.1533945077987937
2.670353755551324 0.13726276356303793
2.7331856086231197 0.12043418676788684
2.796017461694916 0.10298788223230089
2.8588493147667116 0.08500857043508904
2.9216811678385075 0.06658594900155966
2.9845130209103035 0.04781394873905487
3.047344873982099 0.028789896959751718
3.1101767270538954 0.009613604453111858
3.173008580125691 -0.009613604453111858
3.2358404331974873 -0.028789896959751718
3.2986722862692828 -0.04781394873905487
3.3615041393410787 -0.06658594900155966
3.4243359924128747 -0.08500857043508904
3.48716784548467 -0.10298788223230089
3.549999698556466 -0.12043418676788664
3.612831551628262 -0.13726276356303793
3.675663404700058 -0.1533945077987937
3.7384952577718535 -0.1687564546022964
3.8013271108436495 -0.1832821844136471
3.8641589639154454 -0.19691210873676665
3.9269908169872414 -0.2095936392982317
3.989822670059038 -0.221281246929189
4.052654523130833 -0.23193641923288275
4.115486376202629 -0.24152752823280202
4.178318229274425 -0.25002962068502677
4.241150082346222 -0.2574241445925438
4.303981935418017 -0.26369862572088526
4.366813788489813 -0.2688463076498817
4.429645641561608 -0.2728657681887792
4.4924774946334045 -0.2757605239233939
4.5553093477052 -0.27753863334835877
4.618141200776996 -0.2782123075550241
4.680973053848792 -0.2777975358784228
4.743804906920587 -0.2763137323263352
4.806636759992383 -0.27378340707891274
4.869468613064179 -0.27023186590499965
4.932300466135976 -0.26568693902535423
4.995132319207771 -0.26017873978654443
5.057964172279567 -0.2537394525058014
5.120796025351362 -0.24640314801206709
5.183627878423159 -0.2382056247409935
5.246459731494955 -0.22918427273611022
5.3092915845667505 -0.21937795755564843
5.372123437638546 -0.20882692087310967
5.434955290710342 -0.19757269447663126
5.497787143782137 -0.1856580244036485
5.560618996853934 -0.17312680207899803
5.62345084992573 -0.16002399954196564
5.686282702997525 -0.14639560613631664
5.749114556069321 -0.13228856438263636
5.811946409141116 -0.11775070313991116
5.874778262212914 -0.10283066657896923
5.937610115284709 -0.08757783792010233
6.000441968356505 -0.07204225731704034
6.0632738214283 -0.05627453368621437
6.126105674500097 -0.04032575067107361
6.188937527571893 -0.02424736728440376
6.2517693806436885 -0.008091114076410569