0.031415926535897934 0.008029745371562104
0.0942477796076938 0.024063666104623446
0.15707963267948966 0.04002092750286079
0.21991148575128552 0.05585059168730653
0.2827433388230814 0.07150197108985186
0.34557519189487723 0.08692472429343083
0.4084070449666731 0.10206894788023455
0.47123889803846897 0.11688526355504557
0.5340707511102649 0.13132490009980227
0.5969026041820606 0.14533977005078919
0.6597344572538566 0.1588825413615114
0.7225663103256523 0.17190670471126068
0.7853981633974483 0.18436663752967608
0.8482300164692442 0.19621766621858494
0.91106186954104 0.20741612845089885
0.9738937226128359 0.2179194377987655
1.0367255756846319 0.2276861532756624
1.0995574287564276 0.23667605665551245
1.1623892818282235 0.24485024064182984
1.2252211349000193 0.252171211086824
1.2880529879718152 0.2586030064896134
1.350884841043611 0.2641113379196522
1.413716694115407 0.2686637523018748
1.4765485471872026 0.2722298216504569
1.5393804002589986 0.27478136033647443
1.6022122533307945 0.2762926718113904
1.6650441064025903 0.276740825377057
1.7278759594743862 0.27610596259230596
1.7907078125461822 0.27437163174128876
1.853539665617978 0.27152514747253204
1.9163715186897736 0.26755797127300973
1.9792033717615696 0.26246610690248867
2.0420352248333655 0.2562505033264033
2.104867077905162 0.2489174561099422
2.1676989309769574 0.24047899674375806
2.230530784048753 0.23095325804567474
2.2933626371205493 0.22036480271411488
2.356194490192345 0.20874490139269095
2.4190263432641403 0.19613174633475725
2.4818581963359367 0.18257058701600878
2.5446900494077322 0.16811377490011084
2.607521902479528 0.15282070605955558
2.670353755551324 0.13675765250164965
2.7331856086231197 0.11999747581897655
2.796017461694916 0.10261922010331954
2.8588493147667116 0.08470758481671918
2.9216811678385075 0.06635228234731302
2.9845130209103035 0.04764728910178287
3.047344873982099 0.028690002989017478
3.1101767270538954 0.009580323811331472
3.173008580125691 -0.009580323811331472
3.2358404331974873 -0.028690002989017478
3.2986722862692828 -0.04764728910178287
3.3615041393410787 -0.06635228234731302
3.4243359924128747 -0.08470758481671918
3.48716784548467 -0.10261922010331954
3.549999698556466 -0.1199974758189764
3.612831551628262 -0.13675765250164965
3.675663404700058 -0.15282070605955558
3.7384952577718535 -0.16811377490011067
3.8013271108436495 -0.18257058701600878
3.8641589639154454 -0.196131746334757
3.9269908169872414 -0.20874490139269095
3.989822670059038 -0.22036480271411513
4.052654523130833 -0.23095325804567474
4.115486376202629 -0.24047899674375806
4.178318229274425 -0.2489174561099422
4.241150082346222 -0.2562505033264032
4.303981935418017 -0.26246610690248867
4.366813788489813 -0.26755797127300973
4.429645641561608 -0.27152514747253204
4.4924774946334045 -0.27437163174128865
4.5553093477052 -0.27610596259230596
4.618141200776996 -0.2767408253770571
4.680973053848792 -0.27629267181139033
4.743804906920587 -0.27478136033647443
4.806636759992383 -0.27222982165045706
4.869468613064179 -0.2686637523018748
4.932300466135976 -0.2641113379196522
4.995132319207771 -0.25860300648961343
5.057964172279567 -0.25217121108682405
5.120796025351362 -0.24485024064182995
5.183627878423159 -0.23667605665551245
5.246459731494955 -0.22768615327566227
5.3092915845667505 -0.2179194377987655
5.372123437638546 -0.20741612845089885
5.434955290710342 -0.19621766621858505
5.497787143782137 -0.18436663752967627
5.560618996853934 -0.1719067047112606
5.62345084992573 -0.1588825413615114
5.686282702997525 -0.14533977005078919
5.749114556069321 -0.1313249000998024
5.811946409141116 -0.11688526355504585
5.874778262212914 -0.1020689478802344
5.937610115284709 -0.08692472429343083
6.000441968356505 -0.07150197108985186
6.0632738214283 -0.05585059168730666
6.126105674500097 -0.04002092750286079
6.188937527571893 -0.024063666104623384
6.2517693806436885 -0.008029745371562104