0.031415926535897934 0.009102649424029509
0.0942477796076938 0.027244196583373195
0.15707963267948966 0.04519531727880958
0.21991148575128552 0.06283180539532776
0.2827433388230814 0.08003351248748802
0.34557519189487723 0.09668585301372934
0.4084070449666731 0.11268119503335215
0.47123889803846897 0.12792010835632234
0.5340707511102649 0.1423124456604425
0.5969026041820606 0.1557782363438849
0.6597344572538566 0.1682483777837082
0.7225663103256523 0.17966511409940134
0.7853981633974483 0.18998229830659255
0.8482300164692442 0.199165439681991
0.91106186954104 0.2071915440099701
0.9738937226128359 0.2140487598950132
1.0367255756846319 0.21973584926033712
1.0995574287564276 0.22426150429565828
1.1623892818282235 0.22764353629501874
1.2252211349000193 0.22990796392561247
1.2880529879718152 0.2310880294437064
1.350884841043611 0.23122317124459954
1.413716694115407 0.23035797998368474
1.4765485471872026 0.22854116347126577
1.5393804002589986 0.2258245427998289
1.6022122533307945 0.22226209890667564
1.6650441064025903 0.2179090852115804
1.7278759594743862 0.212821218294745
1.7907078125461822 0.20705395497114235
1.853539665617978 0.20066186072107162
1.9163715186897736 0.19369807136748474
1.9792033717615696 0.18621384722727133
2.0420352248333655 0.1782582167511659
2.104867077905162 0.1698777049198117
2.1676989309769574 0.16111614037086552
2.230530784048753 0.15201453436314863
2.2933626371205493 0.1426110241940317
2.356194490192345 0.13294087352218406
2.4190263432641403 0.12303652215231109
2.4818581963359367 0.11292767815434743
2.5446900494077322 0.1026414456623368
2.607521902479528 0.09220248227840458
2.670353755551324 0.08163318065131062
2.7331856086231197 0.07095386947008807
2.796017461694916 0.06018302978086131
2.8588493147667116 0.04933752317482371
2.9216811678385075 0.038432828988838014
2.9845130209103035 0.027483288193210394
3.047344873982099 0.01650235210379076
3.1101767270538954 0.005502834440725878
3.173008580125691 -0.005502834440725878
3.2358404331974873 -0.01650235210379076
3.2986722862692828 -0.027483288193210394
3.3615041393410787 -0.038432828988838014
3.4243359924128747 -0.04933752317482371
3.48716784548467 -0.06018302978086131
3.549999698556466 -0.07095386947008794
3.612831551628262 -0.08163318065131062
3.675663404700058 -0.09220248227840458
3.7384952577718535 -0.1026414456623368
3.8013271108436495 -0.11292767815434743
3.8641589639154454 -0.12303652215231095
3.9269908169872414 -0.13294087352218406
3.989822670059038 -0.14261102419403202
4.052654523130833 -0.15201453436314863
4.115486376202629 -0.16111614037086552
4.178318229274425 -0.16987770491981175
4.241150082346222 -0.17825821675116596
4.303981935418017 -0.18621384722727133
4.366813788489813 -0.19369807136748474
4.429645641561608 -0.20066186072107156
4.4924774946334045 -0.2070539549711424
4.5553093477052 -0.212821218294745
4.618141200776996 -0.21790908521158048
4.680973053848792 -0.22226209890667564
4.743804906920587 -0.2258245427998289
4.806636759992383 -0.22854116347126585
4.869468613064179 -0.23035797998368474
4.932300466135976 -0.2312231712445996
4.995132319207771 -0.2310880294437064
5.057964172279567 -0.22990796392561247
5.120796025351362 -0.22764353629501863
5.183627878423159 -0.22426150429565828
5.246459731494955 -0.219735849260337
5.3092915845667505 -0.2140487598950132
5.372123437638546 -0.2071915440099701
5.434955290710342 -0.19916543968199113
5.497787143782137 -0.1899822983065928
5.560618996853934 -0.17966511409940122
5.62345084992573 -0.1682483777837082
5.686282702997525 -0.1557782363438849
5.749114556069321 -0.14231244566044277
5.811946409141116 -0.12792010835632245
5.874778262212914 -0.11268119503335192
5.937610115284709 -0.09668585301372934
6.000441968356505 -0.08003351248748802
6.0632738214283 -0.06283180539532794
6.126105674500097 -0.04519531727880958
6.188937527571893 -0.02724419658337301
6.2517693806436885 -0.009102649424029509