0.031415926535897934 0.006251740948145768
0.0942477796076938 0.01873848955347891
0.15707963267948966 0.031175033945015067
0.21991148575128552 0.04352789003307979
0.2827433388230814 0.05576355132369097
0.34557519189487723 0.067848479063707
0.4084070449666731 0.07974909166473816
0.47123889803846897 0.09143175344294553
0.5340707511102649 0.10286276289009696
0.5969026041820606 0.11400834090442606
0.6597344572538566 0.12483461965506508
0.7225663103256523 0.13530763302752907
0.7853981633974483 0.145393309895649
0.8482300164692442 0.15505747178227203
0.91106186954104 0.1642658368007592
0.9738937226128359 0.17298403210427626
1.0367255756846319 0.1811776174010318
1.0995574287564276 0.18881212241007442
1.1623892818282235 0.19585310142098633
1.2252211349000193 0.20226620836633008
1.2880529879718152 0.2080172959999176
1.350884841043611 0.21307254287591787
1.413716694115407 0.21739861181983003
1.4765485471872026 0.22096284344619324
1.5393804002589986 0.2237334879814804
1.6022122533307945 0.2256799781649185
1.6650441064025903 0.22677324529657897
1.7278759594743862 0.22698607955529804
1.7907078125461822 0.22629353449848752
1.853539665617978 0.22467337417006397
1.9163715186897736 0.22210655948235541
1.9792033717615696 0.21857776852038094
2.0420352248333655 0.21407594318038364
2.104867077905162 0.2085948521613695
2.1676989309769574 0.20213365786809018
2.230530784048753 0.19469747237378443
2.2933626371205493 0.18629788537510056
2.356194490192345 0.17695344521605139
2.4190263432641403 0.16669007274296413
2.4818581963359367 0.15554138716099106
2.5446900494077322 0.1435489233650073
2.607521902479528 0.13076222155345904
2.670353755551324 0.1172387723934608
2.7331856086231197 0.10304380461233624
2.796017461694916 0.08824990658603446
2.8588493147667116 0.07293647912866662
2.9216811678385075 0.057189023018539786
2.9845130209103035 0.04109827150085111
3.047344873982099 0.02475918469897
3.1101767270538954 0.008269829123977487
3.173008580125691 -0.008269829123977487
3.2358404331974873 -0.02475918469897
3.2986722862692828 -0.04109827150085111
3.3615041393410787 -0.057189023018539786
3.4243359924128747 -0.07293647912866662
3.48716784548467 -0.08824990658603446
3.549999698556466 -0.10304380461233618
3.612831551628262 -0.1172387723934608
3.675663404700058 -0.13076222155345904
3.7384952577718535 -0.14354892336500719
3.8013271108436495 -0.15554138716099106
3.8641589639154454 -0.16669007274296402
3.9269908169872414 -0.17695344521605139
3.989822670059038 -0.1862978853751007
4.052654523130833 -0.19469747237378443
4.115486376202629 -0.20213365786809018
4.178318229274425 -0.20859485216136964
4.241150082346222 -0.2140759431803837
4.303981935418017 -0.21857776852038097
4.366813788489813 -0.22210655948235541
4.429645641561608 -0.22467337417006392
4.4924774946334045 -0.22629353449848758
4.5553093477052 -0.22698607955529804
4.618141200776996 -0.22677324529657897
4.680973053848792 -0.22567997816491844
4.743804906920587 -0.2237334879814804
4.806636759992383 -0.22096284344619327
4.869468613064179 -0.21739861181983003
4.932300466135976 -0.21307254287591776
4.995132319207771 -0.20801729599991764
5.057964172279567 -0.20226620836633005
5.120796025351362 -0.19585310142098633
5.183627878423159 -0.18881212241007442
5.246459731494955 -0.18117761740103164
5.3092915845667505 -0.17298403210427626
5.372123437638546 -0.1642658368007592
5.434955290710342 -0.15505747178227205
5.497787143782137 -0.14539330989564922
5.560618996853934 -0.13530763302752896
5.62345084992573 -0.12483461965506508
5.686282702997525 -0.11400834090442606
5.749114556069321 -0.10286276289009699
5.811946409141116 -0.09143175344294575
5.874778262212914 -0.07974909166473797
5.937610115284709 -0.067848479063707
6.000441968356505 -0.05576355132369097
6.0632738214283 -0.04352789003307979
6.126105674500097 -0.031175033945015067
6.188937527571893 -0.01873848955347882
6.2517693806436885 -0.006251740948145768