0.031415926535897934 0.009174000034087868
0.0942477796076938 0.02748480288969881
0.15707963267948966 0.04568419104445474
0.21991148575128552 0.06369847611214205
0.2827433388230814 0.08145484589206523
0.34557519189487723 0.0988817031262686
0.4084070449666731 0.11590899289550606
0.47123889803846897 0.13246851590083084
0.5340707511102649 0.14849422522148806
0.5969026041820606 0.16392250453275645
0.6597344572538566 0.17869242619517872
0.7225663103256523 0.19274598807397722
0.7853981633974483 0.20602832839882834
0.8482300164692442 0.21848791841438467
0.91106186954104 0.2300767329867147
0.9738937226128359 0.24075039970741702
1.0367255756846319 0.2504683273646099
1.0995574287564276 0.259193814919597
1.1623892818282235 0.26689414233344333
1.2252211349000193 0.27354064472513223
1.2880529879718152 0.2791087714111189
1.350884841043611 0.28357813137602234
1.413716694115407 0.28693252665928604
1.4765485471872026 0.28915997501823837
1.5393804002589986 0.2902527230513007
1.6022122533307945 0.2902072507447009
1.6650441064025903 0.28902426815183413
1.7278759594743862 0.28670870463695663
1.7907078125461822 0.2832696908254775
1.853539665617978 0.27872053311309586
1.9163715186897736 0.2730786803067769
1.9792033717615696 0.2663656817130118
2.0420352248333655 0.2586071357632058
2.104867077905162 0.2498326280816803
2.1676989309769574 0.2400756577666732
2.230530784048753 0.22937355057541242
2.2933626371205493 0.21776735768558472
2.356194490192345 0.20530173875016358
2.4190263432641403 0.19202482807131022
2.4818581963359367 0.17798808289042797
2.5446900494077322 0.16324611302167047
2.607521902479528 0.14785649133928264
2.670353755551324 0.1318795449570309
2.7331856086231197 0.11537812730060443
2.796017461694916 0.09841737165969582
2.8588493147667116 0.08106442720264778
2.9216811678385075 0.06338817882950791
2.9845130209103035 0.045458952615248994
3.047344873982099 0.027348208940266978
3.1101767270538954 0.009128225707417567
3.173008580125691 -0.009128225707417567
3.2358404331974873 -0.027348208940266978
3.2986722862692828 -0.045458952615248994
3.3615041393410787 -0.06338817882950791
3.4243359924128747 -0.08106442720264778
3.48716784548467 -0.09841737165969582
3.549999698556466 -0.11537812730060437
3.612831551628262 -0.1318795449570309
3.675663404700058 -0.14785649133928264
3.7384952577718535 -0.16324611302167039
3.8013271108436495 -0.17798808289042797
3.8641589639154454 -0.19202482807131005
3.9269908169872414 -0.20530173875016358
3.989822670059038 -0.21776735768558494
4.052654523130833 -0.22937355057541242
4.115486376202629 -0.2400756577666732
4.178318229274425 -0.2498326280816803
4.241150082346222 -0.25860713576320593
4.303981935418017 -0.26636568171301184
4.366813788489813 -0.2730786803067769
4.429645641561608 -0.27872053311309586
4.4924774946334045 -0.2832696908254774
4.5553093477052 -0.28670870463695663
4.618141200776996 -0.28902426815183413
4.680973053848792 -0.2902072507447009
4.743804906920587 -0.2902527230513007
4.806636759992383 -0.28915997501823854
4.869468613064179 -0.28693252665928604
4.932300466135976 -0.2835781313760223
4.995132319207771 -0.2791087714111189
5.057964172279567 -0.2735406447251324
5.120796025351362 -0.26689414233344344
5.183627878423159 -0.259193814919597
5.246459731494955 -0.2504683273646097
5.3092915845667505 -0.24075039970741702
5.372123437638546 -0.2300767329867147
5.434955290710342 -0.21848791841438484
5.497787143782137 -0.20602832839882868
5.560618996853934 -0.19274598807397714
5.62345084992573 -0.17869242619517872
5.686282702997525 -0.16392250453275645
5.749114556069321 -0.14849422522148814
5.811946409141116 -0.13246851590083117
5.874778262212914 -0.11590899289550607
5.937610115284709 -0.0988817031262686
6.000441968356505 -0.08145484589206523
6.0632738214283 -0.06369847611214205
6.126105674500097 -0.04568419104445474
6.188937527571893 -0.02748480288969868
6.2517693806436885 -0.009174000034087868