0.031415926535897934 0.00587369430326648
0.0942477796076938 0.017603674576443417
0.15707963267948966 0.02928144452412368
0.21991148575128552 0.040872246037202326
0.2827433388230814 0.05234139369454941
0.34557519189487723 0.063654302956739
0.4084070449666731 0.0747765176314031
0.47123889803846897 0.0856737366169199
0.5340707511102649 0.09631184008547873
0.5969026041820606 0.10665691544777861
0.6597344572538566 0.11667528364531429
0.7225663103256523 0.12633352653730978
0.7853981633974483 0.13559851638203402
0.8482300164692442 0.14443744864991237
0.91106186954104 0.15281787964120291
0.9738937226128359 0.16070777060589536
1.0367255756846319 0.16807554026893443
1.0995574287564276 0.17489012783996552
1.1623892818282235 0.1811210687227571
1.2252211349000193 0.18673858522349546
1.2880529879718152 0.19171369457671428
1.350884841043611 0.19601833654937642
1.413716694115407 0.19962552273386866
1.4765485471872026 0.2025095093856587
1.5393804002589986 0.2046459952880402
1.6022122533307945 0.20601234562310955
1.6650441064025903 0.20658784218580795
1.7278759594743862 0.20635395949126412
1.7907078125461822 0.20529466539481694
1.853539665617978 0.20339674377595793
1.9163715186897736 0.20065013564757483
1.9792033717615696 0.19704829376592672
2.0420352248333655 0.1925885444718252
2.104867077905162 0.18727244913858582
2.1676989309769574 0.18110615629868274
2.230530784048753 0.17410073434076573
2.2933626371205493 0.16627247369268308
2.356194490192345 0.15764314672022636
2.4190263432641403 0.1482402132613367
2.4818581963359367 0.1380969598609724
2.5446900494077322 0.12725256143853267
2.607521902479528 0.1157520553521901
2.670353755551324 0.10364621963840091
2.7331856086231197 0.09099134958098407
2.796017461694916 0.07784892964404602
2.8588493147667116 0.06428520108775516
2.9216811678385075 0.05037062913850886
2.9845130209103035 0.03617927723637808
3.047344873982099 0.021788099441851498
3.1101767270538954 0.00727616535094133
3.173008580125691 -0.00727616535094133
3.2358404331974873 -0.021788099441851498
3.2986722862692828 -0.03617927723637808
3.3615041393410787 -0.05037062913850886
3.4243359924128747 -0.06428520108775516
3.48716784548467 -0.07784892964404602
3.549999698556466 -0.09099134958098401
3.612831551628262 -0.10364621963840091
3.675663404700058 -0.1157520553521901
3.7384952577718535 -0.1272525614385325
3.8013271108436495 -0.1380969598609724
3.8641589639154454 -0.1482402132613366
3.9269908169872414 -0.15764314672022636
3.989822670059038 -0.1662724736926832
4.052654523130833 -0.17410073434076573
4.115486376202629 -0.18110615629868274
4.178318229274425 -0.18727244913858598
4.241150082346222 -0.19258854447182508
4.303981935418017 -0.19704829376592672
4.366813788489813 -0.20065013564757483
4.429645641561608 -0.20339674377595798
4.4924774946334045 -0.20529466539481686
4.5553093477052 -0.20635395949126412
4.618141200776996 -0.20658784218580786
4.680973053848792 -0.20601234562310955
4.743804906920587 -0.20464599528804026
4.806636759992383 -0.20250950938565862
4.869468613064179 -0.19962552273386866
4.932300466135976 -0.19601833654937642
4.995132319207771 -0.19171369457671428
5.057964172279567 -0.18673858522349554
5.120796025351362 -0.18112106872275716
5.183627878423159 -0.17489012783996552
5.246459731494955 -0.16807554026893437
5.3092915845667505 -0.16070777060589536
5.372123437638546 -0.15281787964120291
5.434955290710342 -0.14443744864991245
5.497787143782137 -0.1355985163820341
5.560618996853934 -0.12633352653730978
5.62345084992573 -0.11667528364531429
5.686282702997525 -0.10665691544777861
5.749114556069321 -0.09631184008547879
5.811946409141116 -0.08567373661692
5.874778262212914 -0.07477651763140312
5.937610115284709 -0.063654302956739
6.000441968356505 -0.05234139369454941
6.0632738214283 -0.040872246037202326
6.126105674500097 -0.02928144452412368
6.188937527571893 -0.01760367457644321
6.2517693806436885 -0.00587369430326648