0.031415926535897934 0.01014071431118866
0.0942477796076938 0.03034032180948299
0.15707963267948966 0.05029576887732863
0.21991148575128552 0.06984859105113632
0.2827433388230814 0.0888466697586152
0.34557519189487723 0.1071465389110322
0.4084070449666731 0.12461546880656789
0.47123889803846897 0.14113327646514306
0.5340707511102649 0.15659382065212563
0.5969026041820606 0.17090615048206853
0.6597344572538566 0.18399528823985375
0.7225663103256523 0.1958026394389544
0.7853981633974483 0.20628603560608225
0.8482300164692442 0.21541942725045984
0.91106186954104 0.22319225536192566
0.9738937226128359 0.22960853905696962
1.0367255756846319 0.23468572422846853
1.0995574287564276 0.23845334296470638
1.1623892818282235 0.24095153595888885
1.2252211349000193 0.242229490171576
1.2880529879718152 0.2423438418301128
1.350884841043611 0.24135709077446424
1.413716694115407 0.23933606660208284
1.4765485471872026 0.2363504804884804
1.5393804002589986 0.23247158943470478
1.6022122533307945 0.22777099245748458
1.6650441064025903 0.2223195712732506
1.7278759594743862 0.21618658163710713
1.7907078125461822 0.2094388958997504
1.853539665617978 0.20214039267143316
1.9163715186897736 0.1943514857864398
1.9792033717615696 0.18612878203241173
2.0420352248333655 0.17752485528346335
2.104867077905162 0.16858812365586948
2.1676989309769574 0.15936281597044713
2.230530784048753 0.14988901402799779
2.2933626371205493 0.14020275785588296
2.356194490192345 0.13033620204591095
2.4190263432641403 0.1203178124703607
2.4818581963359367 0.11017259394409701
2.5446900494077322 0.09992234072285694
2.607521902479528 0.0895859030336104
2.670353755551324 0.07917946407983624
2.7331856086231197 0.06871682312289763
2.796017461694916 0.05820968129140952
2.8588493147667116 0.047667927703020745
2.9216811678385075 0.03709992429324106
2.9845130209103035 0.026512788434255967
3.047344873982099 0.015912672996365975
3.1101767270538954 0.005305043960679713
3.173008580125691 -0.005305043960679713
3.2358404331974873 -0.015912672996365975
3.2986722862692828 -0.026512788434255967
3.3615041393410787 -0.03709992429324106
3.4243359924128747 -0.047667927703020745
3.48716784548467 -0.05820968129140952
3.549999698556466 -0.06871682312289745
3.612831551628262 -0.07917946407983624
3.675663404700058 -0.0895859030336104
3.7384952577718535 -0.09992234072285687
3.8013271108436495 -0.11017259394409701
3.8641589639154454 -0.1203178124703607
3.9269908169872414 -0.13033620204591095
3.989822670059038 -0.14020275785588304
4.052654523130833 -0.14988901402799779
4.115486376202629 -0.15936281597044713
4.178318229274425 -0.16858812365586978
4.241150082346222 -0.1775248552834635
4.303981935418017 -0.18612878203241176
4.366813788489813 -0.1943514857864398
4.429645641561608 -0.20214039267143316
4.4924774946334045 -0.20943889589975045
4.5553093477052 -0.21618658163710713
4.618141200776996 -0.22231957127325092
4.680973053848792 -0.2277709924574847
4.743804906920587 -0.23247158943470467
4.806636759992383 -0.23635048048848034
4.869468613064179 -0.23933606660208284
4.932300466135976 -0.24135709077446424
4.995132319207771 -0.2423438418301128
5.057964172279567 -0.2422294901715761
5.120796025351362 -0.24095153595888924
5.183627878423159 -0.23845334296470638
5.246459731494955 -0.2346857242284683
5.3092915845667505 -0.22960853905696962
5.372123437638546 -0.22319225536192566
5.434955290710342 -0.2154194272504597
5.497787143782137 -0.20628603560608239
5.560618996853934 -0.1958026394389544
5.62345084992573 -0.18399528823985375
5.686282702997525 -0.17090615048206853
5.749114556069321 -0.15659382065212585
5.811946409141116 -0.14113327646514331
5.874778262212914 -0.12461546880656775
5.937610115284709 -0.1071465389110322
6.000441968356505 -0.0888466697586152
6.0632738214283 -0.0698485910511364
6.126105674500097 -0.05029576887732863
6.188937527571893 -0.03034032180948298
6.2517693806436885 -0.01014071431118866