0.031415926535897934 0.00998880670755713
0.0942477796076938 0.029854476220565612
0.15707963267948966 0.04938712105182181
0.21991148575128552 0.06837395485325443
0.2827433388230814 0.08661560189975971
0.34557519189487723 0.10393062279938271
0.4084070449666731 0.12015926998769572
0.47123889803846897 0.13516634338473227
0.5340707511102649 0.14884307280683243
0.5969026041820606 0.16110801123245416
0.6597344572538566 0.171906977211745
0.7225663103256523 0.18121213164640007
0.7853981633974483 0.18902031093707156
0.8482300164692442 0.19535076341532798
0.91106186954104 0.20024244862156906
0.9738937226128359 0.20375106007617358
1.0367255756846319 0.20594592333894376
1.0995574287564276 0.206906904579543
1.1623892818282235 0.20672144308080603
1.2252211349000193 0.20548179653794782
1.2880529879718152 0.2032825629143644
1.350884841043611 0.20021851877135996
1.413716694115407 0.19638279271836986
1.4765485471872026 0.19186537475064724
1.5393804002589986 0.18675194812310078
1.6022122533307945 0.18112302005440153
1.6650441064025903 0.1750533206944931
1.7278759594743862 0.16861143597434455
1.7907078125461822 0.16185963865029485
1.853539665617978 0.1548538824945294
1.9163715186897736 0.1476439266327722
1.9792033717615696 0.1402735600140749
2.0420352248333655 0.13278089951605618
2.104867077905162 0.12519873892443875
2.1676989309769574 0.11755492973962704
2.230530784048753 0.1098727782874954
2.2933626371205493 0.10217144683856619
2.356194490192345 0.09446634930939483
2.4190263432641403 0.08676953460903314
2.4818581963359367 0.07909005280525239
2.5446900494077322 0.07143430104104535
2.607521902479528 0.06380634756420643
2.670353755551324 0.056208233379674157
2.7331856086231197 0.048640251935871806
2.796017461694916 0.041101207951794574
2.8588493147667116 0.033588657017734065
2.9216811678385075 0.026099127992367868
2.9845130209103035 0.018628330501359987
3.047344873982099 0.011171350042167256
3.1101767270538954 0.0037228333366364098
3.173008580125691 -0.0037228333366364098
3.2358404331974873 -0.011171350042167256
3.2986722862692828 -0.018628330501359987
3.3615041393410787 -0.026099127992367868
3.4243359924128747 -0.033588657017734065
3.48716784548467 -0.041101207951794574
3.549999698556466 -0.04864025193587172
3.612831551628262 -0.056208233379674157
3.675663404700058 -0.06380634756420643
3.7384952577718535 -0.07143430104104528
3.8013271108436495 -0.07909005280525239
3.8641589639154454 -0.08676953460903314
3.9269908169872414 -0.09446634930939483
3.989822670059038 -0.10217144683856631
4.052654523130833 -0.1098727782874954
4.115486376202629 -0.11755492973962704
4.178318229274425 -0.12519873892443883
4.241150082346222 -0.13278089951605615
4.303981935418017 -0.14027356001407496
4.366813788489813 -0.1476439266327722
4.429645641561608 -0.15485388249452947
4.4924774946334045 -0.16185963865029496
4.5553093477052 -0.16861143597434455
4.618141200776996 -0.17505332069449317
4.680973053848792 -0.1811230200544017
4.743804906920587 -0.1867519481231008
4.806636759992383 -0.19186537475064697
4.869468613064179 -0.19638279271836986
4.932300466135976 -0.20021851877135988
4.995132319207771 -0.20328256291436456
5.057964172279567 -0.20548179653794799
5.120796025351362 -0.20672144308080612
5.183627878423159 -0.206906904579543
5.246459731494955 -0.20594592333894376
5.3092915845667505 -0.20375106007617358
5.372123437638546 -0.20024244862156906
5.434955290710342 -0.1953507634153279
5.497787143782137 -0.18902031093707167
5.560618996853934 -0.18121213164640002
5.62345084992573 -0.171906977211745
5.686282702997525 -0.16110801123245416
5.749114556069321 -0.1488430728068325
5.811946409141116 -0.13516634338473257
5.874778262212914 -0.12015926998769566
5.937610115284709 -0.10393062279938271
6.000441968356505 -0.08661560189975971
6.0632738214283 -0.06837395485325462
6.126105674500097 -0.04938712105182181
6.188937527571893 -0.029854476220565487
6.2517693806436885 -0.00998880670755713