0.031415926535897934 0.004893951201642309
0.0942477796076938 0.014664565077745377
0.15707963267948966 0.024383360314654077
0.21991148575128552 0.03401594745346748
0.2827433388230814 0.04352817088668964
0.34557519189487723 0.05288620123315594
0.4084070449666731 0.0620566266235302
0.47123889803846897 0.0710065426904975
0.5340707511102649 0.07970364113087992
0.5969026041820606 0.08811629678983546
0.6597344572538566 0.09621365330654877
0.7225663103256523 0.10396570745244439
0.7853981633974483 0.11134339238273841
0.8482300164692442 0.11831866010572205
0.91106186954104 0.12486456354711761
0.9738937226128359 0.13095533864483733
1.0367255756846319 0.13656648694834933
1.0995574287564276 0.14167485921281728
1.1623892818282235 0.14625874046783577
1.2252211349000193 0.15029793700113642
1.2880529879718152 0.15377386562693435
1.350884841043611 0.15666964550532028
1.413716694115407 0.15897019264284162
1.4765485471872026 0.16066231703579587
1.5393804002589986 0.1617348222185578
1.6022122533307945 0.1621786067524879
1.6650441064025903 0.16198676694097627
1.7278759594743862 0.1611546997886753
1.7907078125461822 0.15968020494510785
1.853539665617978 0.15756358409303312
1.9163715186897736 0.15480773596997557
1.9792033717615696 0.1514182449579242
2.0420352248333655 0.14740346095301732
2.104867077905162 0.14277456804605948
2.1676989309769574 0.1375456394180418
2.230530784048753 0.13173367579391648
2.2933626371205493 0.12535862481310678
2.356194490192345 0.11844337877512262
2.4190263432641403 0.11101374840931894
2.4818581963359367 0.1030984106022502
2.5446900494077322 0.09472882839358795
2.607521902479528 0.08593914201744664
2.670353755551324 0.07676603031118329
2.7331856086231197 0.06724854242493841
2.796017461694916 0.0574279004249588
2.8588493147667116 0.04734727407113443
2.9216811678385075 0.037051529740457084
2.9845130209103035 0.026586956137861585
3.047344873982099 0.01600097005817483
3.1101767270538954 0.005341806012600217
3.173008580125691 -0.005341806012600217
3.2358404331974873 -0.01600097005817483
3.2986722862692828 -0.026586956137861585
3.3615041393410787 -0.037051529740457084
3.4243359924128747 -0.04734727407113443
3.48716784548467 -0.0574279004249588
3.549999698556466 -0.06724854242493829
3.612831551628262 -0.07676603031118329
3.675663404700058 -0.08593914201744664
3.7384952577718535 -0.09472882839358789
3.8013271108436495 -0.1030984106022502
3.8641589639154454 -0.1110137484093188
3.9269908169872414 -0.11844337877512262
3.989822670059038 -0.12535862481310683
4.052654523130833 -0.13173367579391648
4.115486376202629 -0.1375456394180418
4.178318229274425 -0.1427745680460596
4.241150082346222 -0.14740346095301732
4.303981935418017 -0.15141824495792416
4.366813788489813 -0.15480773596997557
4.429645641561608 -0.15756358409303312
4.4924774946334045 -0.15968020494510787
4.5553093477052 -0.1611546997886753
4.618141200776996 -0.16198676694097636
4.680973053848792 -0.1621786067524879
4.743804906920587 -0.16173482221855776
4.806636759992383 -0.16066231703579587
4.869468613064179 -0.15897019264284162
4.932300466135976 -0.15666964550532025
4.995132319207771 -0.15377386562693432
5.057964172279567 -0.1502979370011366
5.120796025351362 -0.14625874046783582
5.183627878423159 -0.14167485921281728
5.246459731494955 -0.1365664869483493
5.3092915845667505 -0.13095533864483733
5.372123437638546 -0.12486456354711761
5.434955290710342 -0.11831866010572213
5.497787143782137 -0.1113433923827385
5.560618996853934 -0.10396570745244439
5.62345084992573 -0.09621365330654877
5.686282702997525 -0.08811629678983546
5.749114556069321 -0.07970364113088003
5.811946409141116 -0.07100654269049762
5.874778262212914 -0.06205662662353017
5.937610115284709 -0.05288620123315594
6.000441968356505 -0.04352817088668964
6.0632738214283 -0.034015947453467484
6.126105674500097 -0.024383360314654077
6.188937527571893 -0.01466456507774537
6.2517693806436885 -0.004893951201642309