0.031415926535897934 0.006494214287091526
0.0942477796076938 0.019461567300023894
0.15707963267948966 0.032365735540396755
0.21991148575128552 0.045164735179068966
0.2827433388230814 0.05781679020867858
0.34557519189487723 0.07028041323981875
0.4084070449666731 0.08251448415249502
0.47123889803846897 0.09447832625180795
0.5340707511102649 0.10613177976177679
0.5969026041820606 0.11743527270506991
0.6597344572538566 0.1283498894523145
0.7225663103256523 0.1388374374749359
0.7853981633974483 0.14886051309174328
0.8482300164692442 0.1583825672528009
0.91106186954104 0.16736797264517064
0.9738937226128359 0.17578209362420447
1.0367255756846319 0.18359136066138967
1.0995574287564276 0.19076335114533743
1.1623892818282235 0.19726687846646485
1.2252211349000193 0.2030720913484237
1.2880529879718152 0.20815058535093353
1.350884841043611 0.21247552835034306
1.413716694115407 0.21602180159786738
1.4765485471872026 0.2187661576539621
1.5393804002589986 0.2206873960954363
1.6022122533307945 0.22176655738658793
1.6650441064025903 0.2219871346967835
1.7278759594743862 0.22133530273816476
1.7907078125461822 0.21980016189679058
1.853539665617978 0.2173739950521407
1.9163715186897736 0.21405253354329182
1.9792033717615696 0.2098352277716366
2.0420352248333655 0.20472551696307054
2.104867077905162 0.19873109168714786
2.1676989309769574 0.1918641418927966
2.230530784048753 0.18414158252040222
2.2933626371205493 0.17558524824156116
2.356194490192345 0.166222048613458
2.4190263432641403 0.15608407496386492
2.4818581963359367 0.1452086506868095
2.5446900494077322 0.13363831735787457
2.607521902479528 0.12142075018592113
2.670353755551324 0.10860859779940296
2.7331856086231197 0.0952592431929629
2.796017461694916 0.08143448478299214
2.8588493147667116 0.0672001388657274
2.9216811678385075 0.052625567244256856
2.9845130209103035 0.03778313628146666
3.047344873982099 0.02274761602450722
3.1101767270538954 0.0075955302107284205
3.173008580125691 -0.0075955302107284205
3.2358404331974873 -0.02274761602450722
3.2986722862692828 -0.03778313628146666
3.3615041393410787 -0.052625567244256856
3.4243359924128747 -0.0672001388657274
3.48716784548467 -0.08143448478299214
3.549999698556466 -0.09525924319296275
3.612831551628262 -0.10860859779940296
3.675663404700058 -0.12142075018592113
3.7384952577718535 -0.1336383173578745
3.8013271108436495 -0.1452086506868095
3.8641589639154454 -0.15608407496386484
3.9269908169872414 -0.166222048613458
3.989822670059038 -0.17558524824156127
4.052654523130833 -0.18414158252040222
4.115486376202629 -0.1918641418927966
4.178318229274425 -0.19873109168714786
4.241150082346222 -0.20472551696307054
4.303981935418017 -0.2098352277716367
4.366813788489813 -0.21405253354329182
4.429645641561608 -0.21737399505214064
4.4924774946334045 -0.21980016189679058
4.5553093477052 -0.22133530273816476
4.618141200776996 -0.22198713469678336
4.680973053848792 -0.22176655738658796
4.743804906920587 -0.2206873960954363
4.806636759992383 -0.2187661576539621
4.869468613064179 -0.21602180159786738
4.932300466135976 -0.21247552835034306
4.995132319207771 -0.2081505853509335
5.057964172279567 -0.2030720913484237
5.120796025351362 -0.19726687846646468
5.183627878423159 -0.19076335114533743
5.246459731494955 -0.18359136066138945
5.3092915845667505 -0.17578209362420447
5.372123437638546 -0.16736797264517064
5.434955290710342 -0.15838256725280103
5.497787143782137 -0.1488605130917434
5.560618996853934 -0.13883743747493585
5.62345084992573 -0.1283498894523145
5.686282702997525 -0.11743527270506991
5.749114556069321 -0.10613177976177696
5.811946409141116 -0.0944783262518081
5.874778262212914 -0.08251448415249484
5.937610115284709 -0.07028041323981875
6.000441968356505 -0.05781679020867858
6.0632738214283 -0.04516473517906904
6.126105674500097 -0.032365735540396755
6.188937527571893 -0.019461567300023887
6.2517693806436885 -0.006494214287091526