0.031415926535897934 0.008602659651756859
0.0942477796076938 0.025774159553009695
0.15707963267948966 0.042844345828131875
0.21991148575128552 0.059746156785285096
0.2827433388230814 0.07641324761787979
0.34557519189487723 0.09278026886501932
0.4084070449666731 0.10878313683662758
0.47123889803846897 0.12435929406544126
0.5340707511102649 0.1394479580977257
0.5969026041820606 0.15399035721982765
0.6597344572538566 0.16792995202800312
0.7225663103256523 0.18121264207299562
0.7853981633974483 0.19378695713697489
0.8482300164692442 0.20560423301716907
0.91106186954104 0.2166187719869161
0.9738937226128359 0.22678798837093617
1.0367255756846319 0.23607253989870217
1.0995574287564276 0.24443644568071476
1.1623892818282235 0.2518471917818943
1.2252211349000193 0.2582758254406254
1.2880529879718152 0.2636970389997069
1.350884841043611 0.2680892445768577
1.413716694115407 0.27143464040978754
1.4765485471872026 0.2737192696681448
1.5393804002589986 0.2749330723375597
1.6022122533307945 0.2750699305566382
1.6650441064025903 0.27412770753452725
1.7278759594743862 0.27210827990400677
1.7907078125461822 0.2690175630832449
1.853539665617978 0.2648655289391914
1.9163715186897736 0.25966621477816054
1.9792033717615696 0.2534377224455342
2.0420352248333655 0.24620220610739385
2.104867077905162 0.23798584712228837
2.1676989309769574 0.22881881430025214
2.230530784048753 0.2187352077961971
2.2933626371205493 0.2077729849018096
2.356194490192345 0.19597386608791428
2.4190263432641403 0.18338321980946806
2.4818581963359367 0.17004992481689882
2.5446900494077322 0.15602620901674585
2.607521902479528 0.14136746428509747
2.670353755551324 0.12613203705015552
2.7331856086231197 0.11038099491389428
2.796017461694916 0.09417787006366983
2.8588493147667116 0.0775883807174951
2.9216811678385075 0.06068013233513777
2.9845130209103035 0.04352230079439466
3.047344873982099 0.02618530016118446
3.1101767270538954 0.00874043805783848
3.173008580125691 -0.00874043805783848
3.2358404331974873 -0.02618530016118446
3.2986722862692828 -0.04352230079439466
3.3615041393410787 -0.06068013233513777
3.4243359924128747 -0.0775883807174951
3.48716784548467 -0.09417787006366983
3.549999698556466 -0.11038099491389419
3.612831551628262 -0.12613203705015552
3.675663404700058 -0.14136746428509747
3.7384952577718535 -0.1560262090167458
3.8013271108436495 -0.17004992481689882
3.8641589639154454 -0.183383219809468
3.9269908169872414 -0.19597386608791428
3.989822670059038 -0.20777298490180968
4.052654523130833 -0.2187352077961971
4.115486376202629 -0.22881881430025214
4.178318229274425 -0.23798584712228854
4.241150082346222 -0.24620220610739393
4.303981935418017 -0.2534377224455342
4.366813788489813 -0.25966621477816054
4.429645641561608 -0.26486552893919135
4.4924774946334045 -0.26901756308324504
4.5553093477052 -0.27210827990400677
4.618141200776996 -0.27412770753452725
4.680973053848792 -0.2750699305566382
4.743804906920587 -0.2749330723375597
4.806636759992383 -0.27371926966814475
4.869468613064179 -0.27143464040978754
4.932300466135976 -0.2680892445768576
4.995132319207771 -0.2636970389997069
5.057964172279567 -0.2582758254406254
5.120796025351362 -0.2518471917818944
5.183627878423159 -0.24443644568071476
5.246459731494955 -0.236072539898702
5.3092915845667505 -0.22678798837093617
5.372123437638546 -0.2166187719869161
5.434955290710342 -0.20560423301716907
5.497787143782137 -0.19378695713697508
5.560618996853934 -0.18121264207299556
5.62345084992573 -0.16792995202800312
5.686282702997525 -0.15399035721982765
5.749114556069321 -0.1394479580977258
5.811946409141116 -0.12435929406544144
5.874778262212914 -0.10878313683662734
5.937610115284709 -0.09278026886501932
6.000441968356505 -0.07641324761787979
6.0632738214283 -0.05974615678528529
6.126105674500097 -0.042844345828131875
6.188937527571893 -0.025774159553009567
6.2517693806436885 -0.008602659651756859