0.031415926535897934 0.008490418315856228
0.0942477796076938 0.02543998584312021
0.15707963267948966 0.04229585683891289
0.21991148575128552 0.05899593525965271
0.2827433388230814 0.07547867419456596
0.34557519189487723 0.09168328897450942
0.4084070449666731 0.10754996401699264
0.47123889803846897 0.12302005200627165
0.5340707511102649 0.1380362642779892
0.5969026041820606 0.1525428515865398
0.6597344572538566 0.1664857747683327
0.7225663103256523 0.17981286516261907
0.7853981633974483 0.19247397500023383
0.8482300164692442 0.20442111830611737
0.91106186954104 0.21560860317084554
0.9738937226128359 0.2259931565173546
1.0367255756846319 0.23553404271051986
1.0995574287564276 0.24419317751948397
1.1623892818282235 0.25193523903755155
1.2252211349000193 0.2587277771858067
1.2880529879718152 0.2645413233700441
1.350884841043611 0.2693495017239277
1.413716694115407 0.2731291431544408
1.4765485471872026 0.27586040311087645
1.5393804002589986 0.2775268836304063
1.6022122533307945 0.2781157597785973
1.6650441064025903 0.27761791011155273
1.7278759594743862 0.27602805024956023
1.7907078125461822 0.27334486808460945
1.853539665617978 0.2695711585627691
1.9163715186897736 0.26471395540615467
1.9792033717615696 0.25878465658917055
2.0420352248333655 0.2517991398823157
2.104867077905162 0.24377786434757612
2.1676989309769574 0.23474595333584425
2.230530784048753 0.2247332543216418
2.2933626371205493 0.21377437083450054
2.356194490192345 0.20190866182734069
2.4190263432641403 0.18918020407330788
2.4818581963359367 0.17563771361135527
2.5446900494077322 0.16133442286812574
2.607521902479528 0.1463279108624591
2.670353755551324 0.13067988483387824
2.7331856086231197 0.1144559127040501
2.796017461694916 0.0977251069487917
2.8588493147667116 0.08055976168885794
2.9216811678385075 0.06303494605603409
2.9845130209103035 0.045228058108765776
3.047344873982099 0.02721834470916614
3.1101767270538954 0.0090863937825493
3.173008580125691 -0.0090863937825493
3.2358404331974873 -0.02721834470916614
3.2986722862692828 -0.045228058108765776
3.3615041393410787 -0.06303494605603409
3.4243359924128747 -0.08055976168885794
3.48716784548467 -0.0977251069487917
3.549999698556466 -0.11445591270405
3.612831551628262 -0.13067988483387824
3.675663404700058 -0.1463279108624591
3.7384952577718535 -0.16133442286812563
3.8013271108436495 -0.17563771361135527
3.8641589639154454 -0.18918020407330788
3.9269908169872414 -0.20190866182734069
3.989822670059038 -0.21377437083450074
4.052654523130833 -0.2247332543216418
4.115486376202629 -0.23474595333584425
4.178318229274425 -0.24377786434757628
4.241150082346222 -0.25179913988231595
4.303981935418017 -0.2587846565891706
4.366813788489813 -0.26471395540615467
4.429645641561608 -0.26957115856276903
4.4924774946334045 -0.27334486808460956
4.5553093477052 -0.27602805024956023
4.618141200776996 -0.2776179101115529
4.680973053848792 -0.27811575977859715
4.743804906920587 -0.2775268836304064
4.806636759992383 -0.27586040311087656
4.869468613064179 -0.2731291431544408
4.932300466135976 -0.2693495017239276
4.995132319207771 -0.26454132337004416
5.057964172279567 -0.2587277771858068
5.120796025351362 -0.2519352390375515
5.183627878423159 -0.24419317751948397
5.246459731494955 -0.2355340427105198
5.3092915845667505 -0.2259931565173546
5.372123437638546 -0.21560860317084554
5.434955290710342 -0.20442111830611737
5.497787143782137 -0.1924739750002339
5.560618996853934 -0.17981286516261907
5.62345084992573 -0.1664857747683327
5.686282702997525 -0.1525428515865398
5.749114556069321 -0.1380362642779894
5.811946409141116 -0.12302005200627184
5.874778262212914 -0.10754996401699249
5.937610115284709 -0.09168328897450942
6.000441968356505 -0.07547867419456596
6.0632738214283 -0.05899593525965272
6.126105674500097 -0.04229585683891289
6.188937527571893 -0.02543998584312021
6.2517693806436885 -0.008490418315856228