0.031415926535897934 0.005751859658379711
0.0942477796076938 0.017232087153920942
0.15707963267948966 0.02864194756036597
0.21991148575128552 0.03993488994061915
0.2827433388230814 0.051064901279403434
0.34557519189487723 0.061986716176834745
0.4084070449666731 0.07265602117763247
0.47123889803846897 0.08302965235779722
0.5340707511102649 0.09306578490006573
0.5969026041820606 0.1027241135164341
0.6597344572538566 0.11196602271689994
0.7225663103256523 0.12075474607431794
0.7853981633974483 0.129055513791784
0.8482300164692442 0.13683568803711862
0.91106186954104 0.1440648856648097
0.9738937226128359 0.1507150880954556
1.0367255756846319 0.15676073826297995
1.0995574287564276 0.1621788246677744
1.1623892818282235 0.16694895268716917
1.2252211349000193 0.17105340339148187
1.2880529879718152 0.17447718019329753
1.350884841043611 0.17720804371909613
1.413716694115407 0.17923653533603515
1.4765485471872026 0.18055598979332105
1.5393804002589986 0.18116253744839042
1.6022122533307945 0.18105509654473123
1.6650441064025903 0.180235355992638
1.7278759594743862 0.17870774907877038
1.7907078125461822 0.17647941849757792
1.853539665617978 0.17356017305996896
1.9163715186897736 0.16996243639461395
1.9792033717615696 0.1657011879174122
2.0420352248333655 0.16079389630721463
2.104867077905162 0.15526044569291897
2.1676989309769574 0.14912305473029797
2.230530784048753 0.1424061887277934
2.2933626371205493 0.13513646497004767
2.356194490192345 0.12734255138677272
2.4190263432641403 0.11905505872292954
2.4818581963359367 0.11030642638391296
2.5446900494077322 0.10113080215596232
2.607521902479528 0.09156391603643832
2.670353755551324 0.08164294844969033
2.7331856086231197 0.07140639317049761
2.796017461694916 0.06089391532680815
2.8588493147667116 0.050146204904894326
2.9216811678385075 0.03920482623117703
2.9845130209103035 0.028112063953974892
3.047344873982099 0.016910766093443004
3.1101767270538954 0.005644184767355461
3.173008580125691 -0.005644184767355461
3.2358404331974873 -0.016910766093443004
3.2986722862692828 -0.028112063953974892
3.3615041393410787 -0.03920482623117703
3.4243359924128747 -0.050146204904894326
3.48716784548467 -0.06089391532680815
3.549999698556466 -0.07140639317049748
3.612831551628262 -0.08164294844969033
3.675663404700058 -0.09156391603643832
3.7384952577718535 -0.10113080215596235
3.8013271108436495 -0.11030642638391296
3.8641589639154454 -0.11905505872292947
3.9269908169872414 -0.12734255138677272
3.989822670059038 -0.1351364649700479
4.052654523130833 -0.1424061887277934
4.115486376202629 -0.14912305473029797
4.178318229274425 -0.15526044569291902
4.241150082346222 -0.1607938963072147
4.303981935418017 -0.1657011879174122
4.366813788489813 -0.16996243639461395
4.429645641561608 -0.17356017305996901
4.4924774946334045 -0.17647941849757787
4.5553093477052 -0.17870774907877038
4.618141200776996 -0.180235355992638
4.680973053848792 -0.18105509654473137
4.743804906920587 -0.18116253744839045
4.806636759992383 -0.1805559897933211
4.869468613064179 -0.17923653533603515
4.932300466135976 -0.17720804371909607
4.995132319207771 -0.17447718019329753
5.057964172279567 -0.1710534033914819
5.120796025351362 -0.16694895268716922
5.183627878423159 -0.1621788246677744
5.246459731494955 -0.1567607382629798
5.3092915845667505 -0.1507150880954556
5.372123437638546 -0.1440648856648097
5.434955290710342 -0.13683568803711865
5.497787143782137 -0.12905551379178407
5.560618996853934 -0.12075474607431794
5.62345084992573 -0.11196602271689994
5.686282702997525 -0.1027241135164341
5.749114556069321 -0.09306578490006585
5.811946409141116 -0.08302965235779733
5.874778262212914 -0.07265602117763244
5.937610115284709 -0.061986716176834745
6.000441968356505 -0.051064901279403434
6.0632738214283 -0.03993488994061928
6.126105674500097 -0.02864194756036597
6.188937527571893 -0.017232087153920845
6.2517693806436885 -0.005751859658379711