0.031415926535897934 0.004889573598060057
0.0942477796076938 0.01465421056515422
0.15707963267948966 0.024375325783365126
0.21991148575128552 0.0340239345752421
0.2827433388230814 0.04357109710517379
0.34557519189487723 0.05298793657640615
0.4084070449666731 0.062245657785391414
0.47123889803846897 0.0713155662716259
0.5340707511102649 0.0801690883986887
0.5969026041820606 0.08877779281640122
0.6597344572538566 0.09711341388189902
0.7225663103256523 0.10514787775531609
0.7853981633974483 0.11285333202959161
0.8482300164692442 0.12020217989878626
0.91106186954104 0.12716712000986902
0.9738937226128359 0.13372119327308585
1.0367255756846319 0.1398378380190298
1.0995574287564276 0.14549095497895334
1.1623892818282235 0.15065498362062874
1.2252211349000193 0.15530499138649154
1.2880529879718152 0.15941677734477558
1.350884841043611 0.16296699166843703
1.413716694115407 0.1659332721914665
1.4765485471872026 0.16829439904873542
1.5393804002589986 0.17003046807570313
1.6022122533307945 0.171123083221696
1.6650441064025903 0.17155556771089778
1.7278759594743862 0.17131319306786602
1.7907078125461822 0.17038342441268375
1.853539665617978 0.16875617963349487
1.9163715186897736 0.16642409917604703
1.9792033717615696 0.16338282227297463
2.0420352248333655 0.15963126449945747
2.104867077905162 0.1551718906238761
2.1676989309769574 0.1500109758667604
2.230530784048753 0.14415884793942887
2.2933626371205493 0.13763010166030237
2.356194490192345 0.13044377759849243
2.4190263432641403 0.12262349612544278
2.4818581963359367 0.11419753851447931
2.5446900494077322 0.10519886735249036
2.607521902479528 0.09566507953951765
2.670353755551324 0.08563828655274776
2.7331856086231197 0.07516491841991281
2.796017461694916 0.06429544993687
2.8588493147667116 0.05308405000306822
2.9216811678385075 0.041588157441481845
2.9845130209103035 0.029867989202174604
3.047344873982099 0.01798598929450648
3.1101767270538954 0.00600622902171353
3.173008580125691 -0.00600622902171353
3.2358404331974873 -0.01798598929450648
3.2986722862692828 -0.029867989202174604
3.3615041393410787 -0.041588157441481845
3.4243359924128747 -0.05308405000306822
3.48716784548467 -0.06429544993687
3.549999698556466 -0.07516491841991281
3.612831551628262 -0.08563828655274776
3.675663404700058 -0.09566507953951765
3.7384952577718535 -0.10519886735249023
3.8013271108436495 -0.11419753851447931
3.8641589639154454 -0.12262349612544272
3.9269908169872414 -0.13044377759849243
3.989822670059038 -0.1376301016603026
4.052654523130833 -0.14415884793942887
4.115486376202629 -0.1500109758667604
4.178318229274425 -0.15517189062387607
4.241150082346222 -0.15963126449945747
4.303981935418017 -0.16338282227297463
4.366813788489813 -0.16642409917604703
4.429645641561608 -0.16875617963349487
4.4924774946334045 -0.17038342441268375
4.5553093477052 -0.17131319306786602
4.618141200776996 -0.17155556771089775
4.680973053848792 -0.17112308322169598
4.743804906920587 -0.17003046807570318
4.806636759992383 -0.16829439904873547
4.869468613064179 -0.1659332721914665
4.932300466135976 -0.16296699166843692
4.995132319207771 -0.15941677734477566
5.057964172279567 -0.15530499138649148
5.120796025351362 -0.15065498362062874
5.183627878423159 -0.14549095497895334
5.246459731494955 -0.13983783801902966
5.3092915845667505 -0.13372119327308585
5.372123437638546 -0.12716712000986902
5.434955290710342 -0.12020217989878626
5.497787143782137 -0.11285333202959172
5.560618996853934 -0.10514787775531605
5.62345084992573 -0.09711341388189902
5.686282702997525 -0.08877779281640122
5.749114556069321 -0.08016908839868873
5.811946409141116 -0.07131556627162615
5.874778262212914 -0.062245657785391345
5.937610115284709 -0.05298793657640615
6.000441968356505 -0.04357109710517379
6.0632738214283 -0.034023934575242186
6.126105674500097 -0.024375325783365126
6.188937527571893 -0.014654210565154147
6.2517693806436885 -0.004889573598060057