0.031415926535897934 0.006867993438738217
0.0942477796076938 0.020554517683646786
0.15707963267948966 0.03409337104449742
0.21991148575128552 0.04738847707365829
0.2827433388230814 0.06034724900789849
0.34557519189487723 0.07288185542432181
0.4084070449666731 0.08491036213292383
0.47123889803846897 0.09635772374418913
0.5340707511102649 0.10715660424737267
0.5969026041820606 0.11724801242876076
0.6597344572538566 0.1265817447062901
0.7225663103256523 0.13511663461868778
0.7853981633974483 0.1428206144712707
0.8482300164692442 0.14967060023895795
0.91106186954104 0.15565221555068892
0.9738937226128359 0.16075937428600967
1.0367255756846319 0.1649937439311297
1.0995574287564276 0.16836411336216198
1.1623892818282235 0.1708856892007609
1.2252211349000193 0.1725793444241488
1.2880529879718152 0.17347084164585158
1.350884841043611 0.17359005157637697
1.413716694115407 0.17297018479531998
1.4765485471872026 0.1716470522868064
1.5393804002589986 0.16965836736618453
1.6022122533307945 0.1670430987962346
1.6650441064025903 0.1638408821714781
1.7278759594743862 0.16009149412958656
1.7907078125461822 0.15583439169395702
1.853539665617978 0.15110831710165337
1.9163715186897736 0.14595096684505238
1.9792033717615696 0.14039872235458442
2.0420352248333655 0.13448643876045765
2.104867077905162 0.12824728746917724
2.1676989309769574 0.12171264784489412
2.230530784048753 0.11491204306094274
2.2933626371205493 0.10787311514676015
2.356194490192345 0.1006216343636058
2.4190263432641403 0.09318153826509637
2.4818581963359367 0.08557499610453514
2.5446900494077322 0.07782249461297716
2.607521902479528 0.06994294156646545
2.670353755551324 0.06195378396829329
2.7331856086231197 0.05387113807653066
2.796017461694916 0.045709928895809514
2.8588493147667116 0.037484037115776546
2.9216811678385075 0.0292064518094651
2.9845130209103035 0.02088942749792952
3.047344873982099 0.012544644439201308
3.1101767270538954 0.004183371207621163
3.173008580125691 -0.004183371207621163
3.2358404331974873 -0.012544644439201308
3.2986722862692828 -0.02088942749792952
3.3615041393410787 -0.0292064518094651
3.4243359924128747 -0.037484037115776546
3.48716784548467 -0.045709928895809514
3.549999698556466 -0.05387113807653046
3.612831551628262 -0.06195378396829329
3.675663404700058 -0.06994294156646545
3.7384952577718535 -0.07782249461297716
3.8013271108436495 -0.08557499610453514
3.8641589639154454 -0.09318153826509627
3.9269908169872414 -0.1006216343636058
3.989822670059038 -0.1078731151467602
4.052654523130833 -0.11491204306094274
4.115486376202629 -0.12171264784489412
4.178318229274425 -0.12824728746917718
4.241150082346222 -0.13448643876045757
4.303981935418017 -0.14039872235458448
4.366813788489813 -0.14595096684505238
4.429645641561608 -0.15110831710165337
4.4924774946334045 -0.15583439169395708
4.5553093477052 -0.16009149412958656
4.618141200776996 -0.16384088217147827
4.680973053848792 -0.16704309879623466
4.743804906920587 -0.16965836736618453
4.806636759992383 -0.17164705228680643
4.869468613064179 -0.17297018479531998
4.932300466135976 -0.17359005157637702
4.995132319207771 -0.1734708416458516
5.057964172279567 -0.17257934442414885
5.120796025351362 -0.170885689200761
5.183627878423159 -0.16836411336216198
5.246459731494955 -0.1649937439311296
5.3092915845667505 -0.16075937428600967
5.372123437638546 -0.15565221555068892
5.434955290710342 -0.14967060023895787
5.497787143782137 -0.14282061447127092
5.560618996853934 -0.13511663461868764
5.62345084992573 -0.1265817447062901
5.686282702997525 -0.11724801242876076
5.749114556069321 -0.10715660424737274
5.811946409141116 -0.09635772374418929
5.874778262212914 -0.08491036213292381
5.937610115284709 -0.07288185542432181
6.000441968356505 -0.06034724900789849
6.0632738214283 -0.04738847707365844
6.126105674500097 -0.03409337104449742
6.188937527571893 -0.020554517683646665
6.2517693806436885 -0.006867993438738217