0.031415926535897934 0.006163080011586944
0.0942477796076938 0.018469837731027505
0.15707963267948966 0.030718419363395328
0.21991148575128552 0.0428701433497498
0.2827433388230814 0.0548864810322818
0.34557519189487723 0.0667291161926012
0.4084070449666731 0.07836000313582739
0.47123889803846897 0.08974142313957055
0.5340707511102649 0.10083603925351117
0.5969026041820606 0.11160694962884404
0.6597344572538566 0.12201773977160402
0.7225663103256523 0.13203253434329495
0.7853981633974483 0.14161604936907626
0.8482300164692442 0.15073364595014718
0.91106186954104 0.15935138680451288
0.9738937226128359 0.16743609717010546
1.0367255756846319 0.1749554317869291
1.0995574287564276 0.1818779498207931
1.1623892818282235 0.18817319969023433
1.2252211349000193 0.19381181580015272
1.2880529879718152 0.19876562916015977
1.350884841043611 0.20300779376242836
1.413716694115407 0.20651293040315805
1.4765485471872026 0.20925728934466672
1.5393804002589986 0.2112189328240036
1.6022122533307945 0.21237793791333692
1.6650441064025903 0.21271661962452346
1.7278759594743862 0.21221977342637421
1.7907078125461822 0.2108749355141283
1.853539665617978 0.2086726582483599
1.9163715186897736 0.20560679718356265
1.9792033717615696 0.2016748050612422
2.0420352248333655 0.19687802708279853
2.104867077905162 0.19122199074625784
2.1676989309769574 0.1847166825779836
2.230530784048753 0.1773768032720608
2.2933626371205493 0.16922199212634198
2.356194490192345 0.16027701129641106
2.4190263432641403 0.15057188033535213
2.4818581963359367 0.14014195179917568
2.5446900494077322 0.1290279194136883
2.607521902479528 0.11727575143978909
2.670353755551324 0.10493654344019863
2.7331856086231197 0.09206628661565505
2.796017461694916 0.07872555018974722
2.8588493147667116 0.06497907889868097
2.9216811678385075 0.05089530938064962
2.9845130209103035 0.0365458120345556
3.047344873982099 0.022004667592351094
3.1101767270538954 0.007347790082325007
3.173008580125691 -0.007347790082325007
3.2358404331974873 -0.022004667592351094
3.2986722862692828 -0.0365458120345556
3.3615041393410787 -0.05089530938064962
3.4243359924128747 -0.06497907889868097
3.48716784548467 -0.07872555018974722
3.549999698556466 -0.09206628661565494
3.612831551628262 -0.10493654344019863
3.675663404700058 -0.11727575143978909
3.7384952577718535 -0.12902791941368813
3.8013271108436495 -0.14014195179917568
3.8641589639154454 -0.15057188033535202
3.9269908169872414 -0.16027701129641106
3.989822670059038 -0.16922199212634204
4.052654523130833 -0.1773768032720608
4.115486376202629 -0.1847166825779836
4.178318229274425 -0.19122199074625792
4.241150082346222 -0.19687802708279858
4.303981935418017 -0.2016748050612422
4.366813788489813 -0.20560679718356265
4.429645641561608 -0.20867265824835984
4.4924774946334045 -0.2108749355141283
4.5553093477052 -0.21221977342637421
4.618141200776996 -0.21271661962452354
4.680973053848792 -0.21237793791333678
4.743804906920587 -0.21121893282400364
4.806636759992383 -0.20925728934466678
4.869468613064179 -0.20651293040315805
4.932300466135976 -0.20300779376242836
4.995132319207771 -0.19876562916015977
5.057964172279567 -0.1938118158001528
5.120796025351362 -0.18817319969023438
5.183627878423159 -0.1818779498207931
5.246459731494955 -0.17495543178692902
5.3092915845667505 -0.16743609717010546
5.372123437638546 -0.15935138680451288
5.434955290710342 -0.15073364595014718
5.497787143782137 -0.14161604936907632
5.560618996853934 -0.13203253434329482
5.62345084992573 -0.12201773977160402
5.686282702997525 -0.11160694962884404
5.749114556069321 -0.10083603925351121
5.811946409141116 -0.08974142313957077
5.874778262212914 -0.07836000313582736
5.937610115284709 -0.0667291161926012
6.000441968356505 -0.0548864810322818
6.0632738214283 -0.04287014334974989
6.126105674500097 -0.030718419363395328
6.188937527571893 -0.018469837731027505
6.2517693806436885 -0.006163080011586944