0.031415926535897934 0.007008590582004992
0.0942477796076938 0.02099243925010424
0.15707963267948966 0.03487651149309867
0.21991148575128552 0.04859502436841653
0.2827433388230814 0.06208328926089178
0.34557519189487723 0.07527813432064472
0.4084070449666731 0.08811831178376629
0.47123889803846897 0.10054488611227193
0.5340707511102649 0.11250159908851486
0.5969026041820606 0.12393520824847268
0.6597344572538566 0.13479579534004957
0.7225663103256523 0.14503704184771657
0.7853981633974483 0.15461646903283935
0.8482300164692442 0.16349564039744244
0.91106186954104 0.17164032498322138
0.9738937226128359 0.17902062046038913
1.0367255756846319 0.18561103553317104
1.0995574287564276 0.1913905317791953
1.1623892818282235 0.19634252563575036
1.2252211349000193 0.2004548518328106
1.2880529879718152 0.20371969013630906
1.350884841043611 0.20613345779088557
1.413716694115407 0.20769667052565732
1.4765485471872026 0.20841377539725392
1.5393804002589986 0.2082929590813492
1.6022122533307945 0.20734593547949115
1.6650441064025903 0.20558771667736503
1.7278759594743862 0.20303637137173314
1.7907078125461822 0.19971277487716482
1.853539665617978 0.19564035473401978
1.9163715186897736 0.19084483577214603
1.9792033717615696 0.1853539882486263
2.0420352248333655 0.1791973823824736
2.104867077905162 0.1724061522653165
2.1676989309769574 0.16501277174624765
2.230530784048753 0.1570508444826466
2.2933626371205493 0.14855490992800896
2.356194490192345 0.13956026660296766
2.4190263432641403 0.13010281357604678
2.4818581963359367 0.12021891067423915
2.5446900494077322 0.10994525755687633
2.607521902479528 0.09931879142460816
2.670353755551324 0.08837660280244625
2.7331856086231197 0.0771558685342038
2.796017461694916 0.06569380085659683
2.8588493147667116 0.05402761118515162
2.9216811678385075 0.04219448704036454
2.9845130209103035 0.03023158037040036
3.047344873982099 0.018176005384507088
3.1101767270538954 0.006064843897860267
3.173008580125691 -0.006064843897860267
3.2358404331974873 -0.018176005384507088
3.2986722862692828 -0.03023158037040036
3.3615041393410787 -0.04219448704036454
3.4243359924128747 -0.05402761118515162
3.48716784548467 -0.06569380085659683
3.549999698556466 -0.07715586853420359
3.612831551628262 -0.08837660280244625
3.675663404700058 -0.09931879142460816
3.7384952577718535 -0.10994525755687633
3.8013271108436495 -0.12021891067423915
3.8641589639154454 -0.13010281357604678
3.9269908169872414 -0.13956026660296766
3.989822670059038 -0.1485549099280091
4.052654523130833 -0.1570508444826466
4.115486376202629 -0.16501277174624765
4.178318229274425 -0.1724061522653165
4.241150082346222 -0.17919738238247368
4.303981935418017 -0.1853539882486263
4.366813788489813 -0.19084483577214603
4.429645641561608 -0.1956403547340197
4.4924774946334045 -0.19971277487716482
4.5553093477052 -0.20303637137173314
4.618141200776996 -0.20558771667736503
4.680973053848792 -0.20734593547949123
4.743804906920587 -0.2082929590813492
4.806636759992383 -0.20841377539725398
4.869468613064179 -0.20769667052565732
4.932300466135976 -0.20613345779088557
4.995132319207771 -0.20371969013630897
5.057964172279567 -0.2004548518328106
5.120796025351362 -0.19634252563575022
5.183627878423159 -0.1913905317791953
5.246459731494955 -0.185611035533171
5.3092915845667505 -0.17902062046038913
5.372123437638546 -0.17164032498322138
5.434955290710342 -0.16349564039744252
5.497787143782137 -0.1546164690328395
5.560618996853934 -0.14503704184771646
5.62345084992573 -0.13479579534004957
5.686282702997525 -0.12393520824847268
5.749114556069321 -0.11250159908851498
5.811946409141116 -0.10054488611227216
5.874778262212914 -0.08811831178376629
5.937610115284709 -0.07527813432064472
6.000441968356505 -0.06208328926089178
6.0632738214283 -0.04859502436841665
6.126105674500097 -0.03487651149309867
6.188937527571893 -0.020992439250104175
6.2517693806436885 -0.007008590582004992