0.031415926535897934 0.004551684584672676
0.0942477796076938 0.01364210678493842
0.15707963267948966 0.02269368798279672
0.21991148575128552 0.03168053396446505
0.2827433388230814 0.04057675057556847
0.34557519189487723 0.04935644453603141
0.4084070449666731 0.05799372512889193
0.47123889803846897 0.06646270712918376
0.5340707511102649 0.07473751542315887
0.5969026041820606 0.08279229186728652
0.6597344572538566 0.09060120504838078
0.7225663103256523 0.09813846372806243
0.7853981633974483 0.1053783348831653
0.8482300164692442 0.1122951673846613
0.91106186954104 0.11886342248649324
0.9738937226128359 0.12505771241693917
1.0367255756846319 0.13085284847252587
1.0995574287564276 0.1362239001009733
1.1623892818282235 0.14114626651723033
1.2252211349000193 0.14559576241657046
1.2880529879718152 0.1495487193214447
1.350884841043611 0.15298210401425774
1.413716694115407 0.155873655356068
1.4765485471872026 0.1582020405611652
1.5393804002589986 0.15994703167992566
1.6022122533307945 0.16108970262902303
1.6650441064025903 0.16161264659288815
1.7278759594743862 0.16150021300038217
1.7907078125461822 0.16073876255735528
1.853539665617978 0.15931693799600893
1.9163715186897736 0.15722594729925385
1.9792033717615696 0.154459855193744
2.0420352248333655 0.15101587770855504
2.104867077905162 0.14689467360593814
2.1676989309769574 0.14210062555308786
2.230530784048753 0.1366421030737661
2.2933626371205493 0.13053169865591338
2.356194490192345 0.12378642795868838
2.4190263432641403 0.11642788492128486
2.4818581963359367 0.10848234278215783
2.5446900494077322 0.09998079261569262
2.607521902479528 0.09095891201218874
2.670353755551324 0.08145695797309403
2.7331856086231197 0.07151957994775364
2.796017461694916 0.06119555115332504
2.8588493147667116 0.05053741881986261
2.9216811678385075 0.03960107668503167
2.9845130209103035 0.028445265802543137
3.047344873982099 0.017131012385429894
3.1101767270538954 0.005721013834642715
3.173008580125691 -0.005721013834642715
3.2358404331974873 -0.017131012385429894
3.2986722862692828 -0.028445265802543137
3.3615041393410787 -0.03960107668503167
3.4243359924128747 -0.05053741881986261
3.48716784548467 -0.06119555115332504
3.549999698556466 -0.07151957994775349
3.612831551628262 -0.08145695797309403
3.675663404700058 -0.09095891201218874
3.7384952577718535 -0.09998079261569262
3.8013271108436495 -0.10848234278215783
3.8641589639154454 -0.11642788492128481
3.9269908169872414 -0.12378642795868838
3.989822670059038 -0.13053169865591338
4.052654523130833 -0.1366421030737661
4.115486376202629 -0.14210062555308786
4.178318229274425 -0.1468946736059382
4.241150082346222 -0.15101587770855496
4.303981935418017 -0.15445985519374397
4.366813788489813 -0.15722594729925385
4.429645641561608 -0.15931693799600904
4.4924774946334045 -0.16073876255735536
4.5553093477052 -0.16150021300038217
4.618141200776996 -0.16161264659288818
4.680973053848792 -0.16108970262902306
4.743804906920587 -0.15994703167992574
4.806636759992383 -0.1582020405611652
4.869468613064179 -0.155873655356068
4.932300466135976 -0.1529821040142577
4.995132319207771 -0.14954871932144476
5.057964172279567 -0.14559576241657057
5.120796025351362 -0.14114626651723036
5.183627878423159 -0.1362239001009733
5.246459731494955 -0.13085284847252582
5.3092915845667505 -0.12505771241693917
5.372123437638546 -0.11886342248649324
5.434955290710342 -0.1122951673846614
5.497787143782137 -0.10537833488316542
5.560618996853934 -0.09813846372806236
5.62345084992573 -0.09060120504838078
5.686282702997525 -0.08279229186728652
5.749114556069321 -0.074737515423159
5.811946409141116 -0.06646270712918383
5.874778262212914 -0.05799372512889184
5.937610115284709 -0.04935644453603141
6.000441968356505 -0.04057675057556847
6.0632738214283 -0.031680533964465046
6.126105674500097 -0.02269368798279672
6.188937527571893 -0.013642106784938357
6.2517693806436885 -0.004551684584672676