0.031415926535897934 0.007361278340347328
0.0942477796076938 0.022053567843184435
0.15707963267948966 0.03665520133796319
0.21991148575128552 0.051106225325916625
0.2827433388230814 0.06534740773610312
0.34557519189487723 0.07932051792437339
0.4084070449666731 0.09296859831163555
0.47123889803846897 0.1062362255666418
0.5340707511102649 0.11906975944524216
0.5969026041820606 0.1314175776361472
0.6597344572538566 0.14323029522500688
0.7225663103256523 0.1544609676657222
0.7853981633974483 0.165065276431839
0.8482300164692442 0.17500169680321642
0.91106186954104 0.18423164751583748
0.9738937226128359 0.19271962225837913
1.0367255756846319 0.20043330323151937
1.0995574287564276 0.20734365718969258
1.1623892818282235 0.21342501455606055
1.2252211349000193 0.21865513233714298
1.2880529879718152 0.22301524166250491
1.350884841043611 0.22649008083705965
1.413716694115407 0.2290679148201345
1.4765485471872026 0.23074054203876843
1.5393804002589986 0.2315032894060602
1.6022122533307945 0.23135499635288845
1.6650441064025903 0.23029798859770015
1.7278759594743862 0.22833804227951035
1.7907078125461822 0.2254843389691956
1.853539665617978 0.22174941195910738
1.9163715186897736 0.21714908411635628
1.9792033717615696 0.2117023974759593
2.0420352248333655 0.20543153465107708
2.104867077905162 0.19836173205295116
2.1676989309769574 0.19052118484636663
2.230530784048753 0.18194094352021178
2.2933626371205493 0.17265480192892876
2.356194490192345 0.16269917666034475
2.4190263432641403 0.15211297760872125
2.4818581963359367 0.14093746967813323
2.5446900494077322 0.12921612560890594
2.607521902479528 0.11699447000645588
2.670353755551324 0.10431991475444681
2.7331856086231197 0.09124158610900761
2.796017461694916 0.07781014389377858
2.8588493147667116 0.0640775933422926
2.9216811678385075 0.050097090260074084
2.9845130209103035 0.035922740299268056
3.047344873982099 0.021609393249159434
3.1101767270538954 0.007212433342589685
3.173008580125691 -0.007212433342589685
3.2358404331974873 -0.021609393249159434
3.2986722862692828 -0.035922740299268056
3.3615041393410787 -0.050097090260074084
3.4243359924128747 -0.0640775933422926
3.48716784548467 -0.07781014389377858
3.549999698556466 -0.09124158610900761
3.612831551628262 -0.10431991475444681
3.675663404700058 -0.11699447000645588
3.7384952577718535 -0.1292161256089059
3.8013271108436495 -0.14093746967813323
3.8641589639154454 -0.1521129776087211
3.9269908169872414 -0.16269917666034475
3.989822670059038 -0.17265480192892882
4.052654523130833 -0.18194094352021178
4.115486376202629 -0.19052118484636663
4.178318229274425 -0.1983617320529513
4.241150082346222 -0.20543153465107716
4.303981935418017 -0.21170239747595937
4.366813788489813 -0.21714908411635628
4.429645641561608 -0.22174941195910738
4.4924774946334045 -0.22548433896919573
4.5553093477052 -0.22833804227951035
4.618141200776996 -0.2302979885977002
4.680973053848792 -0.23135499635288853
4.743804906920587 -0.2315032894060602
4.806636759992383 -0.23074054203876843
4.869468613064179 -0.2290679148201345
4.932300466135976 -0.2264900808370596
4.995132319207771 -0.22301524166250491
5.057964172279567 -0.21865513233714307
5.120796025351362 -0.21342501455606058
5.183627878423159 -0.20734365718969258
5.246459731494955 -0.20043330323151923
5.3092915845667505 -0.19271962225837913
5.372123437638546 -0.18423164751583748
5.434955290710342 -0.17500169680321648
5.497787143782137 -0.16506527643183908
5.560618996853934 -0.15446096766572207
5.62345084992573 -0.14323029522500688
5.686282702997525 -0.1314175776361472
5.749114556069321 -0.11906975944524219
5.811946409141116 -0.10623622556664192
5.874778262212914 -0.0929685983116354
5.937610115284709 -0.07932051792437339
6.000441968356505 -0.06534740773610312
6.0632738214283 -0.051106225325916715
6.126105674500097 -0.03665520133796319
6.188937527571893 -0.022053567843184265
6.2517693806436885 -0.007361278340347328