0.031415926535897934 0.003845791750067742
0.0942477796076938 0.011526532105664655
0.15707963267948966 0.019174738567710462
0.21991148575128552 0.026768707225641186
0.2827433388230814 0.03428671296634308
0.34557519189487723 0.041707002553604315
0.4084070449666731 0.04900778931648836
0.47123889803846897 0.05616724997425387
0.5340707511102649 0.0631635241740979
0.5969026041820606 0.06997471737483427
0.6597344572538566 0.07657890777293454
0.7225663103256523 0.08295415803506541
0.7853981633974483 0.0890785326707897
0.8482300164692442 0.09493012194740878
0.91106186954104 0.10048707331242962
0.9738937226128359 0.10572763134366453
1.0367255756846319 0.1106301872877505
1.0995574287564276 0.11517333926955858
1.1623892818282235 0.11933596425159758
1.2252211349000193 0.12309730278769003
1.2880529879718152 0.12643705754209014
1.350884841043611 0.12933550642683186
1.413716694115407 0.13177363103951886
1.4765485471872026 0.1337332608545041
1.5393804002589986 0.13519723332682534
1.6022122533307945 0.13614956970615352
1.6650441064025903 0.13657566592518167
1.7278759594743862 0.13646249742387784
1.7907078125461822 0.13579883620184313
1.853539665617978 0.13457547776383613
1.9163715186897736 0.13278547495137122
1.9792033717615696 0.1304243749545354
2.0420352248333655 0.1274904550967796
2.104867077905162 0.12398495231097931
2.1676989309769574 0.11991228061211606
2.230530784048753 0.11528023035915541
2.2933626371205493 0.11010014272723982
2.356194490192345 0.10438705262257202
2.4190263432641403 0.09815979330542572
2.4818581963359367 0.09144105627510987
2.5446900494077322 0.0842574005391439
2.607521902479528 0.0766392062499197
2.670353755551324 0.06862056884321072
2.7331856086231197 0.06023913123419113
2.796017461694916 0.05153585327985901
2.8588493147667116 0.04255471954542657
2.9216811678385075 0.033342388343373275
2.9845130209103035 0.023947786961502862
3.047344873982099 0.01442165986636163
3.1101767270538954 0.004816078364568397
3.173008580125691 -0.004816078364568397
3.2358404331974873 -0.01442165986636163
3.2986722862692828 -0.023947786961502862
3.3615041393410787 -0.033342388343373275
3.4243359924128747 -0.04255471954542657
3.48716784548467 -0.05153585327985901
3.549999698556466 -0.06023913123419113
3.612831551628262 -0.06862056884321072
3.675663404700058 -0.0766392062499197
3.7384952577718535 -0.08425740053914392
3.8013271108436495 -0.09144105627510987
3.8641589639154454 -0.09815979330542572
3.9269908169872414 -0.10438705262257202
3.989822670059038 -0.1101001427272399
4.052654523130833 -0.11528023035915541
4.115486376202629 -0.11991228061211606
4.178318229274425 -0.12398495231097936
4.241150082346222 -0.12749045509677945
4.303981935418017 -0.13042437495453538
4.366813788489813 -0.13278547495137122
4.429645641561608 -0.13457547776383613
4.4924774946334045 -0.1357988362018432
4.5553093477052 -0.13646249742387784
4.618141200776996 -0.13657566592518175
4.680973053848792 -0.13614956970615352
4.743804906920587 -0.13519723332682534
4.806636759992383 -0.13373326085450415
4.869468613064179 -0.13177363103951886
4.932300466135976 -0.12933550642683186
4.995132319207771 -0.12643705754209014
5.057964172279567 -0.12309730278768999
5.120796025351362 -0.11933596425159759
5.183627878423159 -0.11517333926955858
5.246459731494955 -0.11063018728775047
5.3092915845667505 -0.10572763134366453
5.372123437638546 -0.10048707331242962
5.434955290710342 -0.09493012194740888
5.497787143782137 -0.08907853267078983
5.560618996853934 -0.08295415803506537
5.62345084992573 -0.07657890777293454
5.686282702997525 -0.06997471737483427
5.749114556069321 -0.063163524174098
5.811946409141116 -0.05616724997425399
5.874778262212914 -0.04900778931648836
5.937610115284709 -0.041707002553604315
6.000441968356505 -0.03428671296634308
6.0632738214283 -0.026768707225641186
6.126105674500097 -0.019174738567710462
6.188937527571893 -0.01152653210566456
6.2517693806436885 -0.003845791750067742