0.031415926535897934 0.0016816817189945934
0.0942477796076938 0.0050392132512537225
0.15707963267948966 0.00837926100811275
0.21991148575128552 0.01169020902189822
0.2827433388230814 0.01496050141619812
0.34557519189487723 0.018178666974157504
0.4084070449666731 0.02133334423159553
0.47123889803846897 0.02441330723474293
0.5340707511102649 0.027407492094467543
0.5969026041820606 0.03030502445879982
0.6597344572538566 0.03309524801322652
0.7225663103256523 0.03576775410337019
0.7853981633974483 0.03831241255711492
0.8482300164692442 0.04071940376276964
0.91106186954104 0.042979252036313476
0.9738937226128359 0.045082860283968205
1.0367255756846319 0.047021545936233276
1.0995574287564276 0.048787078096026525
1.1623892818282235 0.050371715806797744
1.2252211349000193 0.0517682473065297
1.2880529879718152 0.05297003009073144
1.350884841043611 0.05397103156222615
1.413716694115407 0.054765869998323974
1.4765485471872026 0.05534985551753255
1.5393804002589986 0.0557190306791838
1.6022122533307945 0.05587021030125547
1.6650441064025903 0.05580102003544333
1.7278759594743862 0.05550993319552067
1.7907078125461822 0.05499630529662368
1.853539665617978 0.054260405730914375
1.9163715186897736 0.05330344598060961
1.9792033717615696 0.05212760375425434
2.0420352248333655 0.05073604242784752
2.104867077905162 0.04913292518039317
2.1676989309769574 0.047323423234845244
2.230530784048753 0.045313717651156944
2.2933626371205493 0.04311099416884872
2.356194490192345 0.0407234306623168
2.4190263432641403 0.03816017685280308
2.4818581963359367 0.03543132601571889
2.5446900494077322 0.03254787852961282
2.607521902479528 0.029521697231639932
2.670353755551324 0.026365454671656286
2.7331856086231197 0.023092572490190345
2.796017461694916 0.019717153281423386
2.8588493147667116 0.016253905437426542
2.9216811678385075 0.012718061600665303
2.9845130209103035 0.009125291474450958
3.047344873982099 0.0054916098520545725
3.1101767270538954 0.00183328082121287
3.173008580125691 -0.00183328082121287
3.2358404331974873 -0.0054916098520545725
3.2986722862692828 -0.009125291474450958
3.3615041393410787 -0.012718061600665303
3.4243359924128747 -0.016253905437426542
3.48716784548467 -0.019717153281423386
3.549999698556466 -0.023092572490190144
3.612831551628262 -0.026365454671656286
3.675663404700058 -0.029521697231639932
3.7384952577718535 -0.03254787852961282
3.8013271108436495 -0.03543132601571889
3.8641589639154454 -0.03816017685280308
3.9269908169872414 -0.0407234306623168
3.989822670059038 -0.04311099416884872
4.052654523130833 -0.045313717651156944
4.115486376202629 -0.047323423234845244
4.178318229274425 -0.04913292518039335
4.241150082346222 -0.05073604242784732
4.303981935418017 -0.05212760375425434
4.366813788489813 -0.05330344598060961
4.429645641561608 -0.054260405730914375
4.4924774946334045 -0.05499630529662368
4.5553093477052 -0.05550993319552067
4.618141200776996 -0.05580102003544333
4.680973053848792 -0.05587021030125547
4.743804906920587 -0.055719030679183996
4.806636759992383 -0.05534985551753255
4.869468613064179 -0.054765869998323974
4.932300466135976 -0.05397103156222615
4.995132319207771 -0.05297003009073144
5.057964172279567 -0.0517682473065297
5.120796025351362 -0.050371715806797744
5.183627878423159 -0.048787078096026525
5.246459731494955 -0.047021545936233186
5.3092915845667505 -0.045082860283968205
5.372123437638546 -0.042979252036313476
5.434955290710342 -0.04071940376276964
5.497787143782137 -0.03831241255711492
5.560618996853934 -0.03576775410337019
5.62345084992573 -0.03309524801322652
5.686282702997525 -0.03030502445879982
5.749114556069321 -0.027407492094467543
5.811946409141116 -0.02441330723474293
5.874778262212914 -0.02133334423159545
5.937610115284709 -0.018178666974157504
6.000441968356505 -0.01496050141619812
6.0632738214283 -0.011690209021898303
6.126105674500097 -0.00837926100811275
6.188937527571893 -0.005039213251253555
6.2517693806436885 -0.0016816817189945934