0.031415926535897934 0.0058669705120439255
0.0942477796076938 0.017585494785624354
0.15707963267948966 0.02925775917889292
0.21991148575128552 0.04085289163212367
0.2827433388230814 0.05233997174149197
0.34557519189487723 0.06368801121500588
0.4084070449666731 0.07486593426887975
0.47123889803846897 0.08584255815548485
0.5340707511102649 0.09658657416718423
0.5969026041820606 0.10706652964415454
0.6597344572538566 0.11725081172652166
0.7225663103256523 0.12710763382895332
0.7853981633974483 0.13660502607575764
0.8482300164692442 0.1457108312121026
0.91106186954104 0.1543927077967736
0.9738937226128359 0.16261814277715675
1.0367255756846319 0.17035447583958907
1.0995574287564276 0.17756893820774014
1.1623892818282235 0.18422870881605338
1.2252211349000193 0.1903009909998646
1.2880529879718152 0.19575311300146633
1.350884841043611 0.20055265567222424
1.413716694115407 0.20466761073238363
1.4765485471872026 0.20806657280763036
1.5393804002589986 0.2107189681682409
1.6022122533307945 0.2125953226255032
1.6650441064025903 0.21366757036447392
1.7278759594743862 0.2139094045882606
1.7907078125461822 0.21329666969833672
1.853539665617978 0.21180779332778515
1.9163715186897736 0.20942425488156963
1.9792033717615696 0.20613108533748176
2.0420352248333655 0.2019173909602765
2.104867077905162 0.19677689133954668
2.1676989309769574 0.1907084598640996
2.230530784048753 0.18371665250295724
2.2933626371205493 0.1758122087110302
2.356194490192345 0.16701250657161693
2.4190263432641403 0.1573419530963008
2.4818581963359367 0.14683229009532406
2.5446900494077322 0.13552279636527645
2.607521902479528 0.12346036824410123
2.670353755551324 0.11069946293765295
2.7331856086231197 0.09730189244589355
2.796017461694916 0.08333646035242435
2.8588493147667116 0.06887843904614176
2.9216811678385075 0.054008890891428886
2.9845130209103035 0.03881384315060277
3.047344873982099 0.023383332728615334
3.1101767270538954 0.007810342663483897
3.173008580125691 -0.007810342663483897
3.2358404331974873 -0.023383332728615334
3.2986722862692828 -0.03881384315060277
3.3615041393410787 -0.054008890891428886
3.4243359924128747 -0.06887843904614176
3.48716784548467 -0.08333646035242435
3.549999698556466 -0.0973018924458934
3.612831551628262 -0.11069946293765295
3.675663404700058 -0.12346036824410123
3.7384952577718535 -0.13552279636527634
3.8013271108436495 -0.14683229009532406
3.8641589639154454 -0.15734195309630075
3.9269908169872414 -0.16701250657161693
3.989822670059038 -0.17581220871103043
4.052654523130833 -0.18371665250295724
4.115486376202629 -0.1907084598640996
4.178318229274425 -0.19677689133954682
4.241150082346222 -0.20191739096027667
4.303981935418017 -0.20613108533748176
4.366813788489813 -0.20942425488156963
4.429645641561608 -0.2118077933277851
4.4924774946334045 -0.2132966696983367
4.5553093477052 -0.2139094045882606
4.618141200776996 -0.21366757036447395
4.680973053848792 -0.21259532262550315
4.743804906920587 -0.2107189681682409
4.806636759992383 -0.2080665728076304
4.869468613064179 -0.20466761073238363
4.932300466135976 -0.20055265567222424
4.995132319207771 -0.19575311300146633
5.057964172279567 -0.19030099099986464
5.120796025351362 -0.18422870881605352
5.183627878423159 -0.17756893820774014
5.246459731494955 -0.17035447583958893
5.3092915845667505 -0.16261814277715675
5.372123437638546 -0.1543927077967736
5.434955290710342 -0.1457108312121026
5.497787143782137 -0.13660502607575783
5.560618996853934 -0.12710763382895332
5.62345084992573 -0.11725081172652166
5.686282702997525 -0.10706652964415454
5.749114556069321 -0.09658657416718423
5.811946409141116 -0.08584255815548504
5.874778262212914 -0.07486593426887975
5.937610115284709 -0.06368801121500588
6.000441968356505 -0.05233997174149197
6.0632738214283 -0.04085289163212385
6.126105674500097 -0.02925775917889292
6.188937527571893 -0.017585494785624295
6.2517693806436885 -0.0058669705120439255