0.031415926535897934 0.007587938468744838
0.0942477796076938 0.02263716635904296
0.15707963267948966 0.03731171981122742
0.21991148575128552 0.051378969284153676
0.2827433388230814 0.06463059276750756
0.34557519189487723 0.07688964201831862
0.4084070449666731 0.08801535520438446
0.47123889803846897 0.09790556396163133
0.5340707511102649 0.10649678785542098
0.5969026041820606 0.11376230920162021
0.6597344572538566 0.11970865559499894
0.7225663103256523 0.12437098051790293
0.7853981633974483 0.1278078308760853
0.8482300164692442 0.13009573930990576
0.91106186954104 0.13132399712763382
0.9738937226128359 0.13158986845617981
1.0367255756846319 0.13099441206659646
1.0995574287564276 0.12963899412471566
1.1623892818282235 0.12762250816321855
1.2252211349000193 0.1250392694899331
1.2880529879718152 0.12197751905281386
1.350884841043611 0.11851845396530793
1.413716694115407 0.11473569530686853
1.4765485471872026 0.11069510528488406
1.5393804002589986 0.1064548725645964
1.6022122533307945 0.10206579426115187
1.6650441064025903 0.09757169402750174
1.7278759594743862 0.09300992666797216
1.7907078125461822 0.08841192999731644
1.853539665617978 0.0838037938209276
1.9163715186897736 0.07920682374754376
1.9792033717615696 0.07463808403856059
2.0420352248333655 0.07011090892691262
2.104867077905162 0.06563537593824023
2.1676989309769574 0.06121873787662677
2.230530784048753 0.05686581245859954
2.2933626371205493 0.05257933024496478
2.356194490192345 0.04836024266677502
2.4190263432641403 0.04420799268671237
2.4818581963359367 0.04012075107856693
2.5446900494077322 0.036095621525399635
2.607521902479528 0.03212881779546679
2.670353755551324 0.028215816204335022
2.7331856086231197 0.024351486450641665
2.796017461694916 0.020530203751124528
2.8588493147667116 0.01674594501984313
2.9216811678385075 0.012992371653117625
2.9845130209103035 0.009262901307245292
3.047344873982099 0.0055507708987893875
3.1101767270538954 0.0018490929228551735
3.173008580125691 -0.0018490929228551735
3.2358404331974873 -0.0055507708987893875
3.2986722862692828 -0.009262901307245292
3.3615041393410787 -0.012992371653117625
3.4243359924128747 -0.01674594501984313
3.48716784548467 -0.020530203751124528
3.549999698556466 -0.024351486450641665
3.612831551628262 -0.028215816204335022
3.675663404700058 -0.03212881779546679
3.7384952577718535 -0.036095621525399635
3.8013271108436495 -0.04012075107856693
3.8641589639154454 -0.04420799268671237
3.9269908169872414 -0.04836024266677502
3.989822670059038 -0.05257933024496485
4.052654523130833 -0.05686581245859954
4.115486376202629 -0.06121873787662677
4.178318229274425 -0.06563537593824023
4.241150082346222 -0.07011090892691269
4.303981935418017 -0.07463808403856066
4.366813788489813 -0.07920682374754376
4.429645641561608 -0.0838037938209276
4.4924774946334045 -0.08841192999731644
4.5553093477052 -0.09300992666797216
4.618141200776996 -0.09757169402750182
4.680973053848792 -0.10206579426115187
4.743804906920587 -0.1064548725645965
4.806636759992383 -0.11069510528488398
4.869468613064179 -0.11473569530686853
4.932300466135976 -0.11851845396530786
4.995132319207771 -0.12197751905281386
5.057964172279567 -0.12503926948993305
5.120796025351362 -0.1276225081632185
5.183627878423159 -0.12963899412471566
5.246459731494955 -0.1309944120665965
5.3092915845667505 -0.13158986845617981
5.372123437638546 -0.13132399712763382
5.434955290710342 -0.1300957393099058
5.497787143782137 -0.12780783087608533
5.560618996853934 -0.12437098051790293
5.62345084992573 -0.11970865559499894
5.686282702997525 -0.11376230920162021
5.749114556069321 -0.1064967878554212
5.811946409141116 -0.09790556396163153
5.874778262212914 -0.08801535520438446
5.937610115284709 -0.07688964201831862
6.000441968356505 -0.06463059276750756
6.0632738214283 -0.051378969284153815
6.126105674500097 -0.03731171981122742
6.188937527571893 -0.02263716635904283
6.2517693806436885 -0.007587938468744838