0.031415926535897934 0.004365480104805694
0.0942477796076938 0.013053798591339249
0.15707963267948966 0.02161512791243315
0.21991148575128552 0.029967890060149084
0.2827433388230814 0.038034996696631726
0.34557519189487723 0.04574538894204998
0.4084070449666731 0.05303534096090714
0.47123889803846897 0.059849486165766935
0.5340707511102649 0.06614154121385066
0.5969026041820606 0.07187471974388536
0.6597344572538566 0.07702184369458084
0.7225663103256523 0.08156517397166521
0.7853981633974483 0.08549599338966063
0.8482300164692442 0.08881398274614503
0.91106186954104 0.09152643546374671
0.9738937226128359 0.09364735762779675
1.0367255756846319 0.09519649885482652
1.0995574287564276 0.09619835579983489
1.1623892818282235 0.09668118487171186
1.2252211349000193 0.0966760545015814
1.2880529879718152 0.09621596067027424
1.350884841043611 0.09533502283060977
1.413716694115407 0.09406777122989349
1.4765485471872026 0.0924485312062947
1.5393804002589986 0.09051090545123747
1.6022122533307945 0.08828735155869925
1.6650441064025903 0.08580884940891848
1.7278759594743862 0.08310465099340966
1.7907078125461822 0.0802021040814689
1.853539665617978 0.07712654053886975
1.9163715186897736 0.07390122001557245
1.9792033717615696 0.07054732000386958
2.0420352248333655 0.06708396382501056
2.104867077905162 0.06352827883887044
2.1676989309769574 0.05989547801129486
2.230530784048753 0.0561989588567189
2.2933626371205493 0.05245041465349516
2.356194490192345 0.048659953672941465
2.4190263432641403 0.044836222948183964
2.4818581963359367 0.04098653382205151
2.5446900494077322 0.037116987148061886
2.607521902479528 0.033232596573638
2.670353755551324 0.029337408812435146
2.7331856086231197 0.02543462021788217
2.796017461694916 0.02152668930897873
2.8588493147667116 0.017615445179046757
2.9216811678385075 0.013702191945581222
2.9845130209103035 0.009787809581410001
3.047344873982099 0.005872851610293389
3.1101767270538954 0.001957640259329174
3.173008580125691 -0.001957640259329174
3.2358404331974873 -0.005872851610293389
3.2986722862692828 -0.009787809581410001
3.3615041393410787 -0.013702191945581222
3.4243359924128747 -0.017615445179046757
3.48716784548467 -0.02152668930897873
3.549999698556466 -0.02543462021788217
3.612831551628262 -0.029337408812435146
3.675663404700058 -0.033232596573638
3.7384952577718535 -0.037116987148061886
3.8013271108436495 -0.04098653382205151
3.8641589639154454 -0.044836222948183964
3.9269908169872414 -0.048659953672941465
3.989822670059038 -0.05245041465349523
4.052654523130833 -0.0561989588567189
4.115486376202629 -0.05989547801129486
4.178318229274425 -0.06352827883887054
4.241150082346222 -0.06708396382501063
4.303981935418017 -0.07054732000386958
4.366813788489813 -0.07390122001557245
4.429645641561608 -0.07712654053886966
4.4924774946334045 -0.08020210408146898
4.5553093477052 -0.08310465099340966
4.618141200776996 -0.08580884940891848
4.680973053848792 -0.08828735155869917
4.743804906920587 -0.09051090545123747
4.806636759992383 -0.09244853120629463
4.869468613064179 -0.09406777122989349
4.932300466135976 -0.09533502283060977
4.995132319207771 -0.09621596067027424
5.057964172279567 -0.0966760545015815
5.120796025351362 -0.09668118487171193
5.183627878423159 -0.09619835579983489
5.246459731494955 -0.09519649885482652
5.3092915845667505 -0.09364735762779675
5.372123437638546 -0.09152643546374671
5.434955290710342 -0.08881398274614512
5.497787143782137 -0.08549599338966071
5.560618996853934 -0.08156517397166521
5.62345084992573 -0.07702184369458084
5.686282702997525 -0.07187471974388536
5.749114556069321 -0.06614154121385066
5.811946409141116 -0.059849486165767005
5.874778262212914 -0.05303534096090714
5.937610115284709 -0.04574538894204998
6.000441968356505 -0.038034996696631726
6.0632738214283 -0.029967890060149018
6.126105674500097 -0.02161512791243315
6.188937527571893 -0.013053798591339249
6.2517693806436885 -0.004365480104805694