0.031415926535897934 0.0036000420846109306
0.0942477796076938 0.0107897164572729
0.15707963267948966 0.017948160554245682
0.21991148575128552 0.02505455143359753
0.2827433388230814 0.032088062704583545
0.34557519189487723 0.039027864543195526
0.4084070449666731 0.045853125144940686
0.47123889803846897 0.052543014084416605
0.5340707511102649 0.05907670809313701
0.5969026041820606 0.06543339981566013
0.6597344572538566 0.0715923101576954
0.7225663103256523 0.07753270489653287
0.7853981633974483 0.08323391628139774
0.8482300164692442 0.08867537040636818
0.91106186954104 0.09383662118799359
0.9738937226128359 0.09869739181995603
1.0367255756846319 0.10323762460381397
1.0995574287564276 0.10743754006335009
1.1623892818282235 0.11127770623526154
1.2252211349000193 0.11473911898543696
1.2880529879718152 0.1178032941222853
1.350884841043611 0.12045237196085838
1.413716694115407 0.12266923482845961
1.4765485471872026 0.12443763778915454
1.5393804002589986 0.12574235259713182
1.6022122533307945 0.12656932456459685
1.6650441064025903 0.12690584164803156
1.7278759594743862 0.12674071461891123
1.7907078125461822 0.12606446669592017
1.853539665617978 0.12486953048351337
1.9163715186897736 0.12315044949841378
1.9792033717615696 0.12090408098770064
2.0420352248333655 0.11812979617033297
2.104867077905162 0.11482967349325367
2.1676989309769574 0.11100868001239596
2.230530784048753 0.10667483561944316
2.2933626371205493 0.10183935457004002
2.356194490192345 0.0965167586608924
2.4190263432641403 0.0907249564818312
2.4818581963359367 0.0844852834595285
2.5446900494077322 0.07782249792956736
2.607521902479528 0.07076472923040097
2.670353755551324 0.06334337480159541
2.7331856086231197 0.05559294447104125
2.796017461694916 0.047550851498591985
2.8588493147667116 0.039257151459732166
2.9216811678385075 0.030754231642890685
2.9845130209103035 0.022086455228611333
3.047344873982099 0.013299766042918031
3.1101767270538954 0.004441261054660367
3.173008580125691 -0.004441261054660367
3.2358404331974873 -0.013299766042918031
3.2986722862692828 -0.022086455228611333
3.3615041393410787 -0.030754231642890685
3.4243359924128747 -0.039257151459732166
3.48716784548467 -0.047550851498591985
3.549999698556466 -0.05559294447104125
3.612831551628262 -0.06334337480159541
3.675663404700058 -0.07076472923040097
3.7384952577718535 -0.07782249792956723
3.8013271108436495 -0.0844852834595285
3.8641589639154454 -0.0907249564818312
3.9269908169872414 -0.0965167586608924
3.989822670059038 -0.10183935457004002
4.052654523130833 -0.10667483561944316
4.115486376202629 -0.11100868001239596
4.178318229274425 -0.11482967349325363
4.241150082346222 -0.11812979617033297
4.303981935418017 -0.12090408098770068
4.366813788489813 -0.12315044949841378
4.429645641561608 -0.12486953048351337
4.4924774946334045 -0.12606446669592017
4.5553093477052 -0.12674071461891123
4.618141200776996 -0.1269058416480315
4.680973053848792 -0.12656932456459674
4.743804906920587 -0.12574235259713193
4.806636759992383 -0.12443763778915454
4.869468613064179 -0.12266923482845961
4.932300466135976 -0.12045237196085842
4.995132319207771 -0.1178032941222853
5.057964172279567 -0.11473911898543704
5.120796025351362 -0.11127770623526154
5.183627878423159 -0.10743754006335009
5.246459731494955 -0.10323762460381385
5.3092915845667505 -0.09869739181995603
5.372123437638546 -0.09383662118799359
5.434955290710342 -0.08867537040636818
5.497787143782137 -0.08323391628139776
5.560618996853934 -0.07753270489653287
5.62345084992573 -0.0715923101576954
5.686282702997525 -0.06543339981566013
5.749114556069321 -0.05907670809313701
5.811946409141116 -0.0525430140844165
5.874778262212914 -0.04585312514494059
5.937610115284709 -0.039027864543195526
6.000441968356505 -0.032088062704583545
6.0632738214283 -0.02505455143359762
6.126105674500097 -0.017948160554245682
6.188937527571893 -0.0107897164572728
6.2517693806436885 -0.0036000420846109306