0.031415926535897934 0.0014878401551826296
0.0942477796076938 0.004458396019742293
0.15707963267948966 0.007413588573378382
0.21991148575128552 0.010343209102121177
0.2827433388230814 0.013237099382158517
0.34557519189487723 0.01608517237389724
0.4084070449666731 0.01887743340839944
0.47123889803846897 0.02160400199864098
0.5340707511102649 0.024255134401527274
0.5969026041820606 0.02682124704828229
0.6597344572538566 0.029292940950504977
0.7225663103256523 0.03166102717663165
0.7853981633974483 0.03391655347855966
0.8482300164692442 0.036050832130512134
0.91106186954104 0.038055469021690956
0.9738937226128359 0.03992239402065142
1.0367255756846319 0.04164389260253973
1.0995574287564276 0.04321263870024229
1.1623892818282235 0.04462172870714601
1.2252211349000193 0.045864716522643845
1.2880529879718152 0.046935649491991416
1.350884841043611 0.04782910504990952
1.413716694115407 0.04854022783294766
1.4765485471872026 0.049064766979665594
1.5393804002589986 0.049399113290964
1.6022122533307945 0.04954033587633397
1.6650441064025903 0.04948621786652559
1.7278759594743862 0.04923529073039625
1.7907078125461822 0.04878686669490656
1.853539665617978 0.048141068733854396
1.9163715186897736 0.04729885756453973
1.9792033717615696 0.046262055073718236
2.0420352248333655 0.04503336358643222
2.104867077905162 0.043616380395065095
2.1676989309769574 0.04201560698247056
2.230530784048753 0.04023645240331693
2.2933626371205493 0.0382852303325162
2.356194490192345 0.03616914934911044
2.4190263432641403 0.03389629609809143
2.4818581963359367 0.03147561106071419
2.5446900494077322 0.02891685676476303
2.607521902479528 0.026230578378249995
2.670353755551324 0.023428056750972464
2.7331856086231197 0.020521254095537744
2.796017461694916 0.017522752629817697
2.8588493147667116 0.014445686632903186
2.9216811678385075 0.011303668492924112
2.9845130209103035 0.008110709443904157
3.047344873982099 0.004881135796583536
3.1101767270538954 0.0016295015614880427
3.173008580125691 -0.0016295015614880427
3.2358404331974873 -0.004881135796583536
3.2986722862692828 -0.008110709443904157
3.3615041393410787 -0.011303668492924112
3.4243359924128747 -0.014445686632903186
3.48716784548467 -0.017522752629817697
3.549999698556466 -0.020521254095537747
3.612831551628262 -0.023428056750972464
3.675663404700058 -0.026230578378249995
3.7384952577718535 -0.02891685676476303
3.8013271108436495 -0.03147561106071419
3.8641589639154454 -0.03389629609809144
3.9269908169872414 -0.03616914934911044
3.989822670059038 -0.03828523033251618
4.052654523130833 -0.04023645240331693
4.115486376202629 -0.04201560698247056
4.178318229274425 -0.04361638039506508
4.241150082346222 -0.04503336358643227
4.303981935418017 -0.04626205507371815
4.366813788489813 -0.04729885756453973
4.429645641561608 -0.04814106873385441
4.4924774946334045 -0.04878686669490662
4.5553093477052 -0.04923529073039625
4.618141200776996 -0.04948621786652559
4.680973053848792 -0.04954033587633397
4.743804906920587 -0.049399113290964
4.806636759992383 -0.04906476697966561
4.869468613064179 -0.04854022783294766
4.932300466135976 -0.04782910504990945
4.995132319207771 -0.046935649491991416
5.057964172279567 -0.045864716522643845
5.120796025351362 -0.044621728707145966
5.183627878423159 -0.04321263870024229
5.246459731494955 -0.04164389260253962
5.3092915845667505 -0.03992239402065142
5.372123437638546 -0.038055469021690956
5.434955290710342 -0.036050832130512134
5.497787143782137 -0.03391655347855967
5.560618996853934 -0.03166102717663165
5.62345084992573 -0.029292940950504977
5.686282702997525 -0.02682124704828229
5.749114556069321 -0.024255134401527274
5.811946409141116 -0.02160400199864107
5.874778262212914 -0.018877433408399435
5.937610115284709 -0.01608517237389724
6.000441968356505 -0.013237099382158517
6.0632738214283 -0.010343209102121177
6.126105674500097 -0.007413588573378382
6.188937527571893 -0.004458396019742293
6.2517693806436885 -0.0014878401551826296