0.031415926535897934 0.0033340469089737433
0.0942477796076938 0.009990248344623592
0.15707963267948966 0.016610804292744308
0.21991148575128552 0.023172056596630946
0.2827433388230814 0.029650505251264475
0.34557519189487723 0.03602287147192073
0.4084070449666731 0.04226616059236655
0.47123889803846897 0.04835772477356402
0.5340707511102649 0.05427532552371953
0.5969026041820606 0.05999719605240285
0.6597344572538566 0.0655021035039589
0.7225663103256523 0.07076941113700666
0.7853981633974483 0.07577914053587884
0.8482300164692442 0.08051203395468917
0.91106186954104 0.08494961690366405
0.9738937226128359 0.0890742610888134
1.0367255756846319 0.09286924780840512
1.0995574287564276 0.09631883189173393
1.1623892818282235 0.09940830623619365
1.2252211349000193 0.10212406695687441
1.2880529879718152 0.10445367910831634
1.350884841043611 0.10638594287061413
1.413716694115407 0.10791096001215857
1.4765485471872026 0.10902020034981574
1.5393804002589986 0.10970656782572603
1.6022122533307945 0.10996446571013417
1.6650441064025903 0.10978986032431749
1.7278759594743862 0.10918034255988027
1.7907078125461822 0.1081351863540923
1.853539665617978 0.10665540316968972
1.9163715186897736 0.10474379142612864
1.9792033717615696 0.10240497974246601
2.0420352248333655 0.0996454627846979
2.104867077905162 0.09647362846734774
2.1676989309769574 0.09289977524488922
2.230530784048753 0.08893611824725157
2.2933626371205493 0.08459678306851688
2.356194490192345 0.07989778611129071
2.4190263432641403 0.07485700052228547
2.4818581963359367 0.06949410692715456
2.5446900494077322 0.06383052838281321
2.607521902479528 0.057889349209991565
2.670353755551324 0.051695217642623637
2.7331856086231197 0.04527423252731198
2.796017461694916 0.038653814617597364
2.8588493147667116 0.031862563325035544
2.9216811678385075 0.024930100102226606
2.9845130209103035 0.017886899931680147
3.047344873982099 0.010764112668448256
3.1101767270538954 0.003593376224083286
3.173008580125691 -0.003593376224083286
3.2358404331974873 -0.010764112668448256
3.2986722862692828 -0.017886899931680147
3.3615041393410787 -0.024930100102226606
3.4243359924128747 -0.031862563325035544
3.48716784548467 -0.038653814617597364
3.549999698556466 -0.04527423252731198
3.612831551628262 -0.051695217642623637
3.675663404700058 -0.057889349209991565
3.7384952577718535 -0.06383052838281321
3.8013271108436495 -0.06949410692715456
3.8641589639154454 -0.0748570005222854
3.9269908169872414 -0.07989778611129071
3.989822670059038 -0.08459678306851685
4.052654523130833 -0.08893611824725157
4.115486376202629 -0.09289977524488922
4.178318229274425 -0.09647362846734783
4.241150082346222 -0.09964546278469788
4.303981935418017 -0.10240497974246614
4.366813788489813 -0.10474379142612864
4.429645641561608 -0.10665540316968972
4.4924774946334045 -0.10813518635409236
4.5553093477052 -0.10918034255988027
4.618141200776996 -0.1097898603243175
4.680973053848792 -0.10996446571013417
4.743804906920587 -0.109706567825726
4.806636759992383 -0.10902020034981576
4.869468613064179 -0.10791096001215857
4.932300466135976 -0.10638594287061412
4.995132319207771 -0.10445367910831643
5.057964172279567 -0.10212406695687454
5.120796025351362 -0.09940830623619362
5.183627878423159 -0.09631883189173393
5.246459731494955 -0.09286924780840504
5.3092915845667505 -0.0890742610888134
5.372123437638546 -0.08494961690366405
5.434955290710342 -0.08051203395468909
5.497787143782137 -0.075779140535879
5.560618996853934 -0.07076941113700663
5.62345084992573 -0.0655021035039589
5.686282702997525 -0.05999719605240285
5.749114556069321 -0.054275325523719574
5.811946409141116 -0.04835772477356417
5.874778262212914 -0.04226616059236658
5.937610115284709 -0.03602287147192073
6.000441968356505 -0.029650505251264475
6.0632738214283 -0.023172056596630894
6.126105674500097 -0.016610804292744308
6.188937527571893 -0.009990248344623651
6.2517693806436885 -0.0033340469089737433