0.031415926535897934 0.006063236152703199
0.0942477796076938 0.018166120123270915
0.15707963267948966 0.03019833351814998
0.21991148575128552 0.04211307675688473
0.2827433388230814 0.053864019287276015
0.34557519189487723 0.06540548289503688
0.4084070449666731 0.07669262083081416
0.47123889803846897 0.08768159172458086
0.5340707511102649 0.09832972737269473
0.5969026041820606 0.10859569361483551
0.6597344572538566 0.1184396436617348
0.7225663103256523 0.1278233633849174
0.7853981633974483 0.136710408231134
0.8482300164692442 0.145066231571443
0.91106186954104 0.15285830443275922
0.9738937226128359 0.16005622668339123
1.0367255756846319 0.16663182984936623
1.0995574287564276 0.17255927182168918
1.1623892818282235 0.1778151237733671
1.2252211349000193 0.18237844963722288
1.2880529879718152 0.18623087850035544
1.350884841043611 0.1893566702486613
1.413716694115407 0.19174277474618298
1.4765485471872026 0.19337888476119058
1.5393804002589986 0.1942574827567157
1.6022122533307945 0.19437388155144025
1.6650441064025903 0.19372625873178062
1.7278759594743862 0.19231568456271025
1.7907078125461822 0.19014614300875657
1.853539665617978 0.18722454534347147
1.9163715186897736 0.1835607357013841
1.9792033717615696 0.17916748781687988
2.0420352248333655 0.17406049210524552
2.104867077905162 0.16825833217748293
2.1676989309769574 0.16178244984706688
2.230530784048753 0.1546570976873576
2.2933626371205493 0.14690927823573682
2.356194490192345 0.13856866901633944
2.4190263432641403 0.12966753266790648
2.4818581963359367 0.12024061161576932
2.5446900494077322 0.11032500691486248
2.607521902479528 0.09996004111008279
2.670353755551324 0.08918710520604313
2.7331856086231197 0.07804949010382874
2.796017461694916 0.06659220314023642
2.8588493147667116 0.05486177064683035
2.9216811678385075 0.04290602772313743
2.9845130209103035 0.030773896681442894
3.047344873982099 0.01851515586109298
3.1101767270538954 0.006180200719742825
3.173008580125691 -0.006180200719742825
3.2358404331974873 -0.01851515586109298
3.2986722862692828 -0.030773896681442894
3.3615041393410787 -0.04290602772313743
3.4243359924128747 -0.05486177064683035
3.48716784548467 -0.06659220314023642
3.549999698556466 -0.07804949010382868
3.612831551628262 -0.08918710520604313
3.675663404700058 -0.09996004111008279
3.7384952577718535 -0.11032500691486244
3.8013271108436495 -0.12024061161576932
3.8641589639154454 -0.12966753266790634
3.9269908169872414 -0.13856866901633944
3.989822670059038 -0.14690927823573702
4.052654523130833 -0.1546570976873576
4.115486376202629 -0.16178244984706688
4.178318229274425 -0.16825833217748307
4.241150082346222 -0.1740604921052456
4.303981935418017 -0.1791674878168801
4.366813788489813 -0.1835607357013841
4.429645641561608 -0.18722454534347158
4.4924774946334045 -0.19014614300875665
4.5553093477052 -0.19231568456271025
4.618141200776996 -0.1937262587317807
4.680973053848792 -0.19437388155144025
4.743804906920587 -0.1942574827567157
4.806636759992383 -0.1933788847611905
4.869468613064179 -0.19174277474618298
4.932300466135976 -0.1893566702486612
4.995132319207771 -0.18623087850035536
5.057964172279567 -0.18237844963722288
5.120796025351362 -0.1778151237733671
5.183627878423159 -0.17255927182168918
5.246459731494955 -0.16663182984936617
5.3092915845667505 -0.16005622668339123
5.372123437638546 -0.15285830443275922
5.434955290710342 -0.14506623157144308
5.497787143782137 -0.13671040823113415
5.560618996853934 -0.12782336338491737
5.62345084992573 -0.1184396436617348
5.686282702997525 -0.10859569361483551
5.749114556069321 -0.09832972737269487
5.811946409141116 -0.08768159172458105
5.874778262212914 -0.0766926208308141
5.937610115284709 -0.06540548289503688
6.000441968356505 -0.053864019287276015
6.0632738214283 -0.0421130767568847
6.126105674500097 -0.03019833351814998
6.188937527571893 -0.018166120123270797
6.2517693806436885 -0.006063236152703199