0.031415926535897934 0.008189535909503595
0.0942477796076938 0.024538233028679905
0.15707963267948966 0.04079591379081085
0.21991148575128552 0.056902258933638136
0.2827433388230814 0.0727974837735323
0.34557519189487723 0.08842254636778889
0.4084070449666731 0.10371935023919038
0.47123889803846897 0.11863094042971388
0.5340707511102649 0.133101691873404
0.5969026041820606 0.1470774893328854
0.6597344572538566 0.1605058984198935
0.7225663103256523 0.17333632750693226
0.7853981633974483 0.18552018062354897
0.8482300164692442 0.19701100170563568
0.91106186954104 0.20776461081867825
0.9738937226128359 0.21773923319578262
1.0367255756846319 0.22689562210930997
1.0995574287564276 0.23519717672294435
1.1623892818282235 0.2426100561423941
1.2252211349000193 0.2491032908925795
1.2880529879718152 0.2546488929938515
1.350884841043611 0.2592219656880389
1.413716694115407 0.26280081367745284
1.4765485471872026 0.2653670544889154
1.5393804002589986 0.2669057312649615
1.6022122533307945 0.2674054269222543
1.6650441064025903 0.26685837921164074
1.7278759594743862 0.26526059577591765
1.7907078125461822 0.26261196784297924
1.853539665617978 0.25891638072808126
1.9163715186897736 0.2541818188656009
1.9792033717615696 0.24842046266528928
2.0420352248333655 0.24164877410883
2.104867077905162 0.23388756768812038
2.1676989309769574 0.22516206305528985
2.230530784048753 0.21550191562318563
2.2933626371205493 0.2049412213390566
2.356194490192345 0.19351849196573567
2.4190263432641403 0.1812765974522726
2.4818581963359367 0.16826267236358244
2.5446900494077322 0.15452798386470973
2.607521902479528 0.1401277594123295
2.670353755551324 0.12512097308044048
2.7331856086231197 0.10957009031896157
2.796017461694916 0.09354077188749335
2.8588493147667116 0.0771015386911551
2.9216811678385075 0.06032340023662666
2.9845130209103035 0.04327945038745593
3.047344873982099 0.02604443499077318
3.1101767270538954 0.008694296736641995
3.173008580125691 -0.008694296736641995
3.2358404331974873 -0.02604443499077318
3.2986722862692828 -0.04327945038745593
3.3615041393410787 -0.06032340023662666
3.4243359924128747 -0.0771015386911551
3.48716784548467 -0.09354077188749335
3.549999698556466 -0.10957009031896141
3.612831551628262 -0.12512097308044048
3.675663404700058 -0.1401277594123295
3.7384952577718535 -0.15452798386470964
3.8013271108436495 -0.16826267236358244
3.8641589639154454 -0.1812765974522725
3.9269908169872414 -0.19351849196573567
3.989822670059038 -0.20494122133905684
4.052654523130833 -0.21550191562318563
4.115486376202629 -0.22516206305528985
4.178318229274425 -0.23388756768812052
4.241150082346222 -0.2416487741088301
4.303981935418017 -0.24842046266528928
4.366813788489813 -0.2541818188656009
4.429645641561608 -0.2589163807280814
4.4924774946334045 -0.2626119678429793
4.5553093477052 -0.26526059577591765
4.618141200776996 -0.26685837921164074
4.680973053848792 -0.2674054269222544
4.743804906920587 -0.2669057312649615
4.806636759992383 -0.2653670544889155
4.869468613064179 -0.26280081367745284
4.932300466135976 -0.2592219656880389
4.995132319207771 -0.2546488929938515
5.057964172279567 -0.2491032908925795
5.120796025351362 -0.24261005614239436
5.183627878423159 -0.23519717672294435
5.246459731494955 -0.2268956221093097
5.3092915845667505 -0.21773923319578262
5.372123437638546 -0.20776461081867825
5.434955290710342 -0.19701100170563587
5.497787143782137 -0.18552018062354905
5.560618996853934 -0.17333632750693204
5.62345084992573 -0.1605058984198935
5.686282702997525 -0.1470774893328854
5.749114556069321 -0.13310169187340404
5.811946409141116 -0.11863094042971392
5.874778262212914 -0.1037193502391902
5.937610115284709 -0.08842254636778889
6.000441968356505 -0.0727974837735323
6.0632738214283 -0.056902258933638136
6.126105674500097 -0.04079591379081085
6.188937527571893 -0.024538233028679583
6.2517693806436885 -0.008189535909503595