0.031415926535897934 0.005940514282077419
0.0942477796076938 0.017801692690687387
0.15707963267948966 0.02960336463659823
0.21991148575128552 0.04130600555783432
0.2827433388230814 0.052870309596592314
0.34557519189487723 0.0642572753126638
0.4084070449666731 0.07542828977315477
0.47123889803846897 0.08634521075553982
0.5340707511102649 0.09697044694227641
0.5969026041820606 0.10726703614749952
0.6597344572538566 0.1171987217939713
0.7225663103256523 0.12673002804504768
0.7853981633974483 0.13582633418494103
0.8482300164692442 0.14445394902361763
0.91106186954104 0.1525801862725862
0.9738937226128359 0.1601734419868032
1.0367255756846319 0.1672032752881402
1.0995574287564276 0.17364049366963047
1.1623892818282235 0.1794572442196509
1.2252211349000193 0.18462711209428542
1.2880529879718152 0.18912522749799668
1.350884841043611 0.19292838230179665
1.413716694115407 0.19601515722983714
1.4765485471872026 0.19836606027654902
1.5393804002589986 0.19996367667565293
1.6022122533307945 0.20079283033014322
1.6650441064025903 0.20084075613179325
1.7278759594743862 0.20009728205589505
1.7907078125461822 0.19855501932122233
1.853539665617978 0.1962095582697208
1.9163715186897736 0.19305966696229188
1.9792033717615696 0.18910748882742448
2.0420352248333655 0.18435873506345232
2.104867077905162 0.17882286691149388
2.1676989309769574 0.17251326241603654
2.230530784048753 0.16544736190661788
2.2933626371205493 0.1576467862002369
2.356194490192345 0.1491374214712536
2.4190263432641403 0.13994946489103782
2.4818581963359367 0.13011742552462074
2.5446900494077322 0.11968007559870314
2.607521902479528 0.10868034812647755
2.670353755551324 0.09716517797935416
2.7331856086231197 0.08518528480984092
2.796017461694916 0.0727948977158414
2.8588493147667116 0.060051423143809256
2.9216811678385075 0.04701505919472337
2.9845130209103035 0.033748361152633216
3.047344873982099 0.020315764625958934
3.1101767270538954 0.006783074102241731
3.173008580125691 -0.006783074102241731
3.2358404331974873 -0.020315764625958934
3.2986722862692828 -0.033748361152633216
3.3615041393410787 -0.04701505919472337
3.4243359924128747 -0.060051423143809256
3.48716784548467 -0.0727948977158414
3.549999698556466 -0.0851852848098408
3.612831551628262 -0.09716517797935416
3.675663404700058 -0.10868034812647755
3.7384952577718535 -0.1196800755987031
3.8013271108436495 -0.13011742552462074
3.8641589639154454 -0.13994946489103763
3.9269908169872414 -0.1491374214712536
3.989822670059038 -0.157646786200237
4.052654523130833 -0.16544736190661788
4.115486376202629 -0.17251326241603654
4.178318229274425 -0.178822866911494
4.241150082346222 -0.18435873506345235
4.303981935418017 -0.1891074888274245
4.366813788489813 -0.19305966696229188
4.429645641561608 -0.1962095582697208
4.4924774946334045 -0.19855501932122224
4.5553093477052 -0.20009728205589505
4.618141200776996 -0.20084075613179322
4.680973053848792 -0.20079283033014322
4.743804906920587 -0.19996367667565298
4.806636759992383 -0.19836606027654913
4.869468613064179 -0.19601515722983714
4.932300466135976 -0.19292838230179665
4.995132319207771 -0.18912522749799668
5.057964172279567 -0.18462711209428542
5.120796025351362 -0.17945724421965104
5.183627878423159 -0.17364049366963047
5.246459731494955 -0.16720327528814016
5.3092915845667505 -0.1601734419868032
5.372123437638546 -0.1525801862725862
5.434955290710342 -0.1444539490236177
5.497787143782137 -0.1358263341849411
5.560618996853934 -0.12673002804504765
5.62345084992573 -0.1171987217939713
5.686282702997525 -0.10726703614749952
5.749114556069321 -0.09697044694227655
5.811946409141116 -0.08634521075554001
5.874778262212914 -0.07542828977315466
5.937610115284709 -0.0642572753126638
6.000441968356505 -0.052870309596592314
6.0632738214283 -0.04130600555783442
6.126105674500097 -0.02960336463659823
6.188937527571893 -0.017801692690687206
6.2517693806436885 -0.005940514282077419