0.031415926535897934 0.001528909172755018
0.0942477796076938 0.0045813803639769045
0.15707963267948966 0.007617821647362017
0.21991148575128552 0.010627584998766884
0.2827433388230814 0.013600080489986613
0.34557519189487723 0.016524799972801443
0.4084070449666731 0.019391341201734132
0.47123889803846897 0.02218943251078053
0.5340707511102649 0.02490895815158327
0.5969026041820606 0.02753998439073669
0.6597344572538566 0.03007278645203699
0.7225663103256523 0.03249787637535102
0.7853981633974483 0.034806031847273405
0.8482300164692442 0.0369883260397216
0.91106186954104 0.03903615847099303
0.9738937226128359 0.0409412868795093
1.0367255756846319 0.04269586007346388
1.0995574287564276 0.04429245168992895
1.1623892818282235 0.04572409476474553
1.2252211349000193 0.046984316979932744
1.2880529879718152 0.04806717641869119
1.350884841043611 0.04896729761972707
1.413716694115407 0.04967990768312812
1.4765485471872026 0.05020087213998518
1.5393804002589986 0.050526730258163226
1.6022122533307945 0.05065472941794187
1.6650441064025903 0.05058285815468131
1.7278759594743862 0.050309877432297166
1.7907078125461822 0.0498353496823517
1.853539665617978 0.049159665120174695
1.9163715186897736 0.04828406483289356
1.9792033717615696 0.04721066012576412
2.0420352248333655 0.04594244761393318
2.104867077905162 0.04448331955771757
2.1676989309769574 0.0428380689615584
2.230530784048753 0.04101238899057206
2.2933626371205493 0.03901286630448426
2.356194490192345 0.03684696796666084
2.4190263432641403 0.034523021655657564
2.4818581963359367 0.03205018898742486
2.5446900494077322 0.029438431846923734
2.607521902479528 0.02669847172687327
2.670353755551324 0.023841742176762052
2.7331856086231197 0.02088033457484252
2.796017461694916 0.01782693754705398
2.8588493147667116 0.014694770466930965
2.9216811678385075 0.011497511576671336
2.9845130209103035 0.008249221368792367
3.047344873982099 0.004964261957355683
3.1101767270538954 0.0016572132450317157
3.173008580125691 -0.0016572132450317157
3.2358404331974873 -0.004964261957355683
3.2986722862692828 -0.008249221368792367
3.3615041393410787 -0.011497511576671336
3.4243359924128747 -0.014694770466930965
3.48716784548467 -0.01782693754705398
3.549999698556466 -0.02088033457484242
3.612831551628262 -0.023841742176762052
3.675663404700058 -0.02669847172687327
3.7384952577718535 -0.029438431846923734
3.8013271108436495 -0.03205018898742486
3.8641589639154454 -0.03452302165565747
3.9269908169872414 -0.03684696796666084
3.989822670059038 -0.03901286630448426
4.052654523130833 -0.04101238899057206
4.115486376202629 -0.0428380689615584
4.178318229274425 -0.044483319557717664
4.241150082346222 -0.04594244761393318
4.303981935418017 -0.04721066012576412
4.366813788489813 -0.04828406483289356
4.429645641561608 -0.0491596651201747
4.4924774946334045 -0.0498353496823517
4.5553093477052 -0.050309877432297166
4.618141200776996 -0.05058285815468131
4.680973053848792 -0.05065472941794187
4.743804906920587 -0.050526730258163226
4.806636759992383 -0.05020087213998518
4.869468613064179 -0.04967990768312812
4.932300466135976 -0.04896729761972707
4.995132319207771 -0.04806717641869119
5.057964172279567 -0.046984316979932744
5.120796025351362 -0.04572409476474553
5.183627878423159 -0.04429245168992895
5.246459731494955 -0.0426958600734638
5.3092915845667505 -0.0409412868795093
5.372123437638546 -0.03903615847099303
5.434955290710342 -0.0369883260397216
5.497787143782137 -0.034806031847273496
5.560618996853934 -0.03249787637535102
5.62345084992573 -0.03007278645203699
5.686282702997525 -0.02753998439073669
5.749114556069321 -0.024908958151583185
5.811946409141116 -0.02218943251078053
5.874778262212914 -0.019391341201734132
5.937610115284709 -0.016524799972801443
6.000441968356505 -0.013600080489986613
6.0632738214283 -0.010627584998766888
6.126105674500097 -0.007617821647362017
6.188937527571893 -0.0045813803639769045
6.2517693806436885 -0.001528909172755018