0.031415926535897934 0.004146152283974612
0.0942477796076938 0.012411521393567836
0.15707963267948966 0.020596414166119355
0.21991148575128552 0.02864827255278921
0.2827433388230814 0.03651615251308839
0.34557519189487723 0.04415131995879278
0.4084070449666731 0.05150779898777774
0.47123889803846897 0.05854286146691273
0.5340707511102649 0.06521744888136735
0.5969026041820606 0.07149651947122872
0.6597344572538566 0.07734931593804278
0.7225663103256523 0.08274955133205275
0.7853981633974483 0.0876755130338636
0.8482300164692442 0.0921100869351134
0.91106186954104 0.09604070592348155
0.9738937226128359 0.09945922852259974
1.0367255756846319 0.10236175497707344
1.0995574287564276 0.10474838917383923
1.1623892818282235 0.10662295553811135
1.2252211349000193 0.1079926804370342
1.2880529879718152 0.10886784768428497
1.350884841043611 0.10926143749506294
1.413716694115407 0.10918875773427654
1.4765485471872026 0.10866707557952975
1.5393804002589986 0.10771525683672764
1.6022122533307945 0.10635341915235062
1.6650441064025903 0.10460260431313552
1.7278759594743862 0.10248447375702802
1.7907078125461822 0.10002103037876615
1.853539665617978 0.09723436873204637
1.9163715186897736 0.09414645483308356
1.9792033717615696 0.09077893597509516
2.0420352248333655 0.08715298028029797
2.104867077905162 0.0832891451495902
2.1676989309769574 0.0792072733189907
2.230530784048753 0.07492641489062934
2.2933626371205493 0.07046477346589924
2.356194490192345 0.06583967435834033
2.4190263432641403 0.06106755279165927
2.4818581963359367 0.05616395998121466
2.5446900494077322 0.05114358504257279
2.607521902479528 0.04602029075623216
2.670353755551324 0.040807161332053775
2.7331856086231197 0.035516560450179396
2.796017461694916 0.030160197998341687
2.8588493147667116 0.02474920407080167
2.9216811678385075 0.019294208935213334
2.9845130209103035 0.013805427805197003
3.047344873982099 0.00829274937400421
3.1101767270538954 0.002765827164979137
3.173008580125691 -0.002765827164979137
3.2358404331974873 -0.00829274937400421
3.2986722862692828 -0.013805427805197003
3.3615041393410787 -0.019294208935213334
3.4243359924128747 -0.02474920407080167
3.48716784548467 -0.030160197998341687
3.549999698556466 -0.03551656045017933
3.612831551628262 -0.040807161332053775
3.675663404700058 -0.04602029075623216
3.7384952577718535 -0.05114358504257279
3.8013271108436495 -0.05616395998121466
3.8641589639154454 -0.06106755279165914
3.9269908169872414 -0.06583967435834033
3.989822670059038 -0.07046477346589924
4.052654523130833 -0.07492641489062934
4.115486376202629 -0.0792072733189907
4.178318229274425 -0.08328914514959018
4.241150082346222 -0.08715298028029789
4.303981935418017 -0.09077893597509527
4.366813788489813 -0.09414645483308356
4.429645641561608 -0.09723436873204644
4.4924774946334045 -0.10002103037876621
4.5553093477052 -0.10248447375702802
4.618141200776996 -0.10460260431313557
4.680973053848792 -0.10635341915235062
4.743804906920587 -0.10771525683672764
4.806636759992383 -0.10866707557952975
4.869468613064179 -0.10918875773427654
4.932300466135976 -0.10926143749506292
4.995132319207771 -0.10886784768428497
5.057964172279567 -0.1079926804370342
5.120796025351362 -0.10662295553811135
5.183627878423159 -0.10474838917383923
5.246459731494955 -0.10236175497707344
5.3092915845667505 -0.09945922852259974
5.372123437638546 -0.09604070592348155
5.434955290710342 -0.09211008693511351
5.497787143782137 -0.08767551303386363
5.560618996853934 -0.08274955133205263
5.62345084992573 -0.07734931593804278
5.686282702997525 -0.07149651947122872
5.749114556069321 -0.06521744888136748
5.811946409141116 -0.058542861466912795
5.874778262212914 -0.05150779898777774
5.937610115284709 -0.04415131995879278
6.000441968356505 -0.03651615251308839
6.0632738214283 -0.028648272552789324
6.126105674500097 -0.020596414166119355
6.188937527571893 -0.012411521393567836
6.2517693806436885 -0.004146152283974612