0.031415926535897934 0.009461641062330035
0.0942477796076938 0.028334255676673033
0.15707963267948966 0.0470552903301016
0.21991148575128552 0.06552509502695206
0.2827433388230814 0.08364610639541502
0.34557519189487723 0.10132364583140703
0.4084070449666731 0.11846668157098077
0.47123889803846897 0.1349885450315289
0.5340707511102649 0.15080759228819465
0.5969026041820606 0.16584780223272014
0.6597344572538566 0.1800393038097043
0.7225663103256523 0.19331882574641326
0.7853981633974483 0.2056300633853574
0.8482300164692442 0.21692395858258276
0.91106186954104 0.22715889012708546
0.9738937226128359 0.2363007737356242
1.0367255756846319 0.24432307234060363
1.0995574287564276 0.2512067190674555
1.1623892818282235 0.25693995693816796
1.2252211349000193 0.26151810088397487
1.2880529879718152 0.2649432290495167
1.350884841043611 0.2672238115750602
1.413716694115407 0.268374286013141
1.4765485471872026 0.26841458924232026
1.5393804002589986 0.2673696561669008
1.6022122533307945 0.2652688956334324
1.6650441064025903 0.2621456538611178
1.7278759594743862 0.25803667529365976
1.7907078125461822 0.25298157016402084
1.853539665617978 0.2470222972577728
1.9163715186897736 0.24020266940663082
1.9792033717615696 0.23256788818516946
2.0420352248333655 0.22416411316405893
2.104867077905162 0.21503806993357977
2.1676989309769574 0.20523669998869093
2.230530784048753 0.19480685449314286
2.2933626371205493 0.18379503294049157
2.356194490192345 0.17224716682326377
2.4190263432641403 0.16020844762037884
2.4818581963359367 0.1477231977236099
2.5446900494077322 0.13483478234726534
2.607521902479528 0.12158555999774667
2.670353755551324 0.10801686871376959
2.7331856086231197 0.09416904501369776
2.796017461694916 0.08008147229158762
2.8588493147667116 0.06579265527515059
2.9216811678385075 0.05134031708352273
2.9845130209103035 0.0367615153875343
3.047344873982099 0.022092774167884258
3.1101767270538954 0.007370227576446751
3.173008580125691 -0.007370227576446751
3.2358404331974873 -0.022092774167884258
3.2986722862692828 -0.0367615153875343
3.3615041393410787 -0.05134031708352273
3.4243359924128747 -0.06579265527515059
3.48716784548467 -0.08008147229158762
3.549999698556466 -0.09416904501369762
3.612831551628262 -0.10801686871376959
3.675663404700058 -0.12158555999774667
3.7384952577718535 -0.13483478234726534
3.8013271108436495 -0.1477231977236099
3.8641589639154454 -0.16020844762037884
3.9269908169872414 -0.17224716682326377
3.989822670059038 -0.18379503294049176
4.052654523130833 -0.19480685449314286
4.115486376202629 -0.20523669998869093
4.178318229274425 -0.21503806993357985
4.241150082346222 -0.2241641131640591
4.303981935418017 -0.2325678881851696
4.366813788489813 -0.24020266940663082
4.429645641561608 -0.2470222972577728
4.4924774946334045 -0.2529815701640209
4.5553093477052 -0.25803667529365976
4.618141200776996 -0.26214565386111793
4.680973053848792 -0.2652688956334325
4.743804906920587 -0.26736965616690084
4.806636759992383 -0.26841458924232026
4.869468613064179 -0.268374286013141
4.932300466135976 -0.26722381157506025
4.995132319207771 -0.2649432290495167
5.057964172279567 -0.261518100883975
5.120796025351362 -0.25693995693816796
5.183627878423159 -0.2512067190674555
5.246459731494955 -0.24432307234060335
5.3092915845667505 -0.2363007737356242
5.372123437638546 -0.22715889012708546
5.434955290710342 -0.21692395858258284
5.497787143782137 -0.2056300633853576
5.560618996853934 -0.193318825746413
5.62345084992573 -0.1800393038097043
5.686282702997525 -0.16584780223272014
5.749114556069321 -0.15080759228819482
5.811946409141116 -0.13498854503152907
5.874778262212914 -0.11846668157098059
5.937610115284709 -0.10132364583140703
6.000441968356505 -0.08364610639541502
6.0632738214283 -0.06552509502695233
6.126105674500097 -0.0470552903301016
6.188937527571893 -0.028334255676672946
6.2517693806436885 -0.009461641062330035