0.031415926535897934 0.007525540383082657
0.0942477796076938 0.022552785598559034
0.15707963267948966 0.03750856529032231
0.21991148575128552 0.05234537248765002
0.2827433388230814 0.06701590397477471
0.34557519189487723 0.08147313926389371
0.4084070449666731 0.09567041726124674
0.47123889803846897 0.10956151027708712
0.5340707511102649 0.12310069525035573
0.5969026041820606 0.13624282231424753
0.6597344572538566 0.14894338111200495
0.7225663103256523 0.16115856557461564
0.7853981633974483 0.1728453381841425
0.8482300164692442 0.18396149505799805
0.91106186954104 0.194465733489779
0.9738937226128359 0.20431772385996347
1.0367255756846319 0.2134781880730457
1.0995574287564276 0.2219089868743526
1.1623892818282235 0.22957321853738125
1.2252211349000193 0.23643533147827436
1.2880529879718152 0.24246125333529436
1.350884841043611 0.24761853893526192
1.413716694115407 0.2518765393438445
1.4765485471872026 0.2552065938512671
1.5393804002589986 0.2575822462700742
1.6022122533307945 0.25897948631005585
1.6650441064025903 0.2593770160438858
1.7278759594743862 0.25875654058653946
1.7907078125461822 0.2571030810891412
1.853539665617978 0.2544053070077168
1.9163715186897736 0.2506558833719141
1.9792033717615696 0.24585182748012185
2.0420352248333655 0.2399948681275697
2.104867077905162 0.2330917991851888
2.1676989309769574 0.22515481815095895
2.230530784048753 0.21620183926184816
2.2933626371205493 0.20625676995821873
2.356194490192345 0.19534973901025274
2.4190263432641403 0.18351726452081904
2.4818581963359367 0.17080235037562425
2.5446900494077322 0.15725450056870963
2.607521902479528 0.14292964221726498
2.670353755551324 0.12788994999515482
2.7331856086231197 0.11220356712876291
2.796017461694916 0.09594422094704042
2.8588493147667116 0.07919073416116731
2.9216811678385075 0.062026436438091484
2.9845130209103035 0.044538484271443086
3.047344873982099 0.026817100471748193
3.1101767270538954 0.008954747619443999
3.173008580125691 -0.008954747619443999
3.2358404331974873 -0.026817100471748193
3.2986722862692828 -0.044538484271443086
3.3615041393410787 -0.062026436438091484
3.4243359924128747 -0.07919073416116731
3.48716784548467 -0.09594422094704042
3.549999698556466 -0.11220356712876275
3.612831551628262 -0.12788994999515482
3.675663404700058 -0.14292964221726498
3.7384952577718535 -0.15725450056870963
3.8013271108436495 -0.17080235037562425
3.8641589639154454 -0.1835172645208189
3.9269908169872414 -0.19534973901025274
3.989822670059038 -0.20625676995821893
4.052654523130833 -0.21620183926184816
4.115486376202629 -0.22515481815095895
4.178318229274425 -0.233091799185189
4.241150082346222 -0.2399948681275698
4.303981935418017 -0.24585182748012185
4.366813788489813 -0.2506558833719141
4.429645641561608 -0.2544053070077167
4.4924774946334045 -0.25710308108914126
4.5553093477052 -0.25875654058653946
4.618141200776996 -0.25937701604388597
4.680973053848792 -0.25897948631005585
4.743804906920587 -0.25758224627007414
4.806636759992383 -0.25520659385126715
4.869468613064179 -0.2518765393438445
4.932300466135976 -0.24761853893526184
4.995132319207771 -0.24246125333529442
5.057964172279567 -0.23643533147827436
5.120796025351362 -0.22957321853738133
5.183627878423159 -0.2219089868743526
5.246459731494955 -0.2134781880730455
5.3092915845667505 -0.20431772385996347
5.372123437638546 -0.194465733489779
5.434955290710342 -0.18396149505799805
5.497787143782137 -0.17284533818414274
5.560618996853934 -0.1611585655746155
5.62345084992573 -0.14894338111200495
5.686282702997525 -0.13624282231424753
5.749114556069321 -0.1231006952503558
5.811946409141116 -0.1095615102770873
5.874778262212914 -0.09567041726124674
5.937610115284709 -0.08147313926389371
6.000441968356505 -0.06701590397477471
6.0632738214283 -0.05234537248765023
6.126105674500097 -0.03750856529032231
6.188937527571893 -0.022552785598558917
6.2517693806436885 -0.007525540383082657