0.031415926535897934 0.002234131230841632
0.0942477796076938 0.006694755255634213
0.15707963267948966 0.011132478339338338
0.21991148575128552 0.015532081191972824
0.2827433388230814 0.01987841689818341
0.34557519189487723 0.024156440601843566
0.4084070449666731 0.028351239919958353
0.47123889803846897 0.03244806628606939
0.5340707511102649 0.03643236741656369
0.5969026041820606 0.040289821084256834
0.6597344572538566 0.04400637037195115
0.7225663103256523 0.04756826056391637
0.7853981633974483 0.05096207781492275
0.8482300164692442 0.05417478971407853
0.91106186954104 0.057193787833808636
0.9738937226128359 0.06000693232239969
1.0367255756846319 0.06260259856123244
1.0995574287564276 0.06496972586482117
1.1623892818282235 0.06709786815287772
1.2252211349000193 0.06897724646877978
1.2880529879718152 0.0705988031581836
1.350884841043611 0.0719542574554278
1.413716694115407 0.07303616215443354
1.4765485471872026 0.07383796096588552
1.5393804002589986 0.07435404608473019
1.6022122533307945 0.07457981541294811
1.6650441064025903 0.07451172880388969
1.7278759594743862 0.07414736261833027
1.7907078125461822 0.07348546181111125
1.853539665617978 0.07252598870341213
1.9163715186897736 0.07127016754208074
1.9792033717615696 0.06972052390689361
2.0420352248333655 0.06788091800198472
2.104867077905162 0.06575657086168145
2.1676989309769574 0.06335408251613221
2.230530784048753 0.06068144120048226
2.2933626371205493 0.057748022754559154
2.356194490192345 0.05456457944898224
2.4190263432641403 0.051143217588452576
2.4818581963359367 0.04749736338300384
2.5446900494077322 0.043641716741475975
2.607521902479528 0.039592192825773684
2.670353755551324 0.03536585140590718
2.7331856086231197 0.03098081426985571
2.796017461694916 0.0264561711635458
2.8588493147667116 0.021811874958731076
2.9216811678385075 0.01706862696384515
2.9845130209103035 0.01224775349839695
3.047344873982099 0.007371075038651189
3.1101767270538954 0.002460769405084742
3.173008580125691 -0.002460769405084742
3.2358404331974873 -0.007371075038651189
3.2986722862692828 -0.01224775349839695
3.3615041393410787 -0.01706862696384515
3.4243359924128747 -0.021811874958731076
3.48716784548467 -0.0264561711635458
3.549999698556466 -0.03098081426985561
3.612831551628262 -0.03536585140590718
3.675663404700058 -0.039592192825773684
3.7384952577718535 -0.043641716741475975
3.8013271108436495 -0.04749736338300384
3.8641589639154454 -0.051143217588452576
3.9269908169872414 -0.05456457944898224
3.989822670059038 -0.057748022754559154
4.052654523130833 -0.06068144120048226
4.115486376202629 -0.06335408251613221
4.178318229274425 -0.06575657086168152
4.241150082346222 -0.0678809180019847
4.303981935418017 -0.06972052390689361
4.366813788489813 -0.07127016754208074
4.429645641561608 -0.07252598870341222
4.4924774946334045 -0.07348546181111125
4.5553093477052 -0.07414736261833027
4.618141200776996 -0.07451172880388969
4.680973053848792 -0.07457981541294811
4.743804906920587 -0.07435404608473019
4.806636759992383 -0.07383796096588552
4.869468613064179 -0.07303616215443354
4.932300466135976 -0.07195425745542779
4.995132319207771 -0.0705988031581836
5.057964172279567 -0.06897724646877978
5.120796025351362 -0.06709786815287772
5.183627878423159 -0.06496972586482117
5.246459731494955 -0.06260259856123251
5.3092915845667505 -0.06000693232239969
5.372123437638546 -0.057193787833808636
5.434955290710342 -0.05417478971407861
5.497787143782137 -0.050962077814922825
5.560618996853934 -0.04756826056391629
5.62345084992573 -0.04400637037195115
5.686282702997525 -0.040289821084256834
5.749114556069321 -0.03643236741656369
5.811946409141116 -0.03244806628606947
5.874778262212914 -0.028351239919958353
5.937610115284709 -0.024156440601843566
6.000441968356505 -0.01987841689818341
6.0632738214283 -0.015532081191972824
6.126105674500097 -0.011132478339338338
6.188937527571893 -0.006694755255634213
6.2517693806436885 -0.002234131230841632