0.031415926535897934 0.0016164019776103045
0.0942477796076938 0.004843650213274468
0.15707963267948966 0.008054242096098481
0.21991148575128552 0.011237109485141318
0.2827433388230814 0.014381238642321454
0.34557519189487723 0.017475692514403285
0.4084070449666731 0.020509633531005125
0.47123889803846897 0.02347234705893664
0.5340707511102649 0.026353265647387932
0.5969026041820606 0.02914199419096972
0.6597344572538566 0.03182833612807972
0.7225663103256523 0.03440232078025181
0.7853981633974483 0.03685423192375533
0.8482300164692442 0.0391746376674254
0.91106186954104 0.04135442169025206
0.9738937226128359 0.04338481586834806
1.0367255756846319 0.04525743429335224
1.0995574287564276 0.04696430865293477
1.1623892818282235 0.04849792490877702
1.2252211349000193 0.0498512611682511
1.2880529879718152 0.051017826603143475
1.350884841043611 0.05199170122250254
1.413716694115407 0.052767576257461514
1.4765485471872026 0.05334079486438755
1.5393804002589986 0.053707392799746755
1.6022122533307945 0.05386413866671596
1.6650441064025903 0.05380857328104382
1.7278759594743862 0.0535390476533982
1.7907078125461822 0.05305475903902935
1.853539665617978 0.052355784464769704
1.9163715186897736 0.051443111109995644
1.9792033717615696 0.050318662894092675
2.0420352248333655 0.048985322610003997
2.104867077905162 0.04744694894339605
2.1676989309769574 0.04570838773136068
2.230530784048753 0.043775476844729024
2.2933626371205493 0.0416550441249029
2.356194490192345 0.03935489787011532
2.4190263432641403 0.03688380944719051
2.4818581963359367 0.03425148770255032
2.5446900494077322 0.031468544959206333
2.607521902479528 0.028546454512878103
2.670353755551324 0.02549749967771584
2.7331856086231197 0.022334714577289333
2.796017461694916 0.01907181702595258
2.8588493147667116 0.01572313399543937
2.9216811678385075 0.01230352030734068
2.9845130209103035 0.008828271329656615
3.047344873982099 0.0053130305806197604
3.1101767270538954 0.001773693251496713
3.173008580125691 -0.001773693251496713
3.2358404331974873 -0.0053130305806197604
3.2986722862692828 -0.008828271329656615
3.3615041393410787 -0.01230352030734068
3.4243359924128747 -0.01572313399543937
3.48716784548467 -0.01907181702595258
3.549999698556466 -0.022334714577289277
3.612831551628262 -0.02549749967771584
3.675663404700058 -0.028546454512878103
3.7384952577718535 -0.031468544959206445
3.8013271108436495 -0.03425148770255032
3.8641589639154454 -0.03688380944719053
3.9269908169872414 -0.03935489787011532
3.989822670059038 -0.041655044124902896
4.052654523130833 -0.043775476844729024
4.115486376202629 -0.04570838773136068
4.178318229274425 -0.04744694894339604
4.241150082346222 -0.048985322610003885
4.303981935418017 -0.05031866289409276
4.366813788489813 -0.051443111109995644
4.429645641561608 -0.05235578446476972
4.4924774946334045 -0.05305475903902933
4.5553093477052 -0.0535390476533982
4.618141200776996 -0.05380857328104388
4.680973053848792 -0.053864138666716015
4.743804906920587 -0.053707392799746755
4.806636759992383 -0.05334079486438757
4.869468613064179 -0.052767576257461514
4.932300466135976 -0.05199170122250246
4.995132319207771 -0.05101782660314346
5.057964172279567 -0.04985126116825117
5.120796025351362 -0.04849792490877703
5.183627878423159 -0.04696430865293477
5.246459731494955 -0.04525743429335221
5.3092915845667505 -0.04338481586834806
5.372123437638546 -0.04135442169025206
5.434955290710342 -0.0391746376674254
5.497787143782137 -0.036854231923755365
5.560618996853934 -0.03440232078025181
5.62345084992573 -0.03182833612807972
5.686282702997525 -0.02914199419096972
5.749114556069321 -0.02635326564738794
5.811946409141116 -0.02347234705893673
5.874778262212914 -0.02050963353100511
5.937610115284709 -0.017475692514403285
6.000441968356505 -0.014381238642321454
6.0632738214283 -0.011237109485141318
6.126105674500097 -0.008054242096098481
6.188937527571893 -0.004843650213274466
6.2517693806436885 -0.0016164019776103045