0.031415926535897934 0.0033633021793692537
0.0942477796076938 0.0100790923272106
0.15707963267948966 0.016762453895003353
0.21991148575128552 0.023391814780387717
0.2827433388230814 0.02994567369204835
0.34557519189487723 0.03640262925572632
0.4084070449666731 0.04274140993047254
0.47123889803846897 0.048940905006128015
0.5340707511102649 0.05498019698011698
0.5969026041820606 0.06083859564199776
0.6597344572538566 0.06649567422619514
0.7225663103256523 0.07193130802505672
0.7853981633974483 0.07712571588367584
0.8482300164692442 0.08205950502246542
0.91106186954104 0.08671371965067279
0.9738937226128359 0.09106989384120935
1.0367255756846319 0.0951101091315012
1.0995574287564276 0.09881705729370815
1.1623892818282235 0.10217410867778941
1.2252211349000193 0.10516538646982332
1.2880529879718152 0.10777584712328084
1.350884841043611 0.10999136711054018
1.413716694115407 0.11179883600427994
1.4765485471872026 0.11318625573267128
1.5393804002589986 0.11414284565855692
1.6022122533307945 0.1146591529122002
1.6650441064025903 0.1147271671621174
1.7278759594743862 0.11434043874282057
1.7907078125461822 0.11349419877745413
1.853539665617978 0.11218547964443859
1.9163715186897736 0.11041323384918586
1.9792033717615696 0.10817844908522373
2.0420352248333655 0.10548425701563557
2.104867077905162 0.10233603308869602
2.1676989309769574 0.0987414845348383
2.230530784048753 0.09471072358957175
2.2933626371205493 0.0902563229620847
2.356194490192345 0.0853933506339808
2.4190263432641403 0.0801393812365608
2.4818581963359367 0.07451448152472266
2.5446900494077322 0.06854116784326895
2.607521902479528 0.062244333964734166
2.670353755551324 0.055651148259014065
2.7331856086231197 0.048790919820754654
2.796017461694916 0.04169493391185779
2.8588493147667116 0.03439625784983857
2.9216811678385075 0.02692951926029659
2.9845130209103035 0.01933065938282234
3.047344873982099 0.011636664842341639
3.1101767270538954 0.0038852819408897125
3.173008580125691 -0.0038852819408897125
3.2358404331974873 -0.011636664842341639
3.2986722862692828 -0.01933065938282234
3.3615041393410787 -0.02692951926029659
3.4243359924128747 -0.03439625784983857
3.48716784548467 -0.04169493391185779
3.549999698556466 -0.04879091982075453
3.612831551628262 -0.055651148259014065
3.675663404700058 -0.062244333964734166
3.7384952577718535 -0.06854116784326901
3.8013271108436495 -0.07451448152472266
3.8641589639154454 -0.08013938123656075
3.9269908169872414 -0.0853933506339808
3.989822670059038 -0.09025632296208481
4.052654523130833 -0.09471072358957175
4.115486376202629 -0.0987414845348383
4.178318229274425 -0.10233603308869602
4.241150082346222 -0.10548425701563563
4.303981935418017 -0.10817844908522371
4.366813788489813 -0.11041323384918586
4.429645641561608 -0.11218547964443863
4.4924774946334045 -0.11349419877745394
4.5553093477052 -0.11434043874282057
4.618141200776996 -0.11472716716211735
4.680973053848792 -0.1146591529122002
4.743804906920587 -0.11414284565855692
4.806636759992383 -0.11318625573267133
4.869468613064179 -0.11179883600427994
4.932300466135976 -0.10999136711054011
4.995132319207771 -0.10777584712328084
5.057964172279567 -0.10516538646982335
5.120796025351362 -0.10217410867778935
5.183627878423159 -0.09881705729370815
5.246459731494955 -0.09511010913150127
5.3092915845667505 -0.09106989384120935
5.372123437638546 -0.08671371965067279
5.434955290710342 -0.08205950502246542
5.497787143782137 -0.07712571588367605
5.560618996853934 -0.07193130802505669
5.62345084992573 -0.06649567422619514
5.686282702997525 -0.06083859564199776
5.749114556069321 -0.05498019698011707
5.811946409141116 -0.04894090500612812
5.874778262212914 -0.04274140993047254
5.937610115284709 -0.03640262925572632
6.000441968356505 -0.02994567369204835
6.0632738214283 -0.023391814780387793
6.126105674500097 -0.016762453895003353
6.188937527571893 -0.01007909232721053
6.2517693806436885 -0.0033633021793692537