0.031415926535897934 0.009120255500127405
0.0942477796076938 0.02725851403085528
0.15707963267948966 0.045092628494044135
0.21991148575128552 0.062428424087738243
0.2827433388230814 0.07908418571118585
0.34557519189487723 0.09489482942271024
0.4084070449666731 0.10971533250412213
0.47123889803846897 0.12342330348366963
0.5340707511102649 0.1359206300945529
0.5969026041820606 0.14713419988835982
0.6597344572538566 0.15701574030996152
0.7225663103256523 0.16554086864502046
0.7853981633974483 0.17270747481658805
0.8482300164692442 0.17853358036561062
0.91106186954104 0.18305482524667796
0.9738937226128359 0.1863217315350642
1.0367255756846319 0.18839688176801903
1.0995574287564276 0.1893521318393276
1.1623892818282235 0.18926595662359189
1.2252211349000193 0.18822100313724602
1.2880529879718152 0.18630190299412558
1.350884841043611 0.18359337466762557
1.413716694115407 0.1801786276240954
1.4765485471872026 0.17613806528333828
1.5393804002589986 0.17154827214841956
1.6022122533307945 0.166481262190692
1.6650441064025903 0.16100396033752207
1.7278759594743862 0.1551778862327625
1.7907078125461822 0.14905900881917844
1.853539665617978 0.14269774122861856
1.9163715186897736 0.13613904750171643
1.9792033717615696 0.12942263539841986
2.0420352248333655 0.1225832126792058
2.104867077905162 0.1156507874817803
2.1676989309769574 0.10865099660336994
2.230530784048753 0.10160544849627468
2.2933626371205493 0.09453207051410498
2.356194490192345 0.08744545236574765
2.4190263432641403 0.08035717982978796
2.4818581963359367 0.07327615456027552
2.5446900494077322 0.06620889729528819
2.607521902479528 0.05915983299083843
2.670353755551324 0.052131557376411675
2.7331856086231197 0.04512508519811147
2.796017461694916 0.03814008101336916
2.8588493147667116 0.03117507385752373
2.9216811678385075 0.024227657444350452
2.9845130209103035 0.01729467781343249
3.047344873982099 0.010372410517188436
3.1101767270538954 0.0034567295659618303
3.173008580125691 -0.0034567295659618303
3.2358404331974873 -0.010372410517188436
3.2986722862692828 -0.01729467781343249
3.3615041393410787 -0.024227657444350452
3.4243359924128747 -0.03117507385752373
3.48716784548467 -0.03814008101336916
3.549999698556466 -0.04512508519811138
3.612831551628262 -0.052131557376411675
3.675663404700058 -0.05915983299083843
3.7384952577718535 -0.0662088972952881
3.8013271108436495 -0.07327615456027552
3.8641589639154454 -0.08035717982978786
3.9269908169872414 -0.08744545236574765
3.989822670059038 -0.09453207051410505
4.052654523130833 -0.10160544849627468
4.115486376202629 -0.10865099660336994
4.178318229274425 -0.11565078748178044
4.241150082346222 -0.12258321267920592
4.303981935418017 -0.1294226353984199
4.366813788489813 -0.13613904750171643
4.429645641561608 -0.14269774122861842
4.4924774946334045 -0.1490590088191785
4.5553093477052 -0.1551778862327625
4.618141200776996 -0.16100396033752223
4.680973053848792 -0.1664812621906921
4.743804906920587 -0.17154827214841956
4.806636759992383 -0.17613806528333834
4.869468613064179 -0.1801786276240954
4.932300466135976 -0.18359337466762557
4.995132319207771 -0.18630190299412547
5.057964172279567 -0.18822100313724602
5.120796025351362 -0.18926595662359186
5.183627878423159 -0.1893521318393276
5.246459731494955 -0.18839688176801891
5.3092915845667505 -0.1863217315350642
5.372123437638546 -0.18305482524667796
5.434955290710342 -0.17853358036561054
5.497787143782137 -0.17270747481658816
5.560618996853934 -0.16554086864502043
5.62345084992573 -0.15701574030996152
5.686282702997525 -0.14713419988835982
5.749114556069321 -0.135920630094553
5.811946409141116 -0.12342330348366982
5.874778262212914 -0.10971533250412199
5.937610115284709 -0.09489482942271024
6.000441968356505 -0.07908418571118585
6.0632738214283 -0.06242842408773835
6.126105674500097 -0.045092628494044135
6.188937527571893 -0.027258514030855052
6.2517693806436885 -0.009120255500127405