0.031415926535897934 0.009641801390904916
0.0942477796076938 0.02878675635532944
0.15707963267948966 0.04752055853952855
0.21991148575128552 0.0655847631753905
0.2827433388230814 0.08274335241062183
0.34557519189487723 0.09878970122295613
0.4084070449666731 0.11355178383854865
0.47123889803846897 0.12689542755680047
0.5340707511102649 0.13872559051138156
0.5969026041820606 0.14898579312858204
0.6597344572538566 0.15765595439139932
0.7225663103256523 0.16474896467263198
0.7853981633974483 0.1703063649396601
0.8482300164692442 0.17439350145788893
0.91106186954104 0.1770944936182393
0.9738937226128359 0.17850730000262566
1.0367255756846319 0.1787391041812899
1.0995574287564276 0.1779021756447972
1.1623892818282235 0.17611029931942304
1.2252211349000193 0.17347581363942619
1.2880529879718152 0.1701072543878806
1.350884841043611 0.16610756999136073
1.413716694115407 0.16157285296057602
1.4765485471872026 0.15659152025860582
1.5393804002589986 0.15124387075316872
1.6022122533307945 0.145601948723865
1.6650441064025903 0.13972964695238324
1.7278759594743862 0.13368298978265472
1.7907078125461822 0.12751054455574778
1.853539665617978 0.12125391815055724
1.9163715186897736 0.11494830340663083
1.9792033717615696 0.10862304759650293
2.0420352248333655 0.10230222164696892
2.104867077905162 0.09600517440096741
2.1676989309769574 0.08974706086894668
2.230530784048753 0.08353933720028182
2.2933626371205493 0.07739021810215486
2.356194490192345 0.07130509475009932
2.4190263432641403 0.06528691297836019
2.4818581963359367 0.059336512811497044
2.5446900494077322 0.053452931294116005
2.607521902479528 0.04763367117467815
2.670353755551324 0.041874938371507825
2.7331856086231197 0.03617185135237921
2.796017461694916 0.03051862564081352
2.8588493147667116 0.024908736660633087
2.9216811678385075 0.019335064075544126
2.9845130209103035 0.013790020696081822
3.047344873982099 0.008265668930169464
3.1101767270538954 0.0027538276593729034
3.173008580125691 -0.0027538276593729034
3.2358404331974873 -0.008265668930169464
3.2986722862692828 -0.013790020696081822
3.3615041393410787 -0.019335064075544126
3.4243359924128747 -0.024908736660633087
3.48716784548467 -0.03051862564081352
3.549999698556466 -0.03617185135237921
3.612831551628262 -0.041874938371507825
3.675663404700058 -0.04763367117467815
3.7384952577718535 -0.05345293129411608
3.8013271108436495 -0.059336512811497044
3.8641589639154454 -0.06528691297836012
3.9269908169872414 -0.07130509475009932
3.989822670059038 -0.07739021810215503
4.052654523130833 -0.08353933720028182
4.115486376202629 -0.08974706086894668
4.178318229274425 -0.0960051744009674
4.241150082346222 -0.10230222164696895
4.303981935418017 -0.10862304759650293
4.366813788489813 -0.11494830340663083
4.429645641561608 -0.12125391815055732
4.4924774946334045 -0.12751054455574778
4.5553093477052 -0.13368298978265472
4.618141200776996 -0.1397296469523833
4.680973053848792 -0.145601948723865
4.743804906920587 -0.15124387075316872
4.806636759992383 -0.15659152025860582
4.869468613064179 -0.16157285296057602
4.932300466135976 -0.16610756999136073
4.995132319207771 -0.17010725438788069
5.057964172279567 -0.17347581363942607
5.120796025351362 -0.17611029931942304
5.183627878423159 -0.1779021756447972
5.246459731494955 -0.17873910418128994
5.3092915845667505 -0.17850730000262566
5.372123437638546 -0.1770944936182393
5.434955290710342 -0.17439350145788887
5.497787143782137 -0.17030636493966006
5.560618996853934 -0.164748964672632
5.62345084992573 -0.15765595439139932
5.686282702997525 -0.14898579312858204
5.749114556069321 -0.13872559051138159
5.811946409141116 -0.12689542755680078
5.874778262212914 -0.11355178383854865
5.937610115284709 -0.09878970122295613
6.000441968356505 -0.08274335241062183
6.0632738214283 -0.06558476317539068
6.126105674500097 -0.04752055853952855
6.188937527571893 -0.02878675635532932
6.2517693806436885 -0.009641801390904916