0.031415926535897934 0.009608869093682325
0.0942477796076938 0.0286980229515481
0.15707963267948966 0.04740549713707851
0.21991148575128552 0.06549017485697653
0.2827433388230814 0.08273012176996412
0.34557519189487723 0.0989286940707871
0.4084070449666731 0.1139192554245837
0.47123889803846897 0.12756832734549314
0.5340707511102649 0.13977712357244398
0.5969026041820606 0.15048153687655322
0.6597344572538566 0.1596507450915789
0.7225663103256523 0.16728467452188586
0.7853981633974483 0.17341060020238994
0.8482300164692442 0.1780791747775917
0.91106186954104 0.18136016518235598
0.9738937226128359 0.18333814491815373
1.0367255756846319 0.18410834630325665
1.0995574287564276 0.18377282810205728
1.1623892818282235 0.18243706486234262
1.2252211349000193 0.18020701918288298
1.2880529879718152 0.1771867196092973
1.350884841043611 0.17347633619821354
1.413716694115407 0.16917072321197016
1.4765485471872026 0.16435838335547492
1.5393804002589986 0.15912079941781682
1.6022122533307945 0.15353207588484907
1.6650441064025903 0.1476588337619155
1.7278759594743862 0.1415603052977493
1.7907078125461822 0.13528858050728343
1.853539665617978 0.1288889635258713
1.9163715186897736 0.12240040326194096
1.9792033717615696 0.1158559691017831
2.0420352248333655 0.10928334826486429
2.104867077905162 0.1027053466391669
2.1676989309769574 0.09614037946482092
2.230530784048753 0.0896029420683209
2.2933626371205493 0.08310405401085215
2.356194490192345 0.07665167256168616
2.4190263432641403 0.07025107341429582
2.4818581963359367 0.06390519810665851
2.5446900494077322 0.05761496876461972
2.607521902479528 0.05137957162939221
2.670353755551324 0.04519671142111551
2.7331856086231197 0.03906283898543883
2.796017461694916 0.03297335491658171
2.8588493147667116 0.026922791987575845
2.9216811678385075 0.020904979278586172
2.9845130209103035 0.014913190903222552
3.047344873982099 0.008940282210988278
3.1101767270538954 0.0029788163072916917
3.173008580125691 -0.0029788163072916917
3.2358404331974873 -0.008940282210988278
3.2986722862692828 -0.014913190903222552
3.3615041393410787 -0.020904979278586172
3.4243359924128747 -0.026922791987575845
3.48716784548467 -0.03297335491658171
3.549999698556466 -0.03906283898543883
3.612831551628262 -0.04519671142111551
3.675663404700058 -0.05137957162939221
3.7384952577718535 -0.057614968764619606
3.8013271108436495 -0.06390519810665851
3.8641589639154454 -0.0702510734142957
3.9269908169872414 -0.07665167256168616
3.989822670059038 -0.08310405401085215
4.052654523130833 -0.0896029420683209
4.115486376202629 -0.09614037946482092
4.178318229274425 -0.10270534663916703
4.241150082346222 -0.10928334826486429
4.303981935418017 -0.11585596910178314
4.366813788489813 -0.12240040326194096
4.429645641561608 -0.12888896352587118
4.4924774946334045 -0.13528858050728332
4.5553093477052 -0.1415603052977493
4.618141200776996 -0.14765883376191552
4.680973053848792 -0.15353207588484913
4.743804906920587 -0.15912079941781682
4.806636759992383 -0.16435838335547498
4.869468613064179 -0.16917072321197016
4.932300466135976 -0.17347633619821365
4.995132319207771 -0.17718671960929727
5.057964172279567 -0.18020701918288298
5.120796025351362 -0.18243706486234262
5.183627878423159 -0.18377282810205728
5.246459731494955 -0.18410834630325662
5.3092915845667505 -0.18333814491815373
5.372123437638546 -0.18136016518235598
5.434955290710342 -0.17807917477759172
5.497787143782137 -0.17341060020239
5.560618996853934 -0.16728467452188586
5.62345084992573 -0.1596507450915789
5.686282702997525 -0.15048153687655322
5.749114556069321 -0.13977712357244415
5.811946409141116 -0.12756832734549345
5.874778262212914 -0.1139192554245837
5.937610115284709 -0.0989286940707871
6.000441968356505 -0.08273012176996412
6.0632738214283 -0.06549017485697685
6.126105674500097 -0.04740549713707851
6.188937527571893 -0.028698022951547913
6.2517693806436885 -0.009608869093682325