0.031415926535897934 0.00757171690794858
0.0942477796076938 0.02267154383058916
0.15707963267948966 0.03764096841543575
0.21991148575128552 0.05239444394035329
0.2827433388230814 0.06684848397178479
0.34557519189487723 0.08092244289668142
0.4084070449666731 0.0945392536899369
0.47123889803846897 0.10762611188195102
0.5340707511102649 0.12011509559624456
0.5969026041820606 0.13194371264456956
0.6597344572538566 0.14305536699229449
0.7225663103256523 0.15339973842684848
0.7853981633974483 0.1629330709531079
0.8482300164692442 0.17161836726700125
0.91106186954104 0.17942548857663088
0.9738937226128359 0.18633116099394983
1.0367255756846319 0.19231889164794874
1.0995574287564276 0.19737879950777534
1.1623892818282235 0.20150736758756913
1.2252211349000193 0.20470712467538627
1.2880529879718152 0.20698626593679734
1.350884841043611 0.20835822265192983
1.413716694115407 0.20884119192974
1.4765485471872026 0.20845763749734375
1.5393804002589986 0.2072337725930236
1.6022122533307945 0.20519903562096511
1.6650441064025903 0.20238556858795947
1.7278759594743862 0.19882770748072048
1.7907078125461822 0.19456149270678222
1.853539665617978 0.18962420656477963
1.9163715186897736 0.18405394348368664
1.9792033717615696 0.17788921752474426
2.0420352248333655 0.17116861041867187
2.104867077905162 0.16393046225183786
2.1676989309769574 0.15621260584819235
2.230530784048753 0.14805214494062427
2.2933626371205493 0.13948527539978664
2.356194490192345 0.13054714809673162
2.4190263432641403 0.12127177141785518
2.4818581963359367 0.11169195102120495
2.5446900494077322 0.10183926411241619
2.607521902479528 0.09174406531363162
2.670353755551324 0.08143552108488925
2.7331856086231197 0.07094166961877277
2.796017461694916 0.06028950314952921
2.8588493147667116 0.04950506968171026
2.9216811678385075 0.03861359123598563
2.9845130209103035 0.027639595817742574
3.047344873982099 0.016607060425600458
3.1101767270538954 0.0055395625219728005
3.173008580125691 -0.0055395625219728005
3.2358404331974873 -0.016607060425600458
3.2986722862692828 -0.027639595817742574
3.3615041393410787 -0.03861359123598563
3.4243359924128747 -0.04950506968171026
3.48716784548467 -0.06028950314952921
3.549999698556466 -0.07094166961877277
3.612831551628262 -0.08143552108488925
3.675663404700058 -0.09174406531363162
3.7384952577718535 -0.10183926411241613
3.8013271108436495 -0.11169195102120495
3.8641589639154454 -0.12127177141785518
3.9269908169872414 -0.13054714809673162
3.989822670059038 -0.1394852753997868
4.052654523130833 -0.14805214494062427
4.115486376202629 -0.15621260584819235
4.178318229274425 -0.16393046225183802
4.241150082346222 -0.17116861041867196
4.303981935418017 -0.17788921752474426
4.366813788489813 -0.18405394348368664
4.429645641561608 -0.18962420656477957
4.4924774946334045 -0.19456149270678222
4.5553093477052 -0.19882770748072048
4.618141200776996 -0.20238556858795942
4.680973053848792 -0.2051990356209652
4.743804906920587 -0.20723377259302359
4.806636759992383 -0.20845763749734372
4.869468613064179 -0.20884119192974
4.932300466135976 -0.20835822265192983
4.995132319207771 -0.2069862659367973
5.057964172279567 -0.20470712467538635
5.120796025351362 -0.20150736758756913
5.183627878423159 -0.19737879950777534
5.246459731494955 -0.19231889164794866
5.3092915845667505 -0.18633116099394983
5.372123437638546 -0.17942548857663088
5.434955290710342 -0.17161836726700133
5.497787143782137 -0.16293307095310813
5.560618996853934 -0.15339973842684843
5.62345084992573 -0.14305536699229449
5.686282702997525 -0.13194371264456956
5.749114556069321 -0.12011509559624477
5.811946409141116 -0.1076261118819512
5.874778262212914 -0.09453925368993668
5.937610115284709 -0.08092244289668142
6.000441968356505 -0.06684848397178479
6.0632738214283 -0.05239444394035346
6.126105674500097 -0.03764096841543575
6.188937527571893 -0.02267154383058916
6.2517693806436885 -0.00757171690794858