0.031415926535897934 0.0020158237132245856
0.0942477796076938 0.006040293249198968
0.15707963267948966 0.01004324709519153
0.21991148575128552 0.014010401427883646
0.2827433388230814 0.017927562490444686
0.34557519189487723 0.02178066284194232
0.4084070449666731 0.025555797829073353
0.47123889803846897 0.02923926234264594
0.5340707511102649 0.03281758791978964
0.5969026041820606 0.03627758025039168
0.6597344572538566 0.03960635714239101
0.7225663103256523 0.04279138699488291
0.7853981633974483 0.04582052782004968
0.8482300164692442 0.048682066844312005
0.91106186954104 0.05136476070534454
0.9738937226128359 0.05385787624432739
1.0367255756846319 0.05615123187168548
1.0995574287564276 0.05823523945932844
1.1623892818282235 0.06010094668290422
1.2252211349000193 0.06174007970378536
1.2880529879718152 0.06314508604254346
1.350884841043611 0.0643091774538254
1.413716694115407 0.06522637256730295
1.4765485471872026 0.06589153901139712
1.5393804002589986 0.06630043468667941
1.6022122533307945 0.06644974780530521
1.6650441064025903 0.0663371352628485
1.7278759594743862 0.06596125886097479
1.7907078125461822 0.06532181885515746
1.853539665617978 0.06441958426290265
1.9163715186897736 0.06325641933655658
1.9792033717615696 0.06183530558263362
2.0420352248333655 0.060160358698546613
2.104867077905162 0.05823683979940104
2.1676989309769574 0.05607116032362529
2.230530784048753 0.053670880037930746
2.2933626371205493 0.05104469761025044
2.356194490192345 0.04820243328435292
2.4190263432641403 0.04515500327163914
2.4818581963359367 0.04191438557354132
2.5446900494077322 0.03849357706066288
2.607521902479528 0.03490654176043409
2.670353755551324 0.031168150441105585
2.7331856086231197 0.02729411172331071
2.796017461694916 0.02330089509768947
2.8588493147667116 0.019205646374278827
2.9216811678385075 0.015026096232449987
2.9845130209103035 0.010780462674898425
3.047344873982099 0.006487348311487767
3.1101767270538954 0.0021656335047588048
3.173008580125691 -0.0021656335047588048
3.2358404331974873 -0.006487348311487767
3.2986722862692828 -0.010780462674898425
3.3615041393410787 -0.015026096232449987
3.4243359924128747 -0.019205646374278827
3.48716784548467 -0.02330089509768947
3.549999698556466 -0.02729411172331071
3.612831551628262 -0.031168150441105585
3.675663404700058 -0.03490654176043409
3.7384952577718535 -0.03849357706066289
3.8013271108436495 -0.04191438557354132
3.8641589639154454 -0.045155003271639085
3.9269908169872414 -0.04820243328435292
3.989822670059038 -0.05104469761025043
4.052654523130833 -0.053670880037930746
4.115486376202629 -0.05607116032362529
4.178318229274425 -0.05823683979940101
4.241150082346222 -0.06016035869854673
4.303981935418017 -0.06183530558263353
4.366813788489813 -0.06325641933655658
4.429645641561608 -0.06441958426290266
4.4924774946334045 -0.06532181885515762
4.5553093477052 -0.06596125886097479
4.618141200776996 -0.06633713526284855
4.680973053848792 -0.06644974780530531
4.743804906920587 -0.06630043468667944
4.806636759992383 -0.06589153901139706
4.869468613064179 -0.06522637256730295
4.932300466135976 -0.06430917745382546
4.995132319207771 -0.06314508604254346
5.057964172279567 -0.06174007970378536
5.120796025351362 -0.06010094668290426
5.183627878423159 -0.05823523945932844
5.246459731494955 -0.05615123187168551
5.3092915845667505 -0.05385787624432739
5.372123437638546 -0.05136476070534454
5.434955290710342 -0.048682066844312054
5.497787143782137 -0.04582052782004982
5.560618996853934 -0.0427913869948829
5.62345084992573 -0.03960635714239101
5.686282702997525 -0.03627758025039168
5.749114556069321 -0.032817587919789754
5.811946409141116 -0.029239262342645976
5.874778262212914 -0.02555579782907318
5.937610115284709 -0.02178066284194232
6.000441968356505 -0.017927562490444686
6.0632738214283 -0.014010401427883764
6.126105674500097 -0.01004324709519153
6.188937527571893 -0.006040293249198963
6.2517693806436885 -0.0020158237132245856