0.031415926535897934 0.00453960598678672
0.0942477796076938 0.013605121942077997
0.15707963267948966 0.022629559895193732
0.21991148575128552 0.03158556808241152
0.2827433388230814 0.040445845323714
0.34557519189487723 0.04918316174467815
0.4084070449666731 0.05777038006562046
0.47123889803846897 0.06618047773037289
0.5340707511102649 0.07438657022571271
0.5969026041820606 0.08236193603403591
0.6597344572538566 0.0900800437636444
0.7225663103256523 0.09751458210973925
0.7853981633974483 0.10463949341115626
0.8482300164692442 0.11142901167873424
0.91106186954104 0.11785770607619936
0.9738937226128359 0.12390053092822308
1.0367255756846319 0.1295328834070303
1.0995574287564276 0.1347306701022385
1.1623892818282235 0.1394703837017255
1.2252211349000193 0.14372919099709924
1.2880529879718152 0.1474850333684418
1.350884841043611 0.15071674079204314
1.413716694115407 0.15340416024474102
1.4765485471872026 0.15552829914273647
1.5393804002589986 0.1570714841459636
1.6022122533307945 0.15801753527741355
1.6650441064025903 0.1583519548487
1.7278759594743862 0.15806213014990472
1.7907078125461822 0.1571375482583754
1.853539665617978 0.1555700206569844
1.9163715186897736 0.15335391464174727
1.9792033717615696 0.15048638776144396
2.0420352248333655 0.14696762079351627
2.104867077905162 0.14280104405212557
2.1676989309769574 0.137993551182024
2.230530784048753 0.13255569405591242
2.2933626371205493 0.12650185200567585
2.356194490192345 0.11985036842179857
2.4190263432641403 0.1126236477901715
2.4818581963359367 0.1048482065353636
2.5446900494077322 0.09655467162889175
2.607521902479528 0.0877777218121785
2.670353755551324 0.07855596747328865
2.7331856086231197 0.06893176668298133
2.796017461694916 0.058950976599144674
2.8588493147667116 0.048662641330750024
2.9216811678385075 0.03811861933796359
2.9845130209103035 0.027373155445720016
3.047344873982099 0.016482404467498938
3.1101767270538954 0.00550391517596015
3.173008580125691 -0.00550391517596015
3.2358404331974873 -0.016482404467498938
3.2986722862692828 -0.027373155445720016
3.3615041393410787 -0.03811861933796359
3.4243359924128747 -0.048662641330750024
3.48716784548467 -0.058950976599144674
3.549999698556466 -0.06893176668298122
3.612831551628262 -0.07855596747328865
3.675663404700058 -0.0877777218121785
3.7384952577718535 -0.09655467162889167
3.8013271108436495 -0.1048482065353636
3.8641589639154454 -0.11262364779017126
3.9269908169872414 -0.11985036842179857
3.989822670059038 -0.12650185200567599
4.052654523130833 -0.13255569405591242
4.115486376202629 -0.137993551182024
4.178318229274425 -0.14280104405212563
4.241150082346222 -0.14696762079351647
4.303981935418017 -0.15048638776144407
4.366813788489813 -0.15335391464174727
4.429645641561608 -0.1555700206569844
4.4924774946334045 -0.15713754825837536
4.5553093477052 -0.15806213014990472
4.618141200776996 -0.15835195484869996
4.680973053848792 -0.15801753527741355
4.743804906920587 -0.15707148414596364
4.806636759992383 -0.1555282991427365
4.869468613064179 -0.15340416024474102
4.932300466135976 -0.1507167407920432
4.995132319207771 -0.14748503336844174
5.057964172279567 -0.14372919099709933
5.120796025351362 -0.1394703837017256
5.183627878423159 -0.1347306701022385
5.246459731494955 -0.12953288340703037
5.3092915845667505 -0.12390053092822308
5.372123437638546 -0.11785770607619936
5.434955290710342 -0.11142901167873424
5.497787143782137 -0.10463949341115637
5.560618996853934 -0.09751458210973916
5.62345084992573 -0.0900800437636444
5.686282702997525 -0.08236193603403591
5.749114556069321 -0.07438657022571281
5.811946409141116 -0.0661804777303731
5.874778262212914 -0.057770380065620436
5.937610115284709 -0.04918316174467815
6.000441968356505 -0.040445845323714
6.0632738214283 -0.031585568082411586
6.126105674500097 -0.022629559895193732
6.188937527571893 -0.013605121942077933
6.2517693806436885 -0.00453960598678672