0.031415926535897934 0.008129007892906914
0.0942477796076938 0.024277196993971347
0.15707963267948966 0.04009942945345864
0.21991148575128552 0.05538993364326009
0.2827433388230814 0.06995951586379227
0.34557519189487723 0.0836408195879527
0.4084070449666731 0.0962923675807409
0.47123889803846897 0.10780123657987055
0.5340707511102649 0.11808432557680865
0.5969026041820606 0.12708828235953565
0.6597344572538566 0.13478823873308135
0.7225663103256523 0.14118556624444634
0.7853981633974483 0.14630489883884717
0.8482300164692442 0.15019067783458773
0.91106186954104 0.15290346184635814
0.9738937226128359 0.15451621536596188
1.0367255756846319 0.15511075071184996
1.0995574287564276 0.15477445470430387
1.1623892818282235 0.1535973884606144
1.2252211349000193 0.15166980961321824
1.2880529879718152 0.1490801332020426
1.350884841043611 0.14591332148027883
1.413716694115407 0.142249673975989
1.4765485471872026 0.13816397679875195
1.5393804002589986 0.13372496341382137
1.6022122533307945 0.1289950368002398
1.6650441064025903 0.12403020393055053
1.7278759594743862 0.11888017682258224
1.7907078125461822 0.1135885991388123
1.853539665617978 0.10819336274474341
1.9163715186897736 0.10272698425841216
1.9792033717615696 0.09721701705941445
2.0420352248333655 0.09168647923989214
2.104867077905162 0.08615428243770505
2.1676989309769574 0.0806356503369305
2.230530784048753 0.07514251885095846
2.2933626371205493 0.06968391265270127
2.356194490192345 0.06426629484001121
2.4190263432641403 0.05889388818796075
2.4818581963359367 0.05356896771175204
2.5446900494077322 0.04829212521110724
2.607521902479528 0.043062507150311125
2.670353755551324 0.03787802770215149
2.7331856086231197 0.03273555909595366
2.796017461694916 0.02763110159960998
2.8588493147667116 0.022559935565988665
2.9216811678385075 0.01751675801226063
2.9845130209103035 0.01249580619807473
3.047344873982099 0.0074909706420525565
3.1101767270538954 0.002495899978879272
3.173008580125691 -0.002495899978879272
3.2358404331974873 -0.0074909706420525565
3.2986722862692828 -0.01249580619807473
3.3615041393410787 -0.01751675801226063
3.4243359924128747 -0.022559935565988665
3.48716784548467 -0.02763110159960998
3.549999698556466 -0.03273555909595355
3.612831551628262 -0.03787802770215149
3.675663404700058 -0.043062507150311125
3.7384952577718535 -0.04829212521110724
3.8013271108436495 -0.05356896771175204
3.8641589639154454 -0.05889388818796075
3.9269908169872414 -0.06426629484001121
3.989822670059038 -0.06968391265270135
4.052654523130833 -0.07514251885095846
4.115486376202629 -0.0806356503369305
4.178318229274425 -0.08615428243770515
4.241150082346222 -0.09168647923989222
4.303981935418017 -0.09721701705941455
4.366813788489813 -0.10272698425841216
4.429645641561608 -0.10819336274474325
4.4924774946334045 -0.1135885991388123
4.5553093477052 -0.11888017682258224
4.618141200776996 -0.12403020393055061
4.680973053848792 -0.12899503680023974
4.743804906920587 -0.13372496341382129
4.806636759992383 -0.13816397679875195
4.869468613064179 -0.142249673975989
4.932300466135976 -0.1459133214802789
4.995132319207771 -0.1490801332020426
5.057964172279567 -0.15166980961321824
5.120796025351362 -0.1535973884606144
5.183627878423159 -0.15477445470430387
5.246459731494955 -0.1551107507118499
5.3092915845667505 -0.15451621536596188
5.372123437638546 -0.15290346184635814
5.434955290710342 -0.1501906778345879
5.497787143782137 -0.14630489883884723
5.560618996853934 -0.14118556624444623
5.62345084992573 -0.13478823873308135
5.686282702997525 -0.12708828235953565
5.749114556069321 -0.11808432557680872
5.811946409141116 -0.10780123657987081
5.874778262212914 -0.0962923675807409
5.937610115284709 -0.0836408195879527
6.000441968356505 -0.06995951586379227
6.0632738214283 -0.05538993364326018
6.126105674500097 -0.04009942945345864
6.188937527571893 -0.024277196993971063
6.2517693806436885 -0.008129007892906914