0.031415926535897934 0.002933957663370549
0.0942477796076938 0.008792542002835533
0.15707963267948966 0.0146231433162037
0.21991148575128552 0.020407139513919377
0.2827433388230814 0.02612595889756883
0.34557519189487723 0.031761101322628466
0.4084070449666731 0.03729416038467713
0.47123889803846897 0.04270684694493111
0.5340707511102649 0.04798101432666963
0.5969026041820606 0.053098685531207813
0.6597344572538566 0.058042082839338274
0.7225663103256523 0.06279366018013247
0.7853981633974483 0.06733613866202588
0.8482300164692442 0.07165254566937793
0.91106186954104 0.07572625792920888
0.9738937226128359 0.07954104894545591
1.0367255756846319 0.08308114117964704
1.0995574287564276 0.08633126332514442
1.1623892818282235 0.08927671297483124
1.2252211349000193 0.09190342491723559
1.2880529879718152 0.09419804521171288
1.350884841043611 0.09614801108790567
1.413716694115407 0.09774163658717523
1.4765485471872026 0.09896820371356835
1.5393804002589986 0.09981805868944794
1.6022122533307945 0.10028271271735133
1.6650441064025903 0.10035494643726543
1.7278759594743862 0.10002891704079496
1.7907078125461822 0.09930026676549096
1.853539665617978 0.0981662312501268
1.9163715186897736 0.09662574599255865
1.9792033717615696 0.09467954892494258
2.0420352248333655 0.09233027691659235
2.104867077905162 0.08958255384360345
2.1676989309769574 0.08644306773803014
2.230530784048753 0.08292063445930806
2.2933626371205493 0.07902624532762627
2.356194490192345 0.07477309623259004
2.4190263432641403 0.07017659588831941
2.4818581963359367 0.06525435115283582
2.5446900494077322 0.06002612766652398
2.607521902479528 0.054513784488927075
2.670353755551324 0.048741181918056486
2.7331856086231197 0.04273406225010981
2.796017461694916 0.036519903863953575
2.8588493147667116 0.030127749673845523
2.9216811678385075 0.023588011662357952
2.9845130209103035 0.016932253857823324
3.047344873982099 0.010192956730427674
3.1101767270538954 0.0034032665224781626
3.173008580125691 -0.0034032665224781626
3.2358404331974873 -0.010192956730427674
3.2986722862692828 -0.016932253857823324
3.3615041393410787 -0.023588011662357952
3.4243359924128747 -0.030127749673845523
3.48716784548467 -0.036519903863953575
3.549999698556466 -0.04273406225010981
3.612831551628262 -0.048741181918056486
3.675663404700058 -0.054513784488927075
3.7384952577718535 -0.0600261276665239
3.8013271108436495 -0.06525435115283582
3.8641589639154454 -0.07017659588831934
3.9269908169872414 -0.07477309623259004
3.989822670059038 -0.0790262453276264
4.052654523130833 -0.08292063445930806
4.115486376202629 -0.08644306773803014
4.178318229274425 -0.08958255384360352
4.241150082346222 -0.09233027691659237
4.303981935418017 -0.09467954892494265
4.366813788489813 -0.09662574599255865
4.429645641561608 -0.09816623125012676
4.4924774946334045 -0.09930026676549089
4.5553093477052 -0.10002891704079496
4.618141200776996 -0.10035494643726559
4.680973053848792 -0.10028271271735129
4.743804906920587 -0.09981805868944794
4.806636759992383 -0.09896820371356839
4.869468613064179 -0.09774163658717523
4.932300466135976 -0.09614801108790567
4.995132319207771 -0.09419804521171288
5.057964172279567 -0.09190342491723562
5.120796025351362 -0.08927671297483124
5.183627878423159 -0.08633126332514442
5.246459731494955 -0.08308114117964699
5.3092915845667505 -0.07954104894545591
5.372123437638546 -0.07572625792920888
5.434955290710342 -0.07165254566937795
5.497787143782137 -0.06733613866202605
5.560618996853934 -0.06279366018013245
5.62345084992573 -0.058042082839338274
5.686282702997525 -0.053098685531207813
5.749114556069321 -0.047981014326669645
5.811946409141116 -0.04270684694493113
5.874778262212914 -0.03729416038467706
5.937610115284709 -0.031761101322628466
6.000441968356505 -0.02612595889756883
6.0632738214283 -0.020407139513919377
6.126105674500097 -0.0146231433162037
6.188937527571893 -0.008792542002835533
6.2517693806436885 -0.002933957663370549