0.031415926535897934 0.00906936991882408
0.0942477796076938 0.02716635285353405
0.15707963267948966 0.04513833060048969
0.21991148575128552 0.0629028485640508
0.2827433388230814 0.08037876543240488
0.34557519189487723 0.09748675864387803
0.4084070449666731 0.1141498104074677
0.47123889803846897 0.13029366928528383
0.5340707511102649 0.14584728275029232
0.5969026041820606 0.1607431966102338
0.6597344572538566 0.17491791772754423
0.7225663103256523 0.1883122370539747
0.7853981633974483 0.2008715106248858
0.8482300164692442 0.2125458968087766
0.91106186954104 0.22329054876904572
0.9738937226128359 0.23306576175393248
1.0367255756846319 0.24183707547404673
1.0995574287564276 0.2495753324426315
1.1623892818282235 0.2562566937304417
1.2252211349000193 0.2618626141149269
1.2880529879718152 0.2663797790738092
1.350884841043611 0.26980000647935576
1.413716694115407 0.2721201161866586
1.4765485471872026 0.27334177097388335
1.5393804002589986 0.2734712924833565
1.6022122533307945 0.2725194559299687
1.6650441064025903 0.27050126738968977
1.7278759594743862 0.2674357274595577
1.7907078125461822 0.26334558499610433
1.853539665617978 0.2582570844976667
1.9163715186897736 0.2521997105040356
1.9792033717615696 0.24520593215165173
2.0420352248333655 0.23731095075156755
2.104867077905162 0.2285524529582925
2.1676989309769574 0.21897037177789255
2.230530784048753 0.20860665733053102
2.2933626371205493 0.1975050589427243
2.356194490192345 0.18571091980409876
2.4190263432641403 0.17327098508786928
2.4818581963359367 0.16023322410838944
2.5446900494077322 0.14664666677699242
2.607521902479528 0.13256125432227303
2.670353755551324 0.11802770396559906
2.7331856086231197 0.1030973869889575
2.796017461694916 0.08782221940167818
2.8588493147667116 0.07225456420606736
2.9216811678385075 0.05644714408003125
2.9845130209103035 0.04045296313762794
3.047344873982099 0.02432523629608071
3.1101767270538954 0.008117324669988423
3.173008580125691 -0.008117324669988423
3.2358404331974873 -0.02432523629608071
3.2986722862692828 -0.04045296313762794
3.3615041393410787 -0.05644714408003125
3.4243359924128747 -0.07225456420606736
3.48716784548467 -0.08782221940167818
3.549999698556466 -0.10309738698895737
3.612831551628262 -0.11802770396559906
3.675663404700058 -0.13256125432227303
3.7384952577718535 -0.14664666677699234
3.8013271108436495 -0.16023322410838944
3.8641589639154454 -0.17327098508786917
3.9269908169872414 -0.18571091980409876
3.989822670059038 -0.1975050589427245
4.052654523130833 -0.20860665733053102
4.115486376202629 -0.21897037177789255
4.178318229274425 -0.22855245295829274
4.241150082346222 -0.23731095075156777
4.303981935418017 -0.2452059321516518
4.366813788489813 -0.2521997105040356
4.429645641561608 -0.2582570844976667
4.4924774946334045 -0.26334558499610433
4.5553093477052 -0.2674357274595577
4.618141200776996 -0.27050126738968977
4.680973053848792 -0.2725194559299685
4.743804906920587 -0.27347129248335644
4.806636759992383 -0.27334177097388324
4.869468613064179 -0.2721201161866586
4.932300466135976 -0.2698000064793556
4.995132319207771 -0.26637977907380916
5.057964172279567 -0.2618626141149268
5.120796025351362 -0.2562566937304418
5.183627878423159 -0.2495753324426315
5.246459731494955 -0.2418370754740467
5.3092915845667505 -0.23306576175393248
5.372123437638546 -0.22329054876904572
5.434955290710342 -0.21254589680877656
5.497787143782137 -0.20087151062488603
5.560618996853934 -0.18831223705397457
5.62345084992573 -0.17491791772754423
5.686282702997525 -0.1607431966102338
5.749114556069321 -0.14584728275029246
5.811946409141116 -0.130293669285284
5.874778262212914 -0.11414981040746755
5.937610115284709 -0.09748675864387803
6.000441968356505 -0.08037876543240488
6.0632738214283 -0.06290284856405082
6.126105674500097 -0.04513833060048969
6.188937527571893 -0.027166352853533943
6.2517693806436885 -0.00906936991882408