0.031415926535897934 0.009742627844025775
0.0942477796076938 0.029171363362415676
0.15707963267948966 0.048431079627914084
0.21991148575128552 0.06741089356729599
0.2827433388230814 0.08600258968217582
0.34557519189487723 0.10410163325679621
0.4084070449666731 0.12160813049667013
0.47123889803846897 0.13842772155824465
0.5340707511102649 0.1544723933450602
0.5969026041820606 0.1696612001287535
0.6597344572538566 0.18392088152065872
0.7225663103256523 0.19718636907585727
0.7853981633974483 0.20940117484353327
0.8482300164692442 0.22051765745321802
0.91106186954104 0.23049716379371943
0.9738937226128359 0.23931004692964114
1.0367255756846319 0.24693556352397542
1.0995574287564276 0.2533616565993958
1.1623892818282235 0.2585846318776333
1.2252211349000193 0.2626087380915998
1.2880529879718152 0.2654456634853256
1.350884841043611 0.26711396213526495
1.413716694115407 0.26763842469704363
1.4765485471872026 0.26704940868162447
1.5393804002589986 0.2653821433957571
1.6022122533307945 0.2626760242679384
1.6650441064025903 0.25897391046757884
1.7278759594743862 0.2543214385721706
1.7907078125461822 0.24876636361661084
1.853539665617978 0.2423579372478761
1.9163715186897736 0.2351463309852059
1.9792033717615696 0.22718211082538076
2.0420352248333655 0.2185157677017555
2.104867077905162 0.20919730666158928
2.1676989309769574 0.19927589611434945
2.230530784048753 0.18879957715718143
2.2933626371205493 0.1778150318235767
2.356194490192345 0.16636740813710846
2.4190263432641403 0.154500199083698
2.4818581963359367 0.14225517203478955
2.5446900494077322 0.129672344745174
2.607521902479528 0.11679000379355363
2.670353755551324 0.10364476120892784
2.7331856086231197 0.09027164500765969
2.796017461694916 0.07670421943067773
2.8588493147667116 0.06297473079447236
2.9216811678385075 0.049114275031704235
2.9845130209103035 0.03515298317779019
3.047344873982099 0.02112022124158808
3.1101767270538954 0.00704480106672109
3.173008580125691 -0.00704480106672109
3.2358404331974873 -0.02112022124158808
3.2986722862692828 -0.03515298317779019
3.3615041393410787 -0.049114275031704235
3.4243359924128747 -0.06297473079447236
3.48716784548467 -0.07670421943067773
3.549999698556466 -0.09027164500765969
3.612831551628262 -0.10364476120892784
3.675663404700058 -0.11679000379355363
3.7384952577718535 -0.12967234474517395
3.8013271108436495 -0.14225517203478955
3.8641589639154454 -0.1545001990836978
3.9269908169872414 -0.16636740813710846
3.989822670059038 -0.1778150318235768
4.052654523130833 -0.18879957715718143
4.115486376202629 -0.19927589611434945
4.178318229274425 -0.2091973066615895
4.241150082346222 -0.21851576770175563
4.303981935418017 -0.22718211082538084
4.366813788489813 -0.2351463309852059
4.429645641561608 -0.2423579372478761
4.4924774946334045 -0.24876636361661075
4.5553093477052 -0.2543214385721706
4.618141200776996 -0.25897391046757895
4.680973053848792 -0.2626760242679383
4.743804906920587 -0.2653821433957571
4.806636759992383 -0.2670494086816246
4.869468613064179 -0.26763842469704363
4.932300466135976 -0.26711396213526495
4.995132319207771 -0.26544566348532567
5.057964172279567 -0.2626087380915999
5.120796025351362 -0.25858463187763325
5.183627878423159 -0.2533616565993958
5.246459731494955 -0.24693556352397522
5.3092915845667505 -0.23931004692964114
5.372123437638546 -0.23049716379371943
5.434955290710342 -0.22051765745321802
5.497787143782137 -0.2094011748435334
5.560618996853934 -0.19718636907585713
5.62345084992573 -0.18392088152065872
5.686282702997525 -0.1696612001287535
5.749114556069321 -0.15447239334506035
5.811946409141116 -0.13842772155824487
5.874778262212914 -0.12160813049667
5.937610115284709 -0.10410163325679621
6.000441968356505 -0.08600258968217582
6.0632738214283 -0.06741089356729611
6.126105674500097 -0.048431079627914084
6.188937527571893 -0.029171363362415544
6.2517693806436885 -0.009742627844025775