0.031415926535897934 0.00859165061872225
0.0942477796076938 0.025713482808101783
0.15707963267948966 0.04265173765861836
0.21991148575128552 0.05928677808570675
0.2827433388230814 0.07550302545747609
0.34557519189487723 0.0911904581625812
0.4084070449666731 0.10624598932769404
0.47123889803846897 0.12057469476678047
0.5340707511102649 0.13409086634615658
0.5969026041820606 0.1467188708119695
0.6597344572538566 0.15839379962419048
0.7225663103256523 0.1690619013049674
0.7853981633974483 0.17868079403119586
0.8482300164692442 0.18721946244206655
0.91106186954104 0.19465804863529407
0.9738937226128359 0.20098745283421218
1.0367255756846319 0.20620876398522764
1.0995574287564276 0.21033254439326562
1.1623892818282235 0.21337799527826096
1.2252211349000193 0.21537203175998182
1.2880529879718152 0.21634829624256469
1.350884841043611 0.21634613853248888
1.413716694115407 0.21540958940194585
1.4765485471872026 0.21358635186776354
1.5393804002589986 0.21092683138905458
1.6022122533307945 0.20748322270351427
1.6650441064025903 0.20330866732989206
1.7278759594743862 0.19845649205428567
1.7907078125461822 0.1929795351562891
1.853539665617978 0.1869295638507553
1.9163715186897736 0.18035678351926412
1.9792033717615696 0.17330943684384034
2.0420352248333655 0.1658334889625756
2.104867077905162 0.15797239324262127
2.1676989309769574 0.14976693118770948
2.230530784048753 0.14125511932520557
2.2933626371205493 0.1324721756008531
2.356194490192345 0.123450537791051
2.4190263432641403 0.1142199266643203
2.4818581963359367 0.10480744702898175
2.5446900494077322 0.0952377203405991
2.607521902479528 0.08553304316384508
2.670353755551324 0.07571356644911223
2.7331856086231197 0.0657974912611547
2.796017461694916 0.05580127725860271
2.8588493147667116 0.045739860848563095
2.9216811678385075 0.035626880514113626
2.9845130209103035 0.02547490732312137
3.047344873982099 0.015295679066684298
3.1101767270538954 0.0051003368395919945
3.173008580125691 -0.0051003368395919945
3.2358404331974873 -0.015295679066684298
3.2986722862692828 -0.02547490732312137
3.3615041393410787 -0.035626880514113626
3.4243359924128747 -0.045739860848563095
3.48716784548467 -0.05580127725860271
3.549999698556466 -0.06579749126115456
3.612831551628262 -0.07571356644911223
3.675663404700058 -0.08553304316384508
3.7384952577718535 -0.09523772034059905
3.8013271108436495 -0.10480744702898175
3.8641589639154454 -0.11421992666432028
3.9269908169872414 -0.123450537791051
3.989822670059038 -0.1324721756008531
4.052654523130833 -0.14125511932520557
4.115486376202629 -0.14976693118770948
4.178318229274425 -0.15797239324262152
4.241150082346222 -0.16583348896257574
4.303981935418017 -0.17330943684384043
4.366813788489813 -0.18035678351926412
4.429645641561608 -0.18692956385075524
4.4924774946334045 -0.19297953515628904
4.5553093477052 -0.19845649205428567
4.618141200776996 -0.20330866732989206
4.680973053848792 -0.20748322270351427
4.743804906920587 -0.21092683138905458
4.806636759992383 -0.2135863518677634
4.869468613064179 -0.21540958940194585
4.932300466135976 -0.21634613853248888
4.995132319207771 -0.21634829624256469
5.057964172279567 -0.21537203175998182
5.120796025351362 -0.21337799527826087
5.183627878423159 -0.21033254439326562
5.246459731494955 -0.20620876398522747
5.3092915845667505 -0.20098745283421218
5.372123437638546 -0.19465804863529407
5.434955290710342 -0.18721946244206655
5.497787143782137 -0.17868079403119602
5.560618996853934 -0.1690619013049674
5.62345084992573 -0.15839379962419048
5.686282702997525 -0.1467188708119695
5.749114556069321 -0.13409086634615675
5.811946409141116 -0.12057469476678061
5.874778262212914 -0.10624598932769393
5.937610115284709 -0.0911904581625812
6.000441968356505 -0.07550302545747609
6.0632738214283 -0.05928677808570688
6.126105674500097 -0.04265173765861836
6.188937527571893 -0.025713482808101568
6.2517693806436885 -0.00859165061872225