0.031415926535897934 0.007117392913513297
0.0942477796076938 0.021323380327171557
0.15707963267948966 0.035443100351862794
0.21991148575128552 0.049419466726300675
0.2827433388230814 0.06319602826217599
0.34557519189487723 0.07671721707090165
0.4084070449666731 0.08992859109314344
0.47123889803846897 0.10277706945029053
0.5340707511102649 0.11521115924140685
0.5969026041820606 0.1271811725306082
0.6597344572538566 0.13863943240488913
0.7225663103256523 0.1495404671275446
0.7853981633974483 0.15984119156370108
0.8482300164692442 0.16950107520825103
0.91106186954104 0.1784822962989476
0.9738937226128359 0.18674988164504927
1.0367255756846319 0.19427183194152256
1.0995574287564276 0.20101923246764944
1.1623892818282235 0.2069663491846783
1.2252211349000193 0.2120907103481799
1.2880529879718152 0.2163731738358838
1.350884841043611 0.21979798046040258
1.413716694115407 0.22235279358843946
1.4765485471872026 0.22402872542436475
1.5393804002589986 0.2248203503374978
1.6022122533307945 0.22472570562053684
1.6650441064025903 0.22374628006320108
1.7278759594743862 0.22188699071239049
1.7907078125461822 0.2191561481703942
1.853539665617978 0.21556541075827582
1.9163715186897736 0.21112972784500308
1.9792033717615696 0.20586727261653553
2.0420352248333655 0.19979936453514666
2.104867077905162 0.19295038171976706
2.1676989309769574 0.1853476634647739
2.230530784048753 0.1770214031088334
2.2933626371205493 0.16800453146811758
2.356194490192345 0.15833259106007377
2.4190263432641403 0.14804360136513062
2.4818581963359367 0.13717791540404684
2.5446900494077322 0.12577806794746
2.607521902479528 0.11388861572056308
2.670353755551324 0.10155597001846553
2.7331856086231197 0.08882822220506287
2.796017461694916 0.07575496262838256
2.8588493147667116 0.06238709354645662
2.9216811678385075 0.048776636717761515
2.9845130209103035 0.03497653636721085
3.047344873982099 0.02104045829060737
3.1101767270538954 0.007022585905638587
3.173008580125691 -0.007022585905638587
3.2358404331974873 -0.02104045829060737
3.2986722862692828 -0.03497653636721085
3.3615041393410787 -0.048776636717761515
3.4243359924128747 -0.06238709354645662
3.48716784548467 -0.07575496262838256
3.549999698556466 -0.08882822220506276
3.612831551628262 -0.10155597001846553
3.675663404700058 -0.11388861572056308
3.7384952577718535 -0.1257780679474599
3.8013271108436495 -0.13717791540404684
3.8641589639154454 -0.1480436013651305
3.9269908169872414 -0.15833259106007377
3.989822670059038 -0.16800453146811775
4.052654523130833 -0.1770214031088334
4.115486376202629 -0.1853476634647739
4.178318229274425 -0.19295038171976708
4.241150082346222 -0.19979936453514666
4.303981935418017 -0.20586727261653553
4.366813788489813 -0.21112972784500308
4.429645641561608 -0.21556541075827573
4.4924774946334045 -0.2191561481703942
4.5553093477052 -0.22188699071239049
4.618141200776996 -0.22374628006320119
4.680973053848792 -0.22472570562053684
4.743804906920587 -0.2248203503374978
4.806636759992383 -0.22402872542436478
4.869468613064179 -0.22235279358843946
4.932300466135976 -0.21979798046040253
4.995132319207771 -0.2163731738358838
5.057964172279567 -0.21209071034817994
5.120796025351362 -0.20696634918467824
5.183627878423159 -0.20101923246764944
5.246459731494955 -0.1942718319415225
5.3092915845667505 -0.18674988164504927
5.372123437638546 -0.1784822962989476
5.434955290710342 -0.16950107520825114
5.497787143782137 -0.15984119156370122
5.560618996853934 -0.14954046712754449
5.62345084992573 -0.13863943240488913
5.686282702997525 -0.1271811725306082
5.749114556069321 -0.11521115924140685
5.811946409141116 -0.1027770694502908
5.874778262212914 -0.08992859109314326
5.937610115284709 -0.07671721707090165
6.000441968356505 -0.06319602826217599
6.0632738214283 -0.049419466726300675
6.126105674500097 -0.035443100351862794
6.188937527571893 -0.021323380327171442
6.2517693806436885 -0.007117392913513297