0.031415926535897934 0.007092930603033263
0.0942477796076938 0.0212577441261953
0.15707963267948966 0.0353594384719656
0.21991148575128552 0.04935601334667873
0.2827433388230814 0.06320558577622822
0.34557519189487723 0.07686643430178958
0.4084070449666731 0.09029704068033877
0.47123889803846897 0.10345612870929442
0.5340707511102649 0.1163027000331361
0.5969026041820606 0.12879606706983324
0.6597344572538566 0.14089588350979076
0.7225663103256523 0.15256217318229554
0.7853981633974483 0.16375535844578484
0.8482300164692442 0.17443628962948565
0.91106186954104 0.18456627742508677
0.9738937226128359 0.1941071304872625
1.0367255756846319 0.20302120083920375
1.0995574287564276 0.21127143998098738
1.1623892818282235 0.2188214688505014
1.2252211349000193 0.225635664973375
1.2880529879718152 0.2316792702432157
1.350884841043611 0.23691852277834732
1.413716694115407 0.24132081618706175
1.4765485471872026 0.24485488932024066
1.5393804002589986 0.2474910491782284
1.6022122533307945 0.24920142904909962
1.6650441064025903 0.24996028317146898
1.7278759594743862 0.24974431822426568
1.7907078125461822 0.248533060742337
1.853539665617978 0.24630925814291635
1.9163715186897736 0.24305930943790663
1.9792033717615696 0.23877371992865765
2.0420352248333655 0.23344757227804863
2.104867077905162 0.22708100439209514
2.1676989309769574 0.21967968260200868
2.230530784048753 0.21125525681811785
2.2933626371205493 0.20182578274583196
2.356194490192345 0.19141609503869791
2.4190263432641403 0.18005811454676116
2.4818581963359367 0.1677910727270805
2.5446900494077322 0.15466163692844237
2.607521902479528 0.14072392172668277
2.670353755551324 0.1260393738123476
2.7331856086231197 0.11067652110862079
2.796017461694916 0.09471058075449863
2.8588493147667116 0.0782229251923634
2.9216811678385075 0.06130041065502146
2.9845130209103035 0.044034577606286554
3.047344873982099 0.026520737864187297
3.1101767270538954 0.00885696792176589
3.173008580125691 -0.00885696792176589
3.2358404331974873 -0.026520737864187297
3.2986722862692828 -0.044034577606286554
3.3615041393410787 -0.06130041065502146
3.4243359924128747 -0.0782229251923634
3.48716784548467 -0.09471058075449863
3.549999698556466 -0.11067652110862071
3.612831551628262 -0.1260393738123476
3.675663404700058 -0.14072392172668277
3.7384952577718535 -0.15466163692844231
3.8013271108436495 -0.1677910727270805
3.8641589639154454 -0.18005811454676102
3.9269908169872414 -0.19141609503869791
3.989822670059038 -0.20182578274583204
4.052654523130833 -0.21125525681811785
4.115486376202629 -0.21967968260200868
4.178318229274425 -0.22708100439209533
4.241150082346222 -0.2334475722780487
4.303981935418017 -0.2387737199286577
4.366813788489813 -0.24305930943790663
4.429645641561608 -0.2463092581429163
4.4924774946334045 -0.248533060742337
4.5553093477052 -0.24974431822426568
4.618141200776996 -0.24996028317146898
4.680973053848792 -0.24920142904909973
4.743804906920587 -0.24749104917822834
4.806636759992383 -0.2448548893202407
4.869468613064179 -0.24132081618706175
4.932300466135976 -0.23691852277834732
4.995132319207771 -0.2316792702432157
5.057964172279567 -0.2256356649733752
5.120796025351362 -0.21882146885050138
5.183627878423159 -0.21127143998098738
5.246459731494955 -0.2030212008392037
5.3092915845667505 -0.1941071304872625
5.372123437638546 -0.18456627742508677
5.434955290710342 -0.1744362896294855
5.497787143782137 -0.16375535844578504
5.560618996853934 -0.1525621731822953
5.62345084992573 -0.14089588350979076
5.686282702997525 -0.12879606706983324
5.749114556069321 -0.11630270003313611
5.811946409141116 -0.10345612870929456
5.874778262212914 -0.09029704068033877
5.937610115284709 -0.07686643430178958
6.000441968356505 -0.06320558577622822
6.0632738214283 -0.04935601334667892
6.126105674500097 -0.0353594384719656
6.188937527571893 -0.021257744126195112
6.2517693806436885 -0.007092930603033263