0.031415926535897934 0.0028257513622679795
0.0942477796076938 0.00846688414189196
0.15707963267948966 0.014076937296683228
0.21991148575128552 0.01963529177372981
0.2827433388230814 0.025121479555884674
0.34557519189487723 0.030515244055763325
0.4084070449666731 0.03579660048717545
0.47123889803846897 0.04094589620398147
0.5340707511102649 0.04594387099313208
0.5969026041820606 0.05077171730407838
0.6597344572538566 0.05541114039054078
0.7225663103256523 0.05984441833242691
0.7853981633974483 0.06405446189516492
0.8482300164692442 0.06802487417052074
0.91106186954104 0.071740009926802
0.9738937226128359 0.07518503457696776
1.0367255756846319 0.0783459826503947
1.0995574287564276 0.08120981562780703
1.1623892818282235 0.08376447896921743
1.2252211349000193 0.08599895813179569
1.2880529879718152 0.08790333333872148
1.350884841043611 0.08946883282174113
1.413716694115407 0.090687884220006
1.4765485471872026 0.09155416377660529
1.5393804002589986 0.09206264293303237
1.6022122533307945 0.09220963188174829
1.6650441064025903 0.09199281959933214
1.7278759594743862 0.09141130984881668
1.7907078125461822 0.09046565261118326
1.853539665617978 0.08915787038416002
1.9163715186897736 0.08749147877294762
1.9792033717615696 0.08547150079377193
2.0420352248333655 0.08310447431856917
2.104867077905162 0.08039845210884955
2.1676989309769574 0.07736299391980031
2.230530784048753 0.0740091502026351
2.2933626371205493 0.07034943699437182
2.356194490192345 0.0663978016595491
2.4190263432641403 0.062169579237311874
2.4818581963359367 0.05768143924885384
2.5446900494077322 0.052951322932914206
2.607521902479528 0.047998370998998376
2.670353755551324 0.04284284211688266
2.7331856086231197 0.037506022494070465
2.796017461694916 0.03201012702718443
2.8588493147667116 0.026378192645589424
2.9216811678385075 0.020633964592502056
2.9845130209103035 0.014801776507152434
3.047344873982099 0.008906425277986267
3.1101767270538954 0.0029730417285041876
3.173008580125691 -0.0029730417285041876
3.2358404331974873 -0.008906425277986267
3.2986722862692828 -0.014801776507152434
3.3615041393410787 -0.020633964592502056
3.4243359924128747 -0.026378192645589424
3.48716784548467 -0.03201012702718443
3.549999698556466 -0.037506022494070465
3.612831551628262 -0.04284284211688266
3.675663404700058 -0.047998370998998376
3.7384952577718535 -0.052951322932914206
3.8013271108436495 -0.05768143924885384
3.8641589639154454 -0.062169579237311874
3.9269908169872414 -0.0663978016595491
3.989822670059038 -0.07034943699437181
4.052654523130833 -0.0740091502026351
4.115486376202629 -0.07736299391980031
4.178318229274425 -0.08039845210884955
4.241150082346222 -0.08310447431856931
4.303981935418017 -0.08547150079377193
4.366813788489813 -0.08749147877294762
4.429645641561608 -0.08915787038416002
4.4924774946334045 -0.09046565261118317
4.5553093477052 -0.09141130984881668
4.618141200776996 -0.09199281959933214
4.680973053848792 -0.09220963188174829
4.743804906920587 -0.0920626429330324
4.806636759992383 -0.0915541637766052
4.869468613064179 -0.090687884220006
4.932300466135976 -0.08946883282174113
4.995132319207771 -0.08790333333872148
5.057964172279567 -0.08599895813179584
5.120796025351362 -0.08376447896921743
5.183627878423159 -0.08120981562780703
5.246459731494955 -0.0783459826503947
5.3092915845667505 -0.07518503457696776
5.372123437638546 -0.071740009926802
5.434955290710342 -0.06802487417052074
5.497787143782137 -0.064054461895165
5.560618996853934 -0.059844418332426846
5.62345084992573 -0.05541114039054078
5.686282702997525 -0.05077171730407838
5.749114556069321 -0.04594387099313208
5.811946409141116 -0.04094589620398154
5.874778262212914 -0.03579660048717545
5.937610115284709 -0.030515244055763325
6.000441968356505 -0.025121479555884674
6.0632738214283 -0.01963529177372987
6.126105674500097 -0.014076937296683228
6.188937527571893 -0.008466884141891895
6.2517693806436885 -0.0028257513622679795