0.031415926535897934 0.005844601923766956
0.0942477796076938 0.01751590294185684
0.15707963267948966 0.029133517190343447
0.21991148575128552 0.04066172572567784
0.2827433388230814 0.05206491741819805
0.34557519189487723 0.0633076310616542
0.4084070449666731 0.07435459661609431
0.47123889803846897 0.0851707755455474
0.5340707511102649 0.09572140036117172
0.5969026041820606 0.10597201365465288
0.6597344572538566 0.11588850710087706
0.7225663103256523 0.1254371611177381
0.7853981633974483 0.1345846860881433
0.8482300164692442 0.14329826626800554
0.91106186954104 0.1515456077166974
0.9738937226128359 0.1592949917849704
1.0367255756846319 0.1665153358709308
1.0995574287564276 0.1731762632979387
1.1623892818282235 0.17924818426932015
1.2252211349000193 0.18470238990308968
1.2880529879718152 0.18951116133464777
1.350884841043611 0.19364789578559524
1.413716694115407 0.19708725132148303
1.4765485471872026 0.19980531175009442
1.5393804002589986 0.20177977273542835
1.6022122533307945 0.20299014971347926
1.6650441064025903 0.2034180075894018
1.7278759594743862 0.20304721147073507
1.7907078125461822 0.20186419685194046
1.853539665617978 0.19985825672156393
1.9163715186897736 0.19702184203215015
1.9792033717615696 0.19335087088012745
2.0420352248333655 0.1888450406227257
2.104867077905162 0.1835081360552618
2.1676989309769574 0.17734832573721754
2.230530784048753 0.170378437649399
2.2933626371205493 0.1626162046523239
2.356194490192345 0.15408446976524046
2.4190263432641403 0.14481134116119135
2.4818581963359367 0.13483028703461714
2.5446900494077322 0.12418016118989367
2.607521902479528 0.1129051513494581
2.670353755551324 0.10105464379280865
2.7331856086231197 0.08868299998908098
2.796017461694916 0.07584924332228041
2.8588493147667116 0.06261665674537013
2.9216811678385075 0.049052295124955375
2.9845130209103035 0.03522641901711073
3.047344873982099 0.02121185949673718
3.1101767270538954 0.007083326292463403
3.173008580125691 -0.007083326292463403
3.2358404331974873 -0.02121185949673718
3.2986722862692828 -0.03522641901711073
3.3615041393410787 -0.049052295124955375
3.4243359924128747 -0.06261665674537013
3.48716784548467 -0.07584924332228041
3.549999698556466 -0.08868299998908098
3.612831551628262 -0.10105464379280865
3.675663404700058 -0.1129051513494581
3.7384952577718535 -0.12418016118989367
3.8013271108436495 -0.13483028703461714
3.8641589639154454 -0.14481134116119135
3.9269908169872414 -0.15408446976524046
3.989822670059038 -0.16261620465232407
4.052654523130833 -0.170378437649399
4.115486376202629 -0.17734832573721754
4.178318229274425 -0.18350813605526173
4.241150082346222 -0.18884504062272583
4.303981935418017 -0.19335087088012742
4.366813788489813 -0.19702184203215015
4.429645641561608 -0.1998582567215639
4.4924774946334045 -0.2018641968519404
4.5553093477052 -0.20304721147073507
4.618141200776996 -0.2034180075894018
4.680973053848792 -0.20299014971347926
4.743804906920587 -0.20177977273542835
4.806636759992383 -0.19980531175009447
4.869468613064179 -0.19708725132148303
4.932300466135976 -0.19364789578559505
4.995132319207771 -0.18951116133464777
5.057964172279567 -0.18470238990308963
5.120796025351362 -0.1792481842693202
5.183627878423159 -0.1731762632979387
5.246459731494955 -0.16651533587093062
5.3092915845667505 -0.1592949917849704
5.372123437638546 -0.1515456077166974
5.434955290710342 -0.14329826626800557
5.497787143782137 -0.13458468608814342
5.560618996853934 -0.1254371611177381
5.62345084992573 -0.11588850710087706
5.686282702997525 -0.10597201365465288
5.749114556069321 -0.09572140036117185
5.811946409141116 -0.0851707755455475
5.874778262212914 -0.0743545966160942
5.937610115284709 -0.0633076310616542
6.000441968356505 -0.05206491741819805
6.0632738214283 -0.04066172572567795
6.126105674500097 -0.029133517190343447
6.188937527571893 -0.017515902941856624
6.2517693806436885 -0.005844601923766956