0.031415926535897934 0.004827582789730038
0.0942477796076938 0.01446923788914358
0.15707963267948966 0.024070359779402556
0.21991148575128552 0.033603920501848475
0.2827433388230814 0.04304288365185546
0.34557519189487723 0.05236020160786753
0.4084070449666731 0.06152881346443309
0.47123889803846897 0.07052164400646982
0.5340707511102649 0.07931160416077146
0.5969026041820606 0.08787159347773449
0.6597344572538566 0.09617450532907809
0.7225663103256523 0.10419323565302072
0.7853981633974483 0.11190069623343113
0.8482300164692442 0.11926983365964011
0.91106186954104 0.12627365527388507
0.9738937226128359 0.13288526356787483
1.0367255756846319 0.1390779006318533
1.0995574287564276 0.14482500438094323
1.1623892818282235 0.15010027837548262
1.2252211349000193 0.15487777710443704
1.2880529879718152 0.1591320086026903
1.350884841043611 0.16283805621200662
1.413716694115407 0.1659717211590935
1.4765485471872026 0.16850968739953137
1.5393804002589986 0.17042970985084221
1.6022122533307945 0.1717108267002138
1.6650441064025903 0.172333595913087
1.7278759594743862 0.17228035538198724
1.7907078125461822 0.17153550533939121
1.853539665617978 0.1700858107190341
1.9163715186897736 0.16792072009963835
1.9792033717615696 0.16503269672555074
2.0420352248333655 0.16141755590261236
2.104867077905162 0.15707480185830527
2.1676989309769574 0.15200795598752936
2.230530784048753 0.14622486734426435
2.2933626371205493 0.13973799535812081
2.356194490192345 0.13256465413158186
2.4190263432641403 0.12472720738716353
2.4818581963359367 0.11625320325694813
2.5446900494077322 0.10717543870103248
2.607521902479528 0.09753194444825974
2.670353755551324 0.08736588298798856
2.7331856086231197 0.07672535428949329
2.796017461694916 0.06566310653397851
2.8588493147667116 0.05423615212400028
2.9216811678385075 0.04250529246209463
2.9845130209103035 0.03053455831082654
3.047344873982099 0.018390575785943483
3.1101767270538954 0.0061418710101456804
3.173008580125691 -0.0061418710101456804
3.2358404331974873 -0.018390575785943483
3.2986722862692828 -0.03053455831082654
3.3615041393410787 -0.04250529246209463
3.4243359924128747 -0.05423615212400028
3.48716784548467 -0.06566310653397851
3.549999698556466 -0.0767253542894932
3.612831551628262 -0.08736588298798856
3.675663404700058 -0.09753194444825974
3.7384952577718535 -0.10717543870103237
3.8013271108436495 -0.11625320325694813
3.8641589639154454 -0.12472720738716357
3.9269908169872414 -0.13256465413158186
3.989822670059038 -0.13973799535812084
4.052654523130833 -0.14622486734426435
4.115486376202629 -0.15200795598752936
4.178318229274425 -0.1570748018583053
4.241150082346222 -0.16141755590261242
4.303981935418017 -0.16503269672555082
4.366813788489813 -0.16792072009963835
4.429645641561608 -0.17008581071903395
4.4924774946334045 -0.17153550533939121
4.5553093477052 -0.17228035538198724
4.618141200776996 -0.17233359591308706
4.680973053848792 -0.17171082670021376
4.743804906920587 -0.17042970985084224
4.806636759992383 -0.1685096873995314
4.869468613064179 -0.1659717211590935
4.932300466135976 -0.16283805621200662
4.995132319207771 -0.15913200860269033
5.057964172279567 -0.15487777710443704
5.120796025351362 -0.15010027837548262
5.183627878423159 -0.14482500438094323
5.246459731494955 -0.13907790063185313
5.3092915845667505 -0.13288526356787483
5.372123437638546 -0.12627365527388507
5.434955290710342 -0.11926983365964014
5.497787143782137 -0.11190069623343123
5.560618996853934 -0.10419323565302072
5.62345084992573 -0.09617450532907809
5.686282702997525 -0.08787159347773449
5.749114556069321 -0.07931160416077154
5.811946409141116 -0.0705216440064699
5.874778262212914 -0.06152881346443307
5.937610115284709 -0.05236020160786753
6.000441968356505 -0.04304288365185546
6.0632738214283 -0.03360392050184848
6.126105674500097 -0.024070359779402556
6.188937527571893 -0.014469237889143513
6.2517693806436885 -0.004827582789730038