0.031415926535897934 0.006855280274910605
0.0942477796076938 0.02054568407625718
0.15707963267948966 0.03417563310287612
0.21991148575128552 0.04770487556963897
0.2827433388230814 0.06109323621205421
0.34557519189487723 0.07430064582034285
0.4084070449666731 0.08728716988105452
0.47123889803846897 0.10001303632636865
0.5340707511102649 0.11243866257484715
0.5969026041820606 0.12452468226329787
0.6597344572538566 0.1362319723125898
0.7225663103256523 0.14752168123484108
0.7853981633974483 0.15835525986869364
0.8482300164692442 0.1686944960157604
0.91106186954104 0.17850155473629606
0.9738937226128359 0.1877390263361751
1.0367255756846319 0.196369984329822
1.0995574287564276 0.20435805588311914
1.1623892818282235 0.211667507413659
1.2252211349000193 0.21826334813888992
1.2880529879718152 0.22411145440050564
1.350884841043611 0.2291787175395775
1.413716694115407 0.23343321793450672
1.4765485471872026 0.2368444275257368
1.5393804002589986 0.23938344272073694
1.6022122533307945 0.24102324898500938
1.6650441064025903 0.24173901766757405
1.7278759594743862 0.24150843467477368
1.7907078125461822 0.24031205949280285
1.853539665617978 0.23813371177390436
1.9163715186897736 0.23496088126088227
1.9792033717615696 0.2307851552591066
2.0420352248333655 0.22560265621823086
2.104867077905162 0.2194144803162852
2.1676989309769574 0.21222712632077853
2.230530784048753 0.20405290252323038
2.2933626371205493 0.19491029830491982
2.356194490192345 0.18482430599943986
2.4190263432641403 0.1738266782796029
2.4818581963359367 0.16195610641311095
2.5446900494077322 0.1492583054878072
2.607521902479528 0.1357859941620203
2.670353755551324 0.12159875867190972
2.7331856086231197 0.10676279370569175
2.796017461694916 0.09135051626506181
2.8588493147667116 0.0754400526568394
2.9216811678385075 0.05911460312428566
2.9845130209103035 0.04246169312826273
3.047344873982099 0.025572324685434137
3.1101767270538954 0.008540045214161669
3.173008580125691 -0.008540045214161669
3.2358404331974873 -0.025572324685434137
3.2986722862692828 -0.04246169312826273
3.3615041393410787 -0.05911460312428566
3.4243359924128747 -0.0754400526568394
3.48716784548467 -0.09135051626506181
3.549999698556466 -0.1067627937056916
3.612831551628262 -0.12159875867190972
3.675663404700058 -0.1357859941620203
3.7384952577718535 -0.14925830548780705
3.8013271108436495 -0.16195610641311095
3.8641589639154454 -0.17382667827960283
3.9269908169872414 -0.18482430599943986
3.989822670059038 -0.19491029830492004
4.052654523130833 -0.20405290252323038
4.115486376202629 -0.21222712632077853
4.178318229274425 -0.21941448031628533
4.241150082346222 -0.22560265621823097
4.303981935418017 -0.23078515525910664
4.366813788489813 -0.23496088126088227
4.429645641561608 -0.23813371177390427
4.4924774946334045 -0.24031205949280282
4.5553093477052 -0.24150843467477368
4.618141200776996 -0.2417390176675741
4.680973053848792 -0.2410232489850095
4.743804906920587 -0.23938344272073694
4.806636759992383 -0.23684442752573676
4.869468613064179 -0.23343321793450672
4.932300466135976 -0.2291787175395774
4.995132319207771 -0.22411145440050564
5.057964172279567 -0.21826334813889
5.120796025351362 -0.211667507413659
5.183627878423159 -0.20435805588311914
5.246459731494955 -0.19636998432982194
5.3092915845667505 -0.1877390263361751
5.372123437638546 -0.17850155473629606
5.434955290710342 -0.16869449601576045
5.497787143782137 -0.15835525986869375
5.560618996853934 -0.14752168123484097
5.62345084992573 -0.1362319723125898
5.686282702997525 -0.12452468226329787
5.749114556069321 -0.11243866257484729
5.811946409141116 -0.10001303632636888
5.874778262212914 -0.08728716988105438
5.937610115284709 -0.07430064582034285
6.000441968356505 -0.06109323621205421
6.0632738214283 -0.0477048755696391
6.126105674500097 -0.03417563310287612
6.188937527571893 -0.020545684076257106
6.2517693806436885 -0.006855280274910605