0.031415926535897934 0.009166521897621216
0.0942477796076938 0.027449176432087424
0.15707963267948966 0.04558110343193624
0.21991148575128552 0.06346327962540915
0.2827433388230814 0.0809988543307227
0.34557519189487723 0.09809397862570571
0.4084070449666731 0.11465859514844963
0.47123889803846897 0.1306071780221143
0.5340707511102649 0.1458594130018427
0.5969026041820606 0.16034080872491688
0.6597344572538566 0.17398323092041246
0.7225663103256523 0.18672535260795142
0.7853981633974483 0.19851301468306257
0.8482300164692442 0.2092994928335513
0.91106186954104 0.21904566842887546
0.9738937226128359 0.22772010283220098
1.0367255756846319 0.2352990164512193
1.0995574287564276 0.2417661757096348
1.1623892818282235 0.24711269292267454
1.2252211349000193 0.25133674573288456
1.2880529879718152 0.25444322424658433
1.350884841043611 0.2564433152541083
1.413716694115407 0.2573540338770237
1.4765485471872026 0.25719771363507676
1.5393804002589986 0.2560014662518325
1.6022122533307945 0.25379662252322743
1.6650441064025903 0.25061816527422753
1.7278759594743862 0.24650416485480955
1.7907078125461822 0.24149522681688507
1.853539665617978 0.23563396041505147
1.9163715186897736 0.22896447543660822
1.9792033717615696 0.22153191364142985
2.0420352248333655 0.21338201982950541
2.104867077905162 0.20456075629841974
2.1676989309769574 0.19511396324408764
2.230530784048753 0.18508706652770673
2.2933626371205493 0.17452483320461848
2.356194490192345 0.16347117430312416
2.4190263432641403 0.1519689935625247
2.4818581963359367 0.14006008019223998
2.5446900494077322 0.1277850431946122
2.607521902479528 0.11518328439501511
2.670353755551324 0.10229300703280014
2.7331856086231197 0.08915125657150674
2.796017461694916 0.07579399027138817
2.8588493147667116 0.062256172015775026
2.9216811678385075 0.04857188887945241
2.9845130209103035 0.034774485957233606
3.047344873982099 0.020896716020669222
3.1101767270538954 0.006970900628454871
3.173008580125691 -0.006970900628454871
3.2358404331974873 -0.020896716020669222
3.2986722862692828 -0.034774485957233606
3.3615041393410787 -0.04857188887945241
3.4243359924128747 -0.062256172015775026
3.48716784548467 -0.07579399027138817
3.549999698556466 -0.08915125657150669
3.612831551628262 -0.10229300703280014
3.675663404700058 -0.11518328439501511
3.7384952577718535 -0.12778504319461206
3.8013271108436495 -0.14006008019223998
3.8641589639154454 -0.15196899356252463
3.9269908169872414 -0.16347117430312416
3.989822670059038 -0.17452483320461853
4.052654523130833 -0.18508706652770673
4.115486376202629 -0.19511396324408764
4.178318229274425 -0.2045607562984199
4.241150082346222 -0.21338201982950555
4.303981935418017 -0.22153191364143002
4.366813788489813 -0.22896447543660822
4.429645641561608 -0.23563396041505147
4.4924774946334045 -0.24149522681688507
4.5553093477052 -0.24650416485480955
4.618141200776996 -0.25061816527422753
4.680973053848792 -0.25379662252322754
4.743804906920587 -0.25600146625183245
4.806636759992383 -0.2571977136350767
4.869468613064179 -0.2573540338770237
4.932300466135976 -0.25644331525410835
4.995132319207771 -0.25444322424658433
5.057964172279567 -0.25133674573288456
5.120796025351362 -0.2471126929226745
5.183627878423159 -0.2417661757096348
5.246459731494955 -0.23529901645121912
5.3092915845667505 -0.22772010283220098
5.372123437638546 -0.21904566842887546
5.434955290710342 -0.20929949283355134
5.497787143782137 -0.19851301468306276
5.560618996853934 -0.1867253526079514
5.62345084992573 -0.17398323092041246
5.686282702997525 -0.16034080872491688
5.749114556069321 -0.14585941300184282
5.811946409141116 -0.13060717802211455
5.874778262212914 -0.1146585951484495
5.937610115284709 -0.09809397862570571
6.000441968356505 -0.0809988543307227
6.0632738214283 -0.06346327962540924
6.126105674500097 -0.04558110343193624
6.188937527571893 -0.02744917643208732
6.2517693806436885 -0.009166521897621216