0.031415926535897934 0.002950093946373082
0.0942477796076938 0.008837161395388279
0.15707963267948966 0.01468494308088179
0.21991148575128552 0.020467499700796657
0.2827433388230814 0.026159266373913352
0.34557519189487723 0.0317351976607995
0.4084070449666731 0.037170907911213975
0.47123889803846897 0.04244280570712206
0.5340707511102649 0.047528221247027734
0.5969026041820606 0.05240552560885243
0.6597344572538566 0.05705424093387268
0.7225663103256523 0.06145514069178476
0.7853981633974483 0.0655903393150965
0.8482300164692442 0.06944337062783856
0.91106186954104 0.0729992546369063
0.9738937226128359 0.07624455240192513
1.0367255756846319 0.07916740884894508
1.0995574287564276 0.08175758354202398
1.1623892818282235 0.0840064695723431
1.2252211349000193 0.08590710086440781
1.2880529879718152 0.08745414833075574
1.350884841043611 0.08864390542817824
1.413716694115407 0.08947426377776728
1.4765485471872026 0.08994467960639224
1.5393804002589986 0.09005613184708791
1.6022122533307945 0.08981107279924141
1.6650441064025903 0.08921337229574404
1.7278759594743862 0.08826825635312868
1.7907078125461822 0.08698224129227061
1.853539665617978 0.08536306431196383
1.9163715186897736 0.08341961147640664
1.9792033717615696 0.08116184404148621
2.0420352248333655 0.07860072399511132
2.104867077905162 0.07574813962529628
2.1676989309769574 0.07261683185800917
2.230530784048753 0.06922032202677222
2.2933626371205493 0.06557284164955422
2.356194490192345 0.06168926469748388
2.4190263432641403 0.05758504274617099
2.4818581963359367 0.05327614330568299
2.5446900494077322 0.048778991531116596
2.607521902479528 0.04411041542370047
2.670353755551324 0.03928759454379333
2.7331856086231197 0.034328012173164724
2.796017461694916 0.029249410785577922
2.8588493147667116 0.02406975061275628
2.9216811678385075 0.018807171028031124
2.9845130209103035 0.013479954412891503
3.047344873982099 0.008106492122725548
3.1101767270538954 0.0027052521276173342
3.173008580125691 -0.0027052521276173342
3.2358404331974873 -0.008106492122725548
3.2986722862692828 -0.013479954412891503
3.3615041393410787 -0.018807171028031124
3.4243359924128747 -0.02406975061275628
3.48716784548467 -0.029249410785577922
3.549999698556466 -0.0343280121731646
3.612831551628262 -0.03928759454379333
3.675663404700058 -0.04411041542370047
3.7384952577718535 -0.04877899153111646
3.8013271108436495 -0.05327614330568299
3.8641589639154454 -0.05758504274617099
3.9269908169872414 -0.06168926469748388
3.989822670059038 -0.06557284164955422
4.052654523130833 -0.06922032202677222
4.115486376202629 -0.07261683185800917
4.178318229274425 -0.07574813962529638
4.241150082346222 -0.07860072399511132
4.303981935418017 -0.08116184404148621
4.366813788489813 -0.08341961147640664
4.429645641561608 -0.08536306431196383
4.4924774946334045 -0.08698224129227071
4.5553093477052 -0.08826825635312868
4.618141200776996 -0.08921337229574404
4.680973053848792 -0.08981107279924141
4.743804906920587 -0.09005613184708805
4.806636759992383 -0.0899446796063923
4.869468613064179 -0.08947426377776728
4.932300466135976 -0.08864390542817832
4.995132319207771 -0.08745414833075574
5.057964172279567 -0.08590710086440781
5.120796025351362 -0.08400646957234317
5.183627878423159 -0.08175758354202398
5.246459731494955 -0.07916740884894495
5.3092915845667505 -0.07624455240192513
5.372123437638546 -0.0729992546369063
5.434955290710342 -0.06944337062783856
5.497787143782137 -0.0655903393150966
5.560618996853934 -0.06145514069178476
5.62345084992573 -0.05705424093387268
5.686282702997525 -0.05240552560885243
5.749114556069321 -0.047528221247027734
5.811946409141116 -0.04244280570712215
5.874778262212914 -0.037170907911213774
5.937610115284709 -0.0317351976607995
6.000441968356505 -0.026159266373913352
6.0632738214283 -0.020467499700796657
6.126105674500097 -0.01468494308088179
6.188937527571893 -0.008837161395388184
6.2517693806436885 -0.002950093946373082