0.031415926535897934 0.007620867312602513
0.0942477796076938 0.02283935527630736
0.15707963267948966 0.037988138678540784
0.21991148575128552 0.05302086532929944
0.2827433388230814 0.06789135739162297
0.34557519189487723 0.08255367739570009
0.4084070449666731 0.09696219080206683
0.47123889803846897 0.11107162451440994
0.5340707511102649 0.1248371210184881
0.5969026041820606 0.13821428814604325
0.6597344572538566 0.1511592448229869
0.7225663103256523 0.16362866355020675
0.7853981633974483 0.17557981077274334
0.8482300164692442 0.18697058670779387
0.91106186954104 0.19775956661220137
0.9738937226128359 0.20790604586331232
1.0367255756846319 0.21737009159014678
1.0995574287564276 0.22611260391070354
1.1623892818282235 0.2340953900911173
1.2252211349000193 0.2412812551274154
1.2880529879718152 0.24763411234409066
1.350884841043611 0.253119117587865
1.413716694115407 0.25770283045153436
1.4765485471872026 0.2613534056729888
1.5393804002589986 0.26404081740018515
1.6022122533307945 0.26573711837717834
1.6650441064025903 0.2664167352752685
1.7278759594743862 0.2660568003573075
1.7907078125461822 0.26463751841923516
1.853539665617978 0.26214256650684026
1.9163715186897736 0.2585595222748084
1.9792033717615696 0.25388031507040476
2.0420352248333655 0.24810169193265547
2.104867077905162 0.24122568876415054
2.1676989309769574 0.23326009503902323
2.230530784048753 0.22421889865675082
2.2933626371205493 0.214122696050981
2.356194490192345 0.2029990515389708
2.4190263432641403 0.1908827892764452
2.4818581963359367 0.1778162011843488
2.5446900494077322 0.16384915494067062
2.607521902479528 0.14903908765621915
2.670353755551324 0.13345087321182322
2.7331856086231197 0.11715655440969436
2.796017461694916 0.10023493501014605
2.8588493147667116 0.08277103125285412
2.9216811678385075 0.06485538740793938
2.9845130209103035 0.046583265025621524
3.047344873982099 0.02805372057819284
3.1101767270538954 0.009368590823128832
3.173008580125691 -0.009368590823128832
3.2358404331974873 -0.02805372057819284
3.2986722862692828 -0.046583265025621524
3.3615041393410787 -0.06485538740793938
3.4243359924128747 -0.08277103125285412
3.48716784548467 -0.10023493501014605
3.549999698556466 -0.11715655440969419
3.612831551628262 -0.13345087321182322
3.675663404700058 -0.14903908765621915
3.7384952577718535 -0.16384915494067062
3.8013271108436495 -0.1778162011843488
3.8641589639154454 -0.19088278927644511
3.9269908169872414 -0.2029990515389708
3.989822670059038 -0.2141226960509811
4.052654523130833 -0.22421889865675082
4.115486376202629 -0.23326009503902323
4.178318229274425 -0.24122568876415063
4.241150082346222 -0.2481016919326555
4.303981935418017 -0.25388031507040487
4.366813788489813 -0.2585595222748084
4.429645641561608 -0.26214256650684026
4.4924774946334045 -0.26463751841923533
4.5553093477052 -0.2660568003573075
4.618141200776996 -0.2664167352752686
4.680973053848792 -0.2657371183771783
4.743804906920587 -0.2640408174001852
4.806636759992383 -0.26135340567298887
4.869468613064179 -0.25770283045153436
4.932300466135976 -0.253119117587865
4.995132319207771 -0.24763411234409066
5.057964172279567 -0.24128125512741544
5.120796025351362 -0.23409539009111752
5.183627878423159 -0.22611260391070354
5.246459731494955 -0.21737009159014659
5.3092915845667505 -0.20790604586331232
5.372123437638546 -0.19775956661220137
5.434955290710342 -0.186970586707794
5.497787143782137 -0.1755798107727436
5.560618996853934 -0.1636286635502068
5.62345084992573 -0.1511592448229869
5.686282702997525 -0.13821428814604325
5.749114556069321 -0.12483712101848826
5.811946409141116 -0.11107162451441006
5.874778262212914 -0.09696219080206679
5.937610115284709 -0.08255367739570009
6.000441968356505 -0.06789135739162297
6.0632738214283 -0.05302086532929955
6.126105674500097 -0.037988138678540784
6.188937527571893 -0.022839355276307163
6.2517693806436885 -0.007620867312602513