0.031415926535897934 0.007747441749843146
0.0942477796076938 0.023213359384328353
0.15707963267948966 0.03859248241025897
0.21991148575128552 0.053827290358554804
0.2827433388230814 0.06886077428262674
0.34557519189487723 0.08363663667947938
0.4084070449666731 0.09809948689949691
0.47123889803846897 0.11219503100047139
0.5340707511102649 0.12587025517156777
0.5969026041820606 0.13907360204680774
0.6597344572538566 0.15175513943769017
0.7225663103256523 0.16386672123252888
0.7853981633974483 0.17536214042736298
0.8482300164692442 0.18619727446121997
0.91106186954104 0.19633022321865626
0.9738937226128359 0.20572144022693106
1.0367255756846319 0.21433385770671995
1.0995574287564276 0.22213300622775728
1.1623892818282235 0.22908712976918133
1.2252211349000193 0.2351672969849554
1.2880529879718152 0.2403475094253019
1.350884841043611 0.24460480736491183
1.413716694115407 0.24791937373869033
1.4765485471872026 0.25027463648851866
1.5393804002589986 0.2516573693841892
1.6022122533307945 0.2520577911041477
1.6650441064025903 0.2514696620544336
1.7278759594743862 0.2498903780762239
1.7907078125461822 0.24732105985403993
1.853539665617978 0.2437666364995493
1.9163715186897736 0.23923592146258232
1.9792033717615696 0.23374167862472373
2.0420352248333655 0.22730067617523617
2.104867077905162 0.21993372566754188
2.1676989309769574 0.2116657035198831
2.230530784048753 0.20252555216771467
2.2933626371205493 0.19254625810770573
2.356194490192345 0.18176480420140897
2.4190263432641403 0.17022209383517425
2.4818581963359367 0.15796284486276013
2.5446900494077322 0.1450354516854162
2.607521902479528 0.13149181434390583
2.670353755551324 0.1173871340966958
2.7331856086231197 0.10277967562289289
2.796017461694916 0.08773049669825381
2.8588493147667116 0.07230314692540216
2.9216811678385075 0.05656333783054395
2.9845130209103035 0.04057858734259549
3.047344873982099 0.02441784232060751
3.1101767270538954 0.008151083366826668
3.173008580125691 -0.008151083366826668
3.2358404331974873 -0.02441784232060751
3.2986722862692828 -0.04057858734259549
3.3615041393410787 -0.05656333783054395
3.4243359924128747 -0.07230314692540216
3.48716784548467 -0.08773049669825381
3.549999698556466 -0.10277967562289278
3.612831551628262 -0.1173871340966958
3.675663404700058 -0.13149181434390583
3.7384952577718535 -0.14503545168541612
3.8013271108436495 -0.15796284486276013
3.8641589639154454 -0.1702220938351743
3.9269908169872414 -0.18176480420140897
3.989822670059038 -0.19254625810770587
4.052654523130833 -0.20252555216771467
4.115486376202629 -0.2116657035198831
4.178318229274425 -0.219933725667542
4.241150082346222 -0.22730067617523633
4.303981935418017 -0.23374167862472384
4.366813788489813 -0.23923592146258232
4.429645641561608 -0.2437666364995493
4.4924774946334045 -0.24732105985403985
4.5553093477052 -0.2498903780762239
4.618141200776996 -0.2514696620544336
4.680973053848792 -0.2520577911041477
4.743804906920587 -0.2516573693841892
4.806636759992383 -0.25027463648851866
4.869468613064179 -0.24791937373869033
4.932300466135976 -0.24460480736491183
4.995132319207771 -0.24034750942530173
5.057964172279567 -0.23516729698495528
5.120796025351362 -0.22908712976918147
5.183627878423159 -0.22213300622775728
5.246459731494955 -0.21433385770671984
5.3092915845667505 -0.20572144022693106
5.372123437638546 -0.19633022321865626
5.434955290710342 -0.18619727446122009
5.497787143782137 -0.17536214042736317
5.560618996853934 -0.16386672123252874
5.62345084992573 -0.15175513943769017
5.686282702997525 -0.13907360204680774
5.749114556069321 -0.12587025517156789
5.811946409141116 -0.11219503100047162
5.874778262212914 -0.09809948689949685
5.937610115284709 -0.08363663667947938
6.000441968356505 -0.06886077428262674
6.0632738214283 -0.05382729035855491
6.126105674500097 -0.03859248241025897
6.188937527571893 -0.023213359384328145
6.2517693806436885 -0.007747441749843146