0.031415926535897934 0.007652123251017296
0.0942477796076938 0.022930023719274526
0.15707963267948966 0.0381289605023168
0.21991148575128552 0.05319653845954742
0.2827433388230814 0.06808073087689182
0.34557519189487723 0.08273002186121792
0.4084070449666731 0.09709354403284733
0.47123889803846897 0.11112121055364951
0.5340707511102649 0.12476384079517297
0.5969026041820606 0.13797327925762545
0.6597344572538566 0.15070250768546098
0.7225663103256523 0.1629057506769814
0.7853981633974483 0.17453857544117507
0.8482300164692442 0.18555798670211085
0.91106186954104 0.19592251807664926
0.9738937226128359 0.20559232154238283
1.0367255756846319 0.21452925685740856
1.0995574287564276 0.22269698298029264
1.1623892818282235 0.23006105365685697
1.2252211349000193 0.23658901938060994
1.2880529879718152 0.2422505378874344
1.350884841043611 0.24701749520554966
1.413716694115407 0.25086413904339594
1.4765485471872026 0.25376722595750045
1.5393804002589986 0.25570618329829864
1.6022122533307945 0.2566632863857889
1.6650441064025903 0.25662385072336563
1.7278759594743862 0.2555764383255557
1.7907078125461822 0.25351307642626575
1.853539665617978 0.2504294859658605
1.9163715186897736 0.24632531635050334
1.9792033717615696 0.24120438206351433
2.0420352248333655 0.23507489581924892
2.104867077905162 0.2279496921231201
2.1676989309769574 0.21984643437878756
2.230530784048753 0.21078779810963447
2.2933626371205493 0.20080162248140257
2.356194490192345 0.1899210221693401
2.4190263432641403 0.17818445174471056
2.4818581963359367 0.16563571519237774
2.5446900494077322 0.15232391393257536
2.607521902479528 0.1383033278108951
2.670353755551324 0.12363322492929033
2.7331856086231197 0.10837759788742775
2.796017461694916 0.09260482593917503
2.8588493147667116 0.07638726467644805
2.9216811678385075 0.0598007670495268
2.9845130209103035 0.04292414172493768
3.047344873982099 0.025838556868053024
3.1101767270538954 0.00862689931618778
3.173008580125691 -0.00862689931618778
3.2358404331974873 -0.025838556868053024
3.2986722862692828 -0.04292414172493768
3.3615041393410787 -0.0598007670495268
3.4243359924128747 -0.07638726467644805
3.48716784548467 -0.09260482593917503
3.549999698556466 -0.10837759788742769
3.612831551628262 -0.12363322492929033
3.675663404700058 -0.1383033278108951
3.7384952577718535 -0.15232391393257516
3.8013271108436495 -0.16563571519237774
3.8641589639154454 -0.17818445174471054
3.9269908169872414 -0.1899210221693401
3.989822670059038 -0.20080162248140274
4.052654523130833 -0.21078779810963447
4.115486376202629 -0.21984643437878756
4.178318229274425 -0.22794969212312022
4.241150082346222 -0.23507489581924898
4.303981935418017 -0.24120438206351433
4.366813788489813 -0.24632531635050334
4.429645641561608 -0.2504294859658605
4.4924774946334045 -0.2535130764262657
4.5553093477052 -0.2555764383255557
4.618141200776996 -0.25662385072336547
4.680973053848792 -0.25666328638578895
4.743804906920587 -0.2557061832982986
4.806636759992383 -0.25376722595750056
4.869468613064179 -0.25086413904339594
4.932300466135976 -0.2470174952055495
4.995132319207771 -0.24225053788743445
5.057964172279567 -0.23658901938060994
5.120796025351362 -0.23006105365685706
5.183627878423159 -0.22269698298029264
5.246459731494955 -0.2145292568574085
5.3092915845667505 -0.20559232154238283
5.372123437638546 -0.19592251807664926
5.434955290710342 -0.18555798670211093
5.497787143782137 -0.1745385754411752
5.560618996853934 -0.16290575067698126
5.62345084992573 -0.15070250768546098
5.686282702997525 -0.13797327925762545
5.749114556069321 -0.12476384079517319
5.811946409141116 -0.11112121055364971
5.874778262212914 -0.09709354403284719
5.937610115284709 -0.08273002186121792
6.000441968356505 -0.06808073087689182
6.0632738214283 -0.05319653845954756
6.126105674500097 -0.0381289605023168
6.188937527571893 -0.022930023719274384
6.2517693806436885 -0.007652123251017296