0.031415926535897934 0.0032502939484884887
0.0942477796076938 0.009739970182255711
0.15707963267948966 0.016196931648436313
0.21991148575128552 0.022599435972962056
0.2827433388230814 0.028925842215712705
0.34557519189487723 0.03515465190905515
0.4084070449666731 0.04126455058422742
0.47123889803846897 0.04723444995627408
0.5340707511102649 0.05304353095938308
0.5969026041820606 0.058671287847721486
0.6597344572538566 0.0640975736007779
0.7225663103256523 0.06930264689507738
0.7853981633974483 0.0742672209240991
0.8482300164692442 0.07897251436329207
0.91106186954104 0.08340030478514675
0.9738937226128359 0.08753298482821152
1.0367255756846319 0.09135362141158922
1.0995574287564276 0.0948460182607567
1.1623892818282235 0.09799478196960373
1.2252211349000193 0.10078539176568367
1.2880529879718152 0.10320427306945543
1.350884841043611 0.10523887484279296
1.413716694115407 0.10687775060684251
1.4765485471872026 0.10811064287459211
1.5393804002589986 0.10892857059025617
1.6022122533307945 0.10932391899753235
1.6650441064025903 0.10929053117472128
1.7278759594743862 0.10882380028034289
1.7907078125461822 0.10792076135302105
1.853539665617978 0.1065801813099256
1.9163715186897736 0.10480264559575833
1.9792033717615696 0.10259063975690835
2.0420352248333655 0.09994862406138587
2.104867077905162 0.09688309916332236
2.1676989309769574 0.0934026607301511
2.230530784048753 0.08951804091966518
2.2933626371205493 0.0852421346208231
2.356194490192345 0.08059000846296568
2.4190263432641403 0.07557889075771737
2.4818581963359367 0.07022814076863987
2.5446900494077322 0.06455919600528737
2.607521902479528 0.05859549660715519
2.670353755551324 0.05236238631228394
2.7331856086231197 0.04588698998478675
2.796017461694916 0.03919806819197344
2.8588493147667116 0.03232584985891745
2.9216811678385075 0.025301844567964506
2.9845130209103035 0.018158636593165675
3.047344873982099 0.010929663244834555
3.1101767270538954 0.0036489805279381012
3.173008580125691 -0.0036489805279381012
3.2358404331974873 -0.010929663244834555
3.2986722862692828 -0.018158636593165675
3.3615041393410787 -0.025301844567964506
3.4243359924128747 -0.03232584985891745
3.48716784548467 -0.03919806819197344
3.549999698556466 -0.04588698998478666
3.612831551628262 -0.05236238631228394
3.675663404700058 -0.05859549660715519
3.7384952577718535 -0.06455919600528738
3.8013271108436495 -0.07022814076863987
3.8641589639154454 -0.0755788907577174
3.9269908169872414 -0.08059000846296568
3.989822670059038 -0.08524213462082308
4.052654523130833 -0.08951804091966518
4.115486376202629 -0.0934026607301511
4.178318229274425 -0.09688309916332233
4.241150082346222 -0.09994862406138595
4.303981935418017 -0.1025906397569084
4.366813788489813 -0.10480264559575833
4.429645641561608 -0.1065801813099256
4.4924774946334045 -0.10792076135302116
4.5553093477052 -0.10882380028034289
4.618141200776996 -0.10929053117472139
4.680973053848792 -0.10932391899753231
4.743804906920587 -0.10892857059025626
4.806636759992383 -0.10811064287459214
4.869468613064179 -0.10687775060684251
4.932300466135976 -0.10523887484279307
4.995132319207771 -0.10320427306945543
5.057964172279567 -0.10078539176568363
5.120796025351362 -0.09799478196960361
5.183627878423159 -0.0948460182607567
5.246459731494955 -0.09135362141158912
5.3092915845667505 -0.08753298482821152
5.372123437638546 -0.08340030478514675
5.434955290710342 -0.07897251436329218
5.497787143782137 -0.07426722092409918
5.560618996853934 -0.06930264689507727
5.62345084992573 -0.0640975736007779
5.686282702997525 -0.058671287847721486
5.749114556069321 -0.05304353095938311
5.811946409141116 -0.04723444995627417
5.874778262212914 -0.041264550584227344
5.937610115284709 -0.03515465190905515
6.000441968356505 -0.028925842215712705
6.0632738214283 -0.02259943597296206
6.126105674500097 -0.016196931648436313
6.188937527571893 -0.009739970182255645
6.2517693806436885 -0.0032502939484884887