0.031415926535897934 0.007251094768872916
0.0942477796076938 0.021730213936094075
0.15707963267948966 0.03614016621903721
0.21991148575128552 0.050434987266423
0.2827433388230814 0.06456893129670702
0.34557519189487723 0.07849655505902536
0.4084070449666731 0.09217279857663228
0.47123889803846897 0.10555306210161049
0.5340707511102649 0.11859327895647391
0.5969026041820606 0.1312499842247062
0.6597344572538566 0.14348037956978668
0.7225663103256523 0.15524239480136195
0.7853981633974483 0.16649474715759596
0.8482300164692442 0.17719699962341243
0.91106186954104 0.18730961994385031
0.9738937226128359 0.19679404230819422
1.0367255756846319 0.20561273396171997
1.0995574287564276 0.21372926923531868
1.1623892818282235 0.2211084136562182
1.2252211349000193 0.22771622090262003
1.2880529879718152 0.23352014537836804
1.350884841043611 0.23848917309787784
1.413716694115407 0.24259397337403005
1.4765485471872026 0.24580707348086775
1.5393804002589986 0.2481030580084992
1.6022122533307945 0.24945879403147317
1.6650441064025903 0.24985368246925302
1.7278759594743862 0.24926993512773285
1.7907078125461822 0.24769287587930555
1.853539665617978 0.24511126327823843
1.9163715186897736 0.2415176306390188
1.9792033717615696 0.23690863825877473
2.0420352248333655 0.23128543108235675
2.104867077905162 0.2246539937428249
2.1676989309769574 0.21702549362412668
2.230530784048753 0.2084166014591078
2.2933626371205493 0.1988497780737866
2.356194490192345 0.18835351529993666
2.4190263432641403 0.1769625188822854
2.4818581963359367 0.16471782147562392
2.5446900494077322 0.15166681461744483
2.607521902479528 0.13786318990814928
2.670353755551324 0.12336678153975422
2.7331856086231197 0.10824330475818889
2.796017461694916 0.09256398775973516
2.8588493147667116 0.07640509780773727
2.9216811678385075 0.05984736587572345
2.9845130209103035 0.04297531771373357
3.047344873982099 0.0258765227133736
3.1101767270538954 0.008640775124921922
3.173008580125691 -0.008640775124921922
3.2358404331974873 -0.0258765227133736
3.2986722862692828 -0.04297531771373357
3.3615041393410787 -0.05984736587572345
3.4243359924128747 -0.07640509780773727
3.48716784548467 -0.09256398775973516
3.549999698556466 -0.10824330475818877
3.612831551628262 -0.12336678153975422
3.675663404700058 -0.13786318990814928
3.7384952577718535 -0.15166681461744463
3.8013271108436495 -0.16471782147562392
3.8641589639154454 -0.17696251888228529
3.9269908169872414 -0.18835351529993666
3.989822670059038 -0.19884977807378676
4.052654523130833 -0.2084166014591078
4.115486376202629 -0.21702549362412668
4.178318229274425 -0.22465399374282508
4.241150082346222 -0.2312854310823566
4.303981935418017 -0.2369086382587748
4.366813788489813 -0.2415176306390188
4.429645641561608 -0.24511126327823834
4.4924774946334045 -0.24769287587930555
4.5553093477052 -0.24926993512773285
4.618141200776996 -0.24985368246925294
4.680973053848792 -0.24945879403147303
4.743804906920587 -0.2481030580084992
4.806636759992383 -0.24580707348086783
4.869468613064179 -0.24259397337403005
4.932300466135976 -0.23848917309787793
4.995132319207771 -0.23352014537836804
5.057964172279567 -0.22771622090262011
5.120796025351362 -0.2211084136562183
5.183627878423159 -0.21372926923531868
5.246459731494955 -0.20561273396171978
5.3092915845667505 -0.19679404230819422
5.372123437638546 -0.18730961994385031
5.434955290710342 -0.17719699962341248
5.497787143782137 -0.16649474715759613
5.560618996853934 -0.15524239480136195
5.62345084992573 -0.14348037956978668
5.686282702997525 -0.1312499842247062
5.749114556069321 -0.1185932789564741
5.811946409141116 -0.1055530621016106
5.874778262212914 -0.09217279857663213
5.937610115284709 -0.07849655505902536
6.000441968356505 -0.06456893129670702
6.0632738214283 -0.05043498726642326
6.126105674500097 -0.03614016621903721
6.188937527571893 -0.021730213936093968
6.2517693806436885 -0.007251094768872916