0.031415926535897934 0.00584884183795886
0.0942477796076938 0.01752975650366579
0.15707963267948966 0.029160371747145853
0.21991148575128552 0.04070717986743629
0.2827433388230814 0.05213671065315859
0.34557519189487723 0.06341554568177638
0.4084070449666731 0.07451033207457755
0.47123889803846897 0.08538779576616161
0.5340707511102649 0.09601475450220047
0.5969026041820606 0.10635813096232367
0.6597344572538566 0.11638496661235692
0.7225663103256523 0.12606243711731857
0.7853981633974483 0.13535787038831676
0.8482300164692442 0.14423876858673754
0.91106186954104 0.15267283566100487
0.9738937226128359 0.16062801223683423
1.0367255756846319 0.16807251991240518
1.0995574287564276 0.17497491721511202
1.1623892818282235 0.1813041696451777
1.2252211349000193 0.18702973635068906
1.2880529879718152 0.19212167603453364
1.350884841043611 0.19655077467096338
1.413716694115407 0.2002886974918453
1.4765485471872026 0.20330816747318728
1.5393804002589986 0.20558317219449448
1.6022122533307945 0.20708920044106346
1.6650441064025903 0.2078035092588572
1.7278759594743862 0.20770542134315675
1.7907078125461822 0.20677665164131492
1.853539665617978 0.2050016608796835
1.9163715186897736 0.20236803239791018
1.9792033717615696 0.1988668672147709
2.0420352248333655 0.19449319069671628
2.104867077905162 0.18924636260644812
2.1676989309769574 0.18313048074268642
2.230530784048753 0.17615476692706833
2.2933626371205493 0.16833392284557566
2.356194490192345 0.15968844231420856
2.4190263432641403 0.15024486601863143
2.4818581963359367 0.1400359647770543
2.5446900494077322 0.1291008379824503
2.607521902479528 0.11748491515822644
2.670353755551324 0.10523985054082374
2.7331856086231197 0.09242330327125457
2.796017461694916 0.07909859907463185
2.8588493147667116 0.06533427312051873
2.9216811678385075 0.0512034979264548
2.9845130209103035 0.03678340448925247
3.047344873982099 0.022154309070427553
3.1101767270538954 0.007398861976744142
3.173008580125691 -0.007398861976744142
3.2358404331974873 -0.022154309070427553
3.2986722862692828 -0.03678340448925247
3.3615041393410787 -0.0512034979264548
3.4243359924128747 -0.06533427312051873
3.48716784548467 -0.07909859907463185
3.549999698556466 -0.09242330327125445
3.612831551628262 -0.10523985054082374
3.675663404700058 -0.11748491515822644
3.7384952577718535 -0.1291008379824503
3.8013271108436495 -0.1400359647770543
3.8641589639154454 -0.15024486601863138
3.9269908169872414 -0.15968844231420856
3.989822670059038 -0.16833392284557583
4.052654523130833 -0.17615476692706833
4.115486376202629 -0.18313048074268642
4.178318229274425 -0.18924636260644817
4.241150082346222 -0.19449319069671642
4.303981935418017 -0.19886686721477084
4.366813788489813 -0.20236803239791018
4.429645641561608 -0.2050016608796835
4.4924774946334045 -0.20677665164131498
4.5553093477052 -0.20770542134315675
4.618141200776996 -0.2078035092588572
4.680973053848792 -0.2070892004410634
4.743804906920587 -0.20558317219449454
4.806636759992383 -0.20330816747318725
4.869468613064179 -0.2002886974918453
4.932300466135976 -0.1965507746709635
4.995132319207771 -0.19212167603453364
5.057964172279567 -0.18702973635068906
5.120796025351362 -0.1813041696451777
5.183627878423159 -0.17497491721511202
5.246459731494955 -0.16807251991240518
5.3092915845667505 -0.16062801223683423
5.372123437638546 -0.15267283566100487
5.434955290710342 -0.14423876858673756
5.497787143782137 -0.13535787038831684
5.560618996853934 -0.1260624371173186
5.62345084992573 -0.11638496661235692
5.686282702997525 -0.10635813096232367
5.749114556069321 -0.09601475450220047
5.811946409141116 -0.0853877957661617
5.874778262212914 -0.07451033207457755
5.937610115284709 -0.06341554568177638
6.000441968356505 -0.05213671065315859
6.0632738214283 -0.04070717986743638
6.126105674500097 -0.029160371747145853
6.188937527571893 -0.017529756503665603
6.2517693806436885 -0.00584884183795886