0.031415926535897934 0.006199043775017823
0.0942477796076938 0.01857885626400995
0.15707963267948966 0.03090385930032498
0.21991148575128552 0.04313756547957337
0.2827433388230814 0.0552435650501377
0.34557519189487723 0.06718555566303998
0.4084070449666731 0.07892737098480837
0.47123889803846897 0.0904330080930735
0.5340707511102649 0.10166665375055146
0.5969026041820606 0.11259270985985666
0.6597344572538566 0.12317581863444443
0.7225663103256523 0.13338088827430744
0.7853981633974483 0.14317312020251216
0.8482300164692442 0.1525180391931152
0.91106186954104 0.16138152799449051
0.9738937226128359 0.16972986831584694
1.0367255756846319 0.17752979028894375
1.0995574287564276 0.18474853273100136
1.1623892818282235 0.19135391670671612
1.2252211349000193 0.19731443500420023
1.2880529879718152 0.20259936018757632
1.350884841043611 0.2071788738528967
1.413716694115407 0.21102421957836084
1.4765485471872026 0.21410788180855192
1.5393804002589986 0.2164037925300328
1.6022122533307945 0.21788756706788798
1.6650441064025903 0.21853676964783922
1.7278759594743862 0.21833120851853255
1.7907078125461822 0.21725325941123408
1.853539665617978 0.2152882149347918
1.9163715186897736 0.21242465617717404
1.9792033717615696 0.2086548413375431
2.0420352248333655 0.20397510468410737
2.104867077905162 0.19838625757663425
2.1676989309769574 0.19189398177662462
2.230530784048753 0.1845092038744217
2.2933626371205493 0.17624843848383262
2.356194490192345 0.16713408699112442
2.4190263432641403 0.15719467819802035
2.4818581963359367 0.14646503726302698
2.5446900494077322 0.13498637000311686
2.607521902479528 0.12280625092571679
2.670353755551324 0.10997850534354353
2.7331856086231197 0.09656297856586893
2.796017461694916 0.08262518839691618
2.8588493147667116 0.0682358608947486
2.9216811678385075 0.053470353395674526
2.9845130209103035 0.03840797299433984
3.047344873982099 0.02313120276530722
3.1101767270538954 0.007724851783197637
3.173008580125691 -0.007724851783197637
3.2358404331974873 -0.02313120276530722
3.2986722862692828 -0.03840797299433984
3.3615041393410787 -0.053470353395674526
3.4243359924128747 -0.0682358608947486
3.48716784548467 -0.08262518839691618
3.549999698556466 -0.0965629785658688
3.612831551628262 -0.10997850534354353
3.675663404700058 -0.12280625092571679
3.7384952577718535 -0.13498637000311678
3.8013271108436495 -0.14646503726302698
3.8641589639154454 -0.1571946781980202
3.9269908169872414 -0.16713408699112442
3.989822670059038 -0.17624843848383268
4.052654523130833 -0.1845092038744217
4.115486376202629 -0.19189398177662462
4.178318229274425 -0.19838625757663444
4.241150082346222 -0.20397510468410743
4.303981935418017 -0.20865484133754308
4.366813788489813 -0.21242465617717404
4.429645641561608 -0.21528821493479172
4.4924774946334045 -0.21725325941123416
4.5553093477052 -0.21833120851853255
4.618141200776996 -0.21853676964783936
4.680973053848792 -0.21788756706788798
4.743804906920587 -0.2164037925300328
4.806636759992383 -0.21410788180855192
4.869468613064179 -0.21102421957836084
4.932300466135976 -0.20717887385289666
4.995132319207771 -0.20259936018757638
5.057964172279567 -0.19731443500420023
5.120796025351362 -0.1913539167067162
5.183627878423159 -0.18474853273100136
5.246459731494955 -0.1775297902889437
5.3092915845667505 -0.16972986831584694
5.372123437638546 -0.16138152799449051
5.434955290710342 -0.15251803919311516
5.497787143782137 -0.1431731202025123
5.560618996853934 -0.1333808882743073
5.62345084992573 -0.12317581863444443
5.686282702997525 -0.11259270985985666
5.749114556069321 -0.10166665375055146
5.811946409141116 -0.0904330080930737
5.874778262212914 -0.07892737098480822
5.937610115284709 -0.06718555566303998
6.000441968356505 -0.0552435650501377
6.0632738214283 -0.04313756547957344
6.126105674500097 -0.03090385930032498
6.188937527571893 -0.018578856264009878
6.2517693806436885 -0.006199043775017823