0.031415926535897934 0.008176061717038116
0.0942477796076938 0.02445011654884037
0.15707963267948966 0.04049156421419854
0.21991148575128552 0.056150604203240445
0.2827433388230814 0.07128514296698668
0.34557519189487723 0.08576348874048005
0.4084070449666731 0.09946668311287658
0.47123889803846897 0.11229039893041491
0.5340707511102649 0.12414635594372234
0.5969026041820606 0.1349632290452816
0.6597344572538566 0.14468704746169983
0.7225663103256523 0.15328110540571593
0.7853981633974483 0.16072542417049604
0.8482300164692442 0.1670158214561456
0.91106186954104 0.17216265519183924
0.9738937226128359 0.17618931596707088
1.0367255756846319 0.17913054448804747
1.0995574287564276 0.18103064862722293
1.1623892818282235 0.18194168928225019
1.2252211349000193 0.1819216962145321
1.2880529879718152 0.1810329651775528
1.350884841043611 0.17934047683855597
1.413716694115407 0.17691046702903954
1.4765485471872026 0.17380916738440536
1.5393804002589986 0.17010172594761785
1.6022122533307945 0.16585130914814453
1.6650441064025903 0.16111837990306915
1.7278759594743862 0.15596014146561732
1.7907078125461822 0.15043013300495994
1.853539665617978 0.14457796060154193
1.9163715186897736 0.13844914619836482
1.9792033717615696 0.13208507685218374
2.0420352248333655 0.1255230371685545
2.104867077905162 0.11879630888228603
2.1676989309769574 0.11193432298314046
2.230530784048753 0.10496285143552207
2.2933626371205493 0.09790422727909331
2.356194490192345 0.09077758363136744
2.4190263432641403 0.08359910377536962
2.4818581963359367 0.07638227605952205
2.5446900494077322 0.06913814873516602
2.607521902479528 0.06187558109620723
2.670353755551324 0.05460148836265168
2.7331856086231197 0.04732107867040398
2.796017461694916 0.04003808130388097
2.8588493147667116 0.03275496594896962
2.9216811678385075 0.025473153266209456
2.9845130209103035 0.0181932175025034
3.047344873982099 0.010915082188015873
3.1101767270538954 0.0036382102156658756
3.173008580125691 -0.0036382102156658756
3.2358404331974873 -0.010915082188015873
3.2986722862692828 -0.0181932175025034
3.3615041393410787 -0.025473153266209456
3.4243359924128747 -0.03275496594896962
3.48716784548467 -0.04003808130388097
3.549999698556466 -0.04732107867040398
3.612831551628262 -0.05460148836265168
3.675663404700058 -0.06187558109620723
3.7384952577718535 -0.06913814873516602
3.8013271108436495 -0.07638227605952205
3.8641589639154454 -0.08359910377536954
3.9269908169872414 -0.09077758363136744
3.989822670059038 -0.09790422727909345
4.052654523130833 -0.10496285143552207
4.115486376202629 -0.11193432298314046
4.178318229274425 -0.11879630888228607
4.241150082346222 -0.12552303716855465
4.303981935418017 -0.13208507685218382
4.366813788489813 -0.13844914619836482
4.429645641561608 -0.14457796060154193
4.4924774946334045 -0.15043013300495986
4.5553093477052 -0.15596014146561732
4.618141200776996 -0.1611183799030692
4.680973053848792 -0.16585130914814455
4.743804906920587 -0.17010172594761785
4.806636759992383 -0.1738091673844054
4.869468613064179 -0.17691046702903954
4.932300466135976 -0.17934047683855603
4.995132319207771 -0.18103296517755285
5.057964172279567 -0.18192169621453202
5.120796025351362 -0.18194168928225019
5.183627878423159 -0.18103064862722293
5.246459731494955 -0.17913054448804752
5.3092915845667505 -0.17618931596707088
5.372123437638546 -0.17216265519183924
5.434955290710342 -0.1670158214561456
5.497787143782137 -0.1607254241704961
5.560618996853934 -0.1532811054057158
5.62345084992573 -0.14468704746169983
5.686282702997525 -0.1349632290452816
5.749114556069321 -0.12414635594372234
5.811946409141116 -0.11229039893041495
5.874778262212914 -0.09946668311287658
5.937610115284709 -0.08576348874048005
6.000441968356505 -0.07128514296698668
6.0632738214283 -0.056150604203240445
6.126105674500097 -0.04049156421419854
6.188937527571893 -0.02445011654884017
6.2517693806436885 -0.008176061717038116