0.031415926535897934 0.004956723942242682
0.0942477796076938 0.014855159049652624
0.15707963267948966 0.024708565344612198
0.21991148575128552 0.034486955506875396
0.2827433388230814 0.04416039061208983
0.34557519189487723 0.05369900064638132
0.4084070449666731 0.06307300624305388
0.47123889803846897 0.0722527420824845
0.5340707511102649 0.08120868246134014
0.5969026041820606 0.08991146961239319
0.6597344572538566 0.09833194543884442
0.7225663103256523 0.10644118741401108
0.7853981633974483 0.114210549484877
0.8482300164692442 0.12161170890211286
0.91106186954104 0.12861671997508997
0.9738937226128359 0.135198075812887
1.0367255756846319 0.141328779155648
1.0995574287564276 0.14698242341873655
1.1623892818282235 0.15213328505847334
1.2252211349000193 0.15675642831609862
1.2880529879718152 0.1608278232992101
1.350884841043611 0.16432447821066726
1.413716694115407 0.1672245863276984
1.4765485471872026 0.16950768806343364
1.5393804002589986 0.17115484810531464
1.6022122533307945 0.1721488472176832
1.6650441064025903 0.17247438781955426
1.7278759594743862 0.1721183119064344
1.7907078125461822 0.1710698292839458
1.853539665617978 0.16932075343208214
1.9163715186897736 0.16686574163792636
1.9792033717615696 0.1637025353423159
2.0420352248333655 0.1598321959679462
2.104867077905162 0.15525933086309146
2.1676989309769574 0.1499923034408332
2.230530784048753 0.1440434211554632
2.2933626371205493 0.13742909467382936
2.356194490192345 0.13016996150698448
2.4190263432641403 0.12229096750030892
2.4818581963359367 0.11382139996564773
2.5446900494077322 0.10479486689510614
2.607521902479528 0.09524921762919261
2.670353755551324 0.08522640155398276
2.7331856086231197 0.07477226284900185
2.796017461694916 0.06393627095933624
2.8588493147667116 0.0527711882659569
2.9216811678385075 0.04133267830737307
2.9845130209103035 0.029678859782947712
3.047344873982099 0.017869813356715232
3.1101767270538954 0.0059670498928159794
3.173008580125691 -0.0059670498928159794
3.2358404331974873 -0.017869813356715232
3.2986722862692828 -0.029678859782947712
3.3615041393410787 -0.04133267830737307
3.4243359924128747 -0.0527711882659569
3.48716784548467 -0.06393627095933624
3.549999698556466 -0.07477226284900164
3.612831551628262 -0.08522640155398276
3.675663404700058 -0.09524921762919261
3.7384952577718535 -0.10479486689510607
3.8013271108436495 -0.11382139996564773
3.8641589639154454 -0.12229096750030874
3.9269908169872414 -0.13016996150698448
3.989822670059038 -0.13742909467382938
4.052654523130833 -0.1440434211554632
4.115486376202629 -0.1499923034408332
4.178318229274425 -0.15525933086309163
4.241150082346222 -0.1598321959679461
4.303981935418017 -0.16370253534231594
4.366813788489813 -0.16686574163792636
4.429645641561608 -0.16932075343208214
4.4924774946334045 -0.17106982928394573
4.5553093477052 -0.1721183119064344
4.618141200776996 -0.17247438781955435
4.680973053848792 -0.1721488472176833
4.743804906920587 -0.17115484810531464
4.806636759992383 -0.16950768806343347
4.869468613064179 -0.1672245863276984
4.932300466135976 -0.16432447821066712
4.995132319207771 -0.1608278232992101
5.057964172279567 -0.15675642831609857
5.120796025351362 -0.1521332850584733
5.183627878423159 -0.14698242341873655
5.246459731494955 -0.14132877915564787
5.3092915845667505 -0.135198075812887
5.372123437638546 -0.12861671997508997
5.434955290710342 -0.12161170890211286
5.497787143782137 -0.11421054948487716
5.560618996853934 -0.10644118741401108
5.62345084992573 -0.09833194543884442
5.686282702997525 -0.08991146961239319
5.749114556069321 -0.0812086824613402
5.811946409141116 -0.0722527420824846
5.874778262212914 -0.06307300624305388
5.937610115284709 -0.05369900064638132
6.000441968356505 -0.04416039061208983
6.0632738214283 -0.03448695550687545
6.126105674500097 -0.024708565344612198
6.188937527571893 -0.014855159049652565
6.2517693806436885 -0.004956723942242682