0.031415926535897934 0.007776387624761873
0.0942477796076938 0.023295425329927788
0.15707963267948966 0.038713431817792986
0.21991148575128552 0.05396365618789965
0.2827433388230814 0.0689802472615324
0.34557519189487723 0.08369860324189225
0.4084070449666731 0.09805571128795067
0.47123889803846897 0.11199047432167322
0.5340707511102649 0.1254440225365078
0.5969026041820606 0.13836000725285694
0.6597344572538566 0.15068487497166033
0.7225663103256523 0.16236811970771367
0.7853981633974483 0.17336251193705468
0.8482300164692442 0.18362430276433034
0.91106186954104 0.19311340220281645
0.9738937226128359 0.20179353075760487
1.0367255756846319 0.2096323438070519
1.0995574287564276 0.2166015285842435
1.1623892818282235 0.2226768738642712
1.2252211349000193 0.2278383127596703
1.2880529879718152 0.23206993931076098
1.350884841043611 0.23535999982525163
1.413716694115407 0.23770086016807923
1.4765485471872026 0.2390889504241838
1.5393804002589986 0.2395246885504242
1.6022122533307945 0.23901238479533574
1.6650441064025903 0.23756012879484706
1.7278759594743862 0.23517966134698498
1.7907078125461822 0.23188623292837057
1.853539665617978 0.22769845103999264
1.9163715186897736 0.22263811846014556
1.9792033717615696 0.216730064439978
2.0420352248333655 0.2100019708038807
2.104867077905162 0.20248419481555477
2.1676989309769574 0.19420959054407014
2.230530784048753 0.1852133303159483
2.2933626371205493 0.17553272767292685
2.356194490192345 0.16520706307437033
2.4190263432641403 0.15427741339215123
2.4818581963359367 0.14278648604806746
2.5446900494077322 0.13077845844321537
2.607521902479528 0.11829882312876831
2.670353755551324 0.10539423897168936
2.7331856086231197 0.09211238838010725
2.796017461694916 0.07850184047423048
2.8588493147667116 0.06461191992229236
2.9216811678385075 0.05049258100929953
2.9845130209103035 0.03619428637122485
3.047344873982099 0.021767889710338915
3.1101767270538954 0.007264521709956826
3.173008580125691 -0.007264521709956826
3.2358404331974873 -0.021767889710338915
3.2986722862692828 -0.03619428637122485
3.3615041393410787 -0.05049258100929953
3.4243359924128747 -0.06461191992229236
3.48716784548467 -0.07850184047423048
3.549999698556466 -0.09211238838010719
3.612831551628262 -0.10539423897168936
3.675663404700058 -0.11829882312876831
3.7384952577718535 -0.1307784584432154
3.8013271108436495 -0.14278648604806746
3.8641589639154454 -0.15427741339215106
3.9269908169872414 -0.16520706307437033
3.989822670059038 -0.17553272767292696
4.052654523130833 -0.1852133303159483
4.115486376202629 -0.19420959054407014
4.178318229274425 -0.20248419481555482
4.241150082346222 -0.2100019708038809
4.303981935418017 -0.21673006443997803
4.366813788489813 -0.22263811846014556
4.429645641561608 -0.22769845103999264
4.4924774946334045 -0.23188623292837063
4.5553093477052 -0.23517966134698498
4.618141200776996 -0.23756012879484723
4.680973053848792 -0.23901238479533574
4.743804906920587 -0.2395246885504242
4.806636759992383 -0.23908895042418377
4.869468613064179 -0.23770086016807923
4.932300466135976 -0.2353599998252517
4.995132319207771 -0.23206993931076098
5.057964172279567 -0.2278383127596703
5.120796025351362 -0.22267687386427115
5.183627878423159 -0.2166015285842435
5.246459731494955 -0.20963234380705179
5.3092915845667505 -0.20179353075760487
5.372123437638546 -0.19311340220281645
5.434955290710342 -0.18362430276433042
5.497787143782137 -0.17336251193705482
5.560618996853934 -0.16236811970771353
5.62345084992573 -0.15068487497166033
5.686282702997525 -0.13836000725285694
5.749114556069321 -0.12544402253650788
5.811946409141116 -0.11199047432167339
5.874778262212914 -0.09805571128795054
5.937610115284709 -0.08369860324189225
6.000441968356505 -0.0689802472615324
6.0632738214283 -0.05396365618789984
6.126105674500097 -0.038713431817792986
6.188937527571893 -0.023295425329927597
6.2517693806436885 -0.007776387624761873