0.031415926535897934 0.006203992015936637
0.0942477796076938 0.01859551533086477
0.15707963267948966 0.030937649290432315
0.21991148575128552 0.043197443549675696
0.2827433388230814 0.05534191129563915
0.34557519189487723 0.06733801411833831
0.4084070449666731 0.07915264650237619
0.47123889803846897 0.09075262006091704
0.5340707511102649 0.10210464780269934
0.5969026041820606 0.11317532892518296
0.6597344572538566 0.1239311348602092
0.7225663103256523 0.13433839755943794
0.7853981633974483 0.14436330129133781
0.8482300164692442 0.15397187952476224
0.91106186954104 0.1631300187901528
0.9738937226128359 0.17180347173089053
1.0367255756846319 0.17995788187539083
1.0995574287564276 0.18755882296443607
1.1623892818282235 0.19457185594506485
1.2252211349000193 0.20096260697666837
1.2880529879718152 0.2066968699687627
1.350884841043611 0.21174073726229714
1.413716694115407 0.21606076205376124
1.4765485471872026 0.21962415601764182
1.5393804002589986 0.22239902528008249
1.6022122533307945 0.22435464740613736
1.6650441064025903 0.2254617913568026
1.7278759594743862 0.22569308142477756
1.7907078125461822 0.22502340494993792
1.853539665617978 0.22343036213575035
1.9163715186897736 0.220894754537791
1.9792033717615696 0.21740110679312755
2.0420352248333655 0.21293821394308288
2.104867077905162 0.2074997043344125
2.1676989309769574 0.201084605654433
2.230530784048753 0.19369789928084005
2.2933626371205493 0.18535104594962842
2.356194490192345 0.17606246392893468
2.4190263432641403 0.1658579396106348
2.4818581963359367 0.1547709498750012
2.5446900494077322 0.14284287591355005
2.607521902479528 0.13012308954790622
2.670353755551324 0.11666889554562171
2.7331856086231197 0.10254531702837406
2.796017461694916 0.08782471573393297
2.8588493147667116 0.07258624448137765
2.9216811678385075 0.05691513546011088
2.9845130209103035 0.04090183459736802
3.047344873982099 0.024640998874739244
3.1101767270538954 0.008230379646990117
3.173008580125691 -0.008230379646990117
3.2358404331974873 -0.024640998874739244
3.2986722862692828 -0.04090183459736802
3.3615041393410787 -0.05691513546011088
3.4243359924128747 -0.07258624448137765
3.48716784548467 -0.08782471573393297
3.549999698556466 -0.10254531702837398
3.612831551628262 -0.11666889554562171
3.675663404700058 -0.13012308954790622
3.7384952577718535 -0.14284287591355016
3.8013271108436495 -0.1547709498750012
3.8641589639154454 -0.16585793961063464
3.9269908169872414 -0.17606246392893468
3.989822670059038 -0.18535104594962853
4.052654523130833 -0.19369789928084005
4.115486376202629 -0.201084605654433
4.178318229274425 -0.20749970433441264
4.241150082346222 -0.21293821394308307
4.303981935418017 -0.21740110679312763
4.366813788489813 -0.220894754537791
4.429645641561608 -0.22343036213575035
4.4924774946334045 -0.22502340494993792
4.5553093477052 -0.22569308142477756
4.618141200776996 -0.2254617913568026
4.680973053848792 -0.2243546474061373
4.743804906920587 -0.22239902528008249
4.806636759992383 -0.2196241560176419
4.869468613064179 -0.21606076205376124
4.932300466135976 -0.211740737262297
4.995132319207771 -0.2066968699687627
5.057964172279567 -0.20096260697666846
5.120796025351362 -0.1945718559450649
5.183627878423159 -0.18755882296443607
5.246459731494955 -0.1799578818753907
5.3092915845667505 -0.17180347173089053
5.372123437638546 -0.1631300187901528
5.434955290710342 -0.15397187952476232
5.497787143782137 -0.14436330129133781
5.560618996853934 -0.13433839755943783
5.62345084992573 -0.1239311348602092
5.686282702997525 -0.11317532892518296
5.749114556069321 -0.1021046478026995
5.811946409141116 -0.09075262006091717
5.874778262212914 -0.07915264650237606
5.937610115284709 -0.06733801411833831
6.000441968356505 -0.05534191129563915
6.0632738214283 -0.04319744354967582
6.126105674500097 -0.030937649290432315
6.188937527571893 -0.01859551533086464
6.2517693806436885 -0.006203992015936637