0.031415926535897934 0.002602768651740668
0.0942477796076938 0.0078001059836612496
0.15707963267948966 0.012972850433831097
0.21991148575128552 0.01810463035310624
0.2827433388230814 0.023179110069456926
0.34557519189487723 0.028180005421176723
0.4084070449666731 0.03309110044194429
0.47123889803846897 0.037896265539531626
0.5340707511102649 0.04257947751798656
0.5969026041820606 0.047124841801277864
0.6597344572538566 0.05151661722368299
0.7225663103256523 0.055739243757486
0.7853981633974483 0.05977737355050023
0.8482300164692442 0.0636159056430707
0.91106186954104 0.06724002472495563
0.9738937226128359 0.07063524427514033
1.0367255756846319 0.07378745440041616
1.0995574287564276 0.07668297464971036
1.1623892818282235 0.07930861202890989
1.2252211349000193 0.08165172437366718
1.2880529879718152 0.08370028915397926
1.350884841043611 0.08544297768305231
1.413716694115407 0.08686923458339249
1.4765485471872026 0.0879693622250143
1.5393804002589986 0.0887346096946259
1.6022122533307945 0.08915726568190573
1.6650441064025903 0.0892307544817653
1.7278759594743862 0.08894973411302655
1.7907078125461822 0.08831019534859448
1.853539665617978 0.08730956024551201
1.9163715186897736 0.08594677856188222
1.9792033717615696 0.08422242025927949
2.0420352248333655 0.08213876212255762
2.104867077905162 0.07969986639318496
2.1676989309769574 0.07691164921698013
2.230530784048753 0.0737819366618694
2.2933626371205493 0.07032050607486492
2.356194490192345 0.06653911062754406
2.4190263432641403 0.062451485051710824
2.4818581963359367 0.05807333079512048
2.5446900494077322 0.05342227913164873
2.607521902479528 0.04851783113821354
2.670353755551324 0.04338127389560375
2.7331856086231197 0.03803557277179075
2.796017461694916 0.03250524019039726
2.8588493147667116 0.02681618185657434
2.9216811678385075 0.020995521987832104
2.9845130209103035 0.01507140965688345
3.047344873982099 0.009072808875146958
3.1101767270538954 0.0030292755076067554
3.173008580125691 -0.0030292755076067554
3.2358404331974873 -0.009072808875146958
3.2986722862692828 -0.01507140965688345
3.3615041393410787 -0.020995521987832104
3.4243359924128747 -0.02681618185657434
3.48716784548467 -0.03250524019039726
3.549999698556466 -0.03803557277179075
3.612831551628262 -0.04338127389560375
3.675663404700058 -0.04851783113821354
3.7384952577718535 -0.05342227913164873
3.8013271108436495 -0.05807333079512048
3.8641589639154454 -0.062451485051710824
3.9269908169872414 -0.06653911062754406
3.989822670059038 -0.07032050607486491
4.052654523130833 -0.0737819366618694
4.115486376202629 -0.07691164921698013
4.178318229274425 -0.07969986639318496
4.241150082346222 -0.08213876212255758
4.303981935418017 -0.08422242025927938
4.366813788489813 -0.08594677856188222
4.429645641561608 -0.08730956024551202
4.4924774946334045 -0.08831019534859444
4.5553093477052 -0.08894973411302655
4.618141200776996 -0.0892307544817653
4.680973053848792 -0.08915726568190573
4.743804906920587 -0.0887346096946259
4.806636759992383 -0.08796936222501434
4.869468613064179 -0.08686923458339249
4.932300466135976 -0.08544297768305231
4.995132319207771 -0.08370028915397924
5.057964172279567 -0.08165172437366718
5.120796025351362 -0.07930861202890994
5.183627878423159 -0.07668297464971036
5.246459731494955 -0.07378745440041608
5.3092915845667505 -0.07063524427514033
5.372123437638546 -0.06724002472495563
5.434955290710342 -0.0636159056430707
5.497787143782137 -0.059777373550500314
5.560618996853934 -0.05573924375748592
5.62345084992573 -0.05151661722368299
5.686282702997525 -0.047124841801277864
5.749114556069321 -0.04257947751798656
5.811946409141116 -0.03789626553953163
5.874778262212914 -0.03309110044194429
5.937610115284709 -0.028180005421176723
6.000441968356505 -0.023179110069456926
6.0632738214283 -0.018104630353106353
6.126105674500097 -0.012972850433831097
6.188937527571893 -0.0078001059836612496
6.2517693806436885 -0.002602768651740668