0.031415926535897934 0.003971568724987102
0.0942477796076938 0.011898781380033207
0.15707963267948966 0.019778287636477997
0.21991148575128552 0.0275785094569518
0.2827433388230814 0.035268206778862894
0.34557519189487723 0.042816609986975424
0.4084070449666731 0.05019354971062464
0.47123889803846897 0.0573695832398794
0.5340707511102649 0.06431611689679935
0.5969026041820606 0.07100552374678373
0.6597344572538566 0.07741125608955911
0.7225663103256523 0.08350795222828836
0.7853981633974483 0.08927153707710073
0.8482300164692442 0.09467931623064327
0.91106186954104 0.09971006318253543
0.9738937226128359 0.10434409944157014
1.0367255756846319 0.1085633673538515
1.0995574287564276 0.11235149549472628
1.1623892818282235 0.11569385654542673
1.2252211349000193 0.11857761761508134
1.2880529879718152 0.1209917830086951
1.350884841043611 0.12292722947555487
1.413716694115407 0.12437673400026812
1.4765485471872026 0.12533499422043093
1.5393804002589986 0.12579864157114126
1.6022122533307945 0.12576624726774688
1.6650441064025903 0.12523832124505174
1.7278759594743862 0.124217304174506
1.7907078125461822 0.12270755268156396
1.853539665617978 0.1207153178843624
1.9163715186897736 0.11824871737309844
1.9792033717615696 0.11531770074790333
2.0420352248333655 0.11193400883249957
2.104867077905162 0.10811112668227055
2.1676989309769574 0.10386423050925518
2.230530784048753 0.09921012865351572
2.2933626371205493 0.09416719674073394
2.356194490192345 0.08875530717994076
2.4190263432641403 0.08299575317305981
2.4818581963359367 0.07691116742928124
2.5446900494077322 0.07052543580190263
2.607521902479528 0.06386360609270697
2.670353755551324 0.05695179229861196
2.7331856086231197 0.04981707460650143
2.796017461694916 0.04248739547404038
2.8588493147667116 0.03499145216602708
2.9216811678385075 0.027358586146536072
2.9845130209103035 0.019618669755906093
3.047344873982099 0.01180199062763733
3.1101767270538954 0.0039391343227340204
3.173008580125691 -0.0039391343227340204
3.2358404331974873 -0.01180199062763733
3.2986722862692828 -0.019618669755906093
3.3615041393410787 -0.027358586146536072
3.4243359924128747 -0.03499145216602708
3.48716784548467 -0.04248739547404038
3.549999698556466 -0.04981707460650123
3.612831551628262 -0.05695179229861196
3.675663404700058 -0.06386360609270697
3.7384952577718535 -0.07052543580190264
3.8013271108436495 -0.07691116742928124
3.8641589639154454 -0.08299575317305977
3.9269908169872414 -0.08875530717994076
3.989822670059038 -0.09416719674073405
4.052654523130833 -0.09921012865351572
4.115486376202629 -0.10386423050925518
4.178318229274425 -0.10811112668227066
4.241150082346222 -0.11193400883249961
4.303981935418017 -0.11531770074790348
4.366813788489813 -0.11824871737309844
4.429645641561608 -0.12071531788436227
4.4924774946334045 -0.12270755268156387
4.5553093477052 -0.124217304174506
4.618141200776996 -0.12523832124505185
4.680973053848792 -0.12576624726774696
4.743804906920587 -0.1257986415711413
4.806636759992383 -0.12533499422043093
4.869468613064179 -0.12437673400026812
4.932300466135976 -0.12292722947555494
4.995132319207771 -0.12099178300869505
5.057964172279567 -0.11857761761508138
5.120796025351362 -0.1156938565454266
5.183627878423159 -0.11235149549472628
5.246459731494955 -0.10856336735385146
5.3092915845667505 -0.10434409944157014
5.372123437638546 -0.09971006318253543
5.434955290710342 -0.09467931623064335
5.497787143782137 -0.08927153707710077
5.560618996853934 -0.08350795222828836
5.62345084992573 -0.07741125608955911
5.686282702997525 -0.07100552374678373
5.749114556069321 -0.06431611689679942
5.811946409141116 -0.057369583239879465
5.874778262212914 -0.05019354971062457
5.937610115284709 -0.042816609986975424
6.000441968356505 -0.035268206778862894
6.0632738214283 -0.02757850945695187
6.126105674500097 -0.019778287636477997
6.188937527571893 -0.011898781380033105
6.2517693806436885 -0.003971568724987102