0.031415926535897934 0.005818765083604465
0.0942477796076938 0.017440671101953287
0.15707963267948966 0.029015699366613475
0.21991148575128552 0.04051258028509821
0.2827433388230814 0.051900017415528105
0.34557519189487723 0.06314667636216059
0.4084070449666731 0.07422117345469544
0.47123889803846897 0.08509206435966796
0.5340707511102649 0.0957278329261636
0.5969026041820606 0.10609688075210778
0.6597344572538566 0.11616751816888432
0.7225663103256523 0.12590795757779188
0.7853981633974483 0.13528631032791144
0.8482300164692442 0.14427058859653807
0.91106186954104 0.1528287140146184
0.9738937226128359 0.16092853506360724
1.0367255756846319 0.16853785554837405
1.0995574287564276 0.17562447671313527
1.1623892818282235 0.182156255801842
1.2252211349000193 0.1881011840568545
1.2880529879718152 0.19342748728369258
1.350884841043611 0.1981037521663864
1.413716694115407 0.20209908147651037
1.4765485471872026 0.20538328115649518
1.5393804002589986 0.2079270819501271
1.6022122533307945 0.20970239777583494
1.6650441064025903 0.2106826223680773
1.7278759594743862 0.21084296482855783
1.7907078125461822 0.21016082361710756
1.853539665617978 0.20861619716512653
1.9163715186897736 0.20619212771704531
1.9792033717615696 0.202875173216768
2.0420352248333655 0.19865590009390835
2.104867077905162 0.1935293877271522
2.1676989309769574 0.18749573325028937
2.230530784048753 0.18056054332443283
2.2933626371205493 0.17273539765315704
2.356194490192345 0.16403826750822414
2.4190263432641403 0.15449387151467983
2.4818581963359367 0.1441339505675463
2.5446900494077322 0.1329974441571568
2.607521902479528 0.12113055167756592
2.670353755551324 0.10858666455026604
2.7331856086231197 0.09542615822374746
2.796017461694916 0.08171603724912546
2.8588493147667116 0.06752943154836256
2.9216811678385075 0.05294494747448328
2.9845130209103035 0.038045883035717834
3.047344873982099 0.022919322390428747
3.1101767270538954 0.007655130063457935
3.173008580125691 -0.007655130063457935
3.2358404331974873 -0.022919322390428747
3.2986722862692828 -0.038045883035717834
3.3615041393410787 -0.05294494747448328
3.4243359924128747 -0.06752943154836256
3.48716784548467 -0.08171603724912546
3.549999698556466 -0.0954261582237473
3.612831551628262 -0.10858666455026604
3.675663404700058 -0.12113055167756592
3.7384952577718535 -0.13299744415715672
3.8013271108436495 -0.1441339505675463
3.8641589639154454 -0.15449387151467978
3.9269908169872414 -0.16403826750822414
3.989822670059038 -0.1727353976531572
4.052654523130833 -0.18056054332443283
4.115486376202629 -0.18749573325028937
4.178318229274425 -0.19352938772715228
4.241150082346222 -0.19865590009390838
4.303981935418017 -0.20287517321676818
4.366813788489813 -0.20619212771704531
4.429645641561608 -0.20861619716512658
4.4924774946334045 -0.21016082361710753
4.5553093477052 -0.21084296482855783
4.618141200776996 -0.2106826223680773
4.680973053848792 -0.20970239777583494
4.743804906920587 -0.2079270819501271
4.806636759992383 -0.20538328115649532
4.869468613064179 -0.20209908147651037
4.932300466135976 -0.19810375216638634
4.995132319207771 -0.19342748728369258
5.057964172279567 -0.18810118405685455
5.120796025351362 -0.18215625580184214
5.183627878423159 -0.17562447671313527
5.246459731494955 -0.16853785554837394
5.3092915845667505 -0.16092853506360724
5.372123437638546 -0.1528287140146184
5.434955290710342 -0.14427058859653805
5.497787143782137 -0.13528631032791158
5.560618996853934 -0.12590795757779186
5.62345084992573 -0.11616751816888432
5.686282702997525 -0.10609688075210778
5.749114556069321 -0.0957278329261637
5.811946409141116 -0.08509206435966814
5.874778262212914 -0.07422117345469535
5.937610115284709 -0.06314667636216059
6.000441968356505 -0.051900017415528105
6.0632738214283 -0.04051258028509822
6.126105674500097 -0.029015699366613475
6.188937527571893 -0.017440671101953117
6.2517693806436885 -0.005818765083604465