0.031415926535897934 0.009141741796828449
0.0942477796076938 0.02738616331879517
0.15707963267948966 0.04551361001731084
0.21991148575128552 0.06344680117956934
0.2827433388230814 0.08110950241720451
0.34557519189487723 0.09842692949995951
0.4084070449666731 0.11532613786903463
0.47123889803846897 0.13173639426098144
0.5340707511102649 0.14758952724028915
0.5969026041820606 0.16282025386183227
0.6597344572538566 0.17736648014952774
0.7225663103256523 0.19116957357031275
0.7853981633974483 0.20417460618800393
0.8482300164692442 0.21633056768519482
0.91106186954104 0.22759054792924446
0.9738937226128359 0.23791188921821438
1.0367255756846319 0.2472563087635225
1.0995574287564276 0.25558999233934654
1.1623892818282235 0.262883660347839
1.2252211349000193 0.269112607809679
1.2880529879718152 0.27425671998928347
1.350884841043611 0.2783004655031438
1.413716694115407 0.2812328688402523
1.4765485471872026 0.283047464249026
1.5393804002589986 0.28374223292067596
1.6022122533307945 0.2833195253307299
1.6650441064025903 0.2817859704953877
1.7278759594743862 0.2791523737650333
1.7907078125461822 0.2754336046211435
1.853539665617978 0.27064847577263673
1.9163715186897736 0.2648196146705641
1.9792033717615696 0.25797332838274517
2.0420352248333655 0.25013946259849107
2.104867077905162 0.24135125537319294
2.1676989309769574 0.23164518607762782
2.230530784048753 0.22106081989072277
2.2933626371205493 0.2096406480696703
2.356194490192345 0.1974299241491429
2.4190263432641403 0.18447649616243744
2.4818581963359367 0.17083063494137227
2.5446900494077322 0.15654485853747482
2.607521902479528 0.14167375281260178
2.670353755551324 0.12627378827018731
2.7331856086231197 0.11040313323583925
2.796017461694916 0.09412146354475705
2.8588493147667116 0.07748976894987944
2.9216811678385075 0.060570156525196484
2.9845130209103035 0.04342565139972786
3.047344873982099 0.026119995215879096
3.1101767270538954 0.008717442758153983
3.173008580125691 -0.008717442758153983
3.2358404331974873 -0.026119995215879096
3.2986722862692828 -0.04342565139972786
3.3615041393410787 -0.060570156525196484
3.4243359924128747 -0.07748976894987944
3.48716784548467 -0.09412146354475705
3.549999698556466 -0.11040313323583925
3.612831551628262 -0.12627378827018731
3.675663404700058 -0.14167375281260178
3.7384952577718535 -0.1565448585374747
3.8013271108436495 -0.17083063494137227
3.8641589639154454 -0.18447649616243744
3.9269908169872414 -0.1974299241491429
3.989822670059038 -0.20964064806967056
4.052654523130833 -0.22106081989072277
4.115486376202629 -0.23164518607762782
4.178318229274425 -0.24135125537319294
4.241150082346222 -0.25013946259849107
4.303981935418017 -0.2579733283827452
4.366813788489813 -0.2648196146705641
4.429645641561608 -0.2706484757726367
4.4924774946334045 -0.2754336046211436
4.5553093477052 -0.2791523737650333
4.618141200776996 -0.28178597049538795
4.680973053848792 -0.2833195253307299
4.743804906920587 -0.28374223292067596
4.806636759992383 -0.28304746424902605
4.869468613064179 -0.2812328688402523
4.932300466135976 -0.27830046550314363
4.995132319207771 -0.27425671998928347
5.057964172279567 -0.2691126078096792
5.120796025351362 -0.262883660347839
5.183627878423159 -0.25558999233934654
5.246459731494955 -0.24725630876352242
5.3092915845667505 -0.23791188921821438
5.372123437638546 -0.22759054792924446
5.434955290710342 -0.21633056768519493
5.497787143782137 -0.20417460618800395
5.560618996853934 -0.1911695735703127
5.62345084992573 -0.17736648014952774
5.686282702997525 -0.16282025386183227
5.749114556069321 -0.14758952724028937
5.811946409141116 -0.13173639426098163
5.874778262212914 -0.11532613786903444
5.937610115284709 -0.09842692949995951
6.000441968356505 -0.08110950241720451
6.0632738214283 -0.06344680117956945
6.126105674500097 -0.04551361001731084
6.188937527571893 -0.027386163318795075
6.2517693806436885 -0.009141741796828449