0.031415926535897934 0.004743600903149214
0.0942477796076938 0.014213359236293204
0.15707963267948966 0.023630842744931876
0.21991148575128552 0.032961386631339226
0.2827433388230814 0.04217060292404995
0.34557519189487723 0.05122448963250466
0.4084070449666731 0.06008953838873174
0.47123889803846897 0.06873284023068525
0.5340707511102649 0.07712218924196891
0.5969026041820606 0.08522618383074049
0.6597344572538566 0.09301432550365282
0.7225663103256523 0.10045711506550861
0.7853981633974483 0.10752614624848125
0.8482300164692442 0.11419419684277374
0.91106186954104 0.12043531746005257
0.9738937226128359 0.12622491810859304
1.0367255756846319 0.13153985279185373
1.0995574287564276 0.13635850235749258
1.1623892818282235 0.1406608558195393
1.2252211349000193 0.1444285903509491
1.2880529879718152 0.1476451500961312
1.350884841043611 0.1502958238830599
1.413716694115407 0.15236782182274713
1.4765485471872026 0.15385035067153005
1.5393804002589986 0.15473468770097093
1.6022122533307945 0.1550142526741752
1.6650441064025903 0.15468467736985925
1.7278759594743862 0.1537438719311358
1.7907078125461822 0.15219208715010146
1.853539665617978 0.15003197163784698
1.9163715186897736 0.14726862267894586
1.9792033717615696 0.14390962943656513
2.0420352248333655 0.13996510706598855
2.104867077905162 0.13544772021728926
2.1676989309769574 0.1303726943684884
2.230530784048753 0.12475781343443408
2.2933626371205493 0.1186234021484611
2.356194490192345 0.11199229181694528
2.4190263432641403 0.10488976820286801
2.4818581963359367 0.09734350050328891
2.5446900494077322 0.08938345064500373
2.607521902479528 0.08104176242829333
2.670353755551324 0.07235263039406786
2.7331856086231197 0.06335214866628185
2.796017461694916 0.05407814041887749
2.8588493147667116 0.04456996902275124
2.9216811678385075 0.03486833233035786
2.9845130209103035 0.02501504194001875
3.047344873982099 0.015052789635292326
3.1101767270538954 0.005024903504076153
3.173008580125691 -0.005024903504076153
3.2358404331974873 -0.015052789635292326
3.2986722862692828 -0.02501504194001875
3.3615041393410787 -0.03486833233035786
3.4243359924128747 -0.04456996902275124
3.48716784548467 -0.05407814041887749
3.549999698556466 -0.06335214866628179
3.612831551628262 -0.07235263039406786
3.675663404700058 -0.08104176242829333
3.7384952577718535 -0.08938345064500376
3.8013271108436495 -0.09734350050328891
3.8641589639154454 -0.10488976820286795
3.9269908169872414 -0.11199229181694528
3.989822670059038 -0.11862340214846132
4.052654523130833 -0.12475781343443408
4.115486376202629 -0.1303726943684884
4.178318229274425 -0.13544772021728946
4.241150082346222 -0.13996510706598872
4.303981935418017 -0.14390962943656513
4.366813788489813 -0.14726862267894586
4.429645641561608 -0.15003197163784698
4.4924774946334045 -0.1521920871501014
4.5553093477052 -0.1537438719311358
4.618141200776996 -0.15468467736985925
4.680973053848792 -0.1550142526741753
4.743804906920587 -0.15473468770097082
4.806636759992383 -0.1538503506715301
4.869468613064179 -0.15236782182274713
4.932300466135976 -0.15029582388305987
4.995132319207771 -0.14764515009613124
5.057964172279567 -0.1444285903509491
5.120796025351362 -0.14066085581953933
5.183627878423159 -0.13635850235749258
5.246459731494955 -0.1315398527918537
5.3092915845667505 -0.12622491810859304
5.372123437638546 -0.12043531746005257
5.434955290710342 -0.11419419684277397
5.497787143782137 -0.10752614624848132
5.560618996853934 -0.10045711506550856
5.62345084992573 -0.09301432550365282
5.686282702997525 -0.08522618383074049
5.749114556069321 -0.07712218924196886
5.811946409141116 -0.0687328402306853
5.874778262212914 -0.06008953838873176
5.937610115284709 -0.05122448963250466
6.000441968356505 -0.04217060292404995
6.0632738214283 -0.03296138663133918
6.126105674500097 -0.023630842744931876
6.188937527571893 -0.014213359236293136
6.2517693806436885 -0.004743600903149214