0.031415926535897934 0.00801575879317017
0.0942477796076938 0.024017293654101112
0.15707963267948966 0.03992899338516817
0.21991148575128552 0.05569134368032692
0.2827433388230814 0.07124539029719303
0.34557519189487723 0.0865329559937349
0.4084070449666731 0.10149685066404593
0.47123889803846897 0.11608107312862789
0.5340707511102649 0.1302310033120128
0.5969026041820606 0.14389358385678708
0.6597344572538566 0.15701749056607317
0.7225663103256523 0.16955329142315925
0.7853981633974483 0.1814535942937651
0.8482300164692442 0.1926731837598999
0.91106186954104 0.2031691478514509
0.9738937226128359 0.21290099572048102
1.0367255756846319 0.22183076753291567
1.0995574287564276 0.22992313802360806
1.1623892818282235 0.23714551526622157
1.2252211349000193 0.24346813624338018
1.2880529879718152 0.24886416076161727
1.350884841043611 0.2533097651383732
1.413716694115407 0.25678423689542174
1.4765485471872026 0.25927007142751546
1.5393804002589986 0.26075307128187974
1.6022122533307945 0.2612224482906808
1.6650441064025903 0.2606709283542285
1.7278759594743862 0.2590948581889862
1.7907078125461822 0.2564943128451129
1.853539665617978 0.25287320227881666
1.9163715186897736 0.2482393747525613
1.9792033717615696 0.2426047143499295
2.0420352248333655 0.23598522945149344
2.104867077905162 0.22840112864370277
2.1676989309769574 0.21987688024471982
2.230530784048753 0.21044125144845496
2.2933626371205493 0.20012732302806152
2.356194490192345 0.1889724756171562
2.4190263432641403 0.17701834381145046
2.4818581963359367 0.1643107347107442
2.5446900494077322 0.15089950805096305
2.607521902479528 0.13683841575118297
2.670353755551324 0.12218489950757827
2.7331856086231197 0.1069998459840726
2.796017461694916 0.09134730015080153
2.8588493147667116 0.07529413837302948
2.9216811678385075 0.058909703917146304
2.9845130209103035 0.042265408576136095
3.047344873982099 0.025434305082828814
3.1101767270538954 0.008490635834992499
3.173008580125691 -0.008490635834992499
3.2358404331974873 -0.025434305082828814
3.2986722862692828 -0.042265408576136095
3.3615041393410787 -0.058909703917146304
3.4243359924128747 -0.07529413837302948
3.48716784548467 -0.09134730015080153
3.549999698556466 -0.10699984598407254
3.612831551628262 -0.12218489950757827
3.675663404700058 -0.13683841575118297
3.7384952577718535 -0.15089950805096292
3.8013271108436495 -0.1643107347107442
3.8641589639154454 -0.17701834381145046
3.9269908169872414 -0.1889724756171562
3.989822670059038 -0.2001273230280616
4.052654523130833 -0.21044125144845496
4.115486376202629 -0.21987688024471982
4.178318229274425 -0.2284011286437029
4.241150082346222 -0.2359852294514936
4.303981935418017 -0.2426047143499297
4.366813788489813 -0.2482393747525613
4.429645641561608 -0.2528732022788166
4.4924774946334045 -0.256494312845113
4.5553093477052 -0.2590948581889862
4.618141200776996 -0.2606709283542286
4.680973053848792 -0.26122244829068086
4.743804906920587 -0.2607530712818797
4.806636759992383 -0.25927007142751546
4.869468613064179 -0.25678423689542174
4.932300466135976 -0.25330976513837306
4.995132319207771 -0.24886416076161727
5.057964172279567 -0.2434681362433804
5.120796025351362 -0.2371455152662215
5.183627878423159 -0.22992313802360806
5.246459731494955 -0.22183076753291558
5.3092915845667505 -0.21290099572048102
5.372123437638546 -0.2031691478514509
5.434955290710342 -0.1926731837598999
5.497787143782137 -0.18145359429376526
5.560618996853934 -0.16955329142315925
5.62345084992573 -0.15701749056607317
5.686282702997525 -0.14389358385678708
5.749114556069321 -0.13023100331201293
5.811946409141116 -0.11608107312862806
5.874778262212914 -0.10149685066404573
5.937610115284709 -0.0865329559937349
6.000441968356505 -0.07124539029719303
6.0632738214283 -0.05569134368032719
6.126105674500097 -0.03992899338516817
6.188937527571893 -0.024017293654101022
6.2517693806436885 -0.00801575879317017