0.031415926535897934 0.007946735670819851
0.0942477796076938 0.023809662116186292
0.15707963267948966 0.03958107801302196
0.21991148575128552 0.05520038902289964
0.2827433388230814 0.07060761600698987
0.34557519189487723 0.08574363354200944
0.4084070449666731 0.10055040114448849
0.47123889803846897 0.11497118549690831
0.5340707511102649 0.12895077223155121
0.5969026041820606 0.14243566612694952
0.6597344572538566 0.15537427889621114
0.7225663103256523 0.16771710408396426
0.7853981633974483 0.17941687892659067
0.8482300164692442 0.19042873335631666
0.91106186954104 0.20071032663168964
0.9738937226128359 0.2102219723440617
1.0367255756846319 0.21892675277231977
1.0995574287564276 0.2267906237282436
1.1623892818282235 0.23378251114636273
1.2252211349000193 0.23987440072073427
1.2880529879718152 0.2450414218745162
1.350884841043611 0.2492619272663414
1.413716694115407 0.25251756889220633
1.4765485471872026 0.25479337163669136
1.5393804002589986 0.2560778048685641
1.6022122533307945 0.25636285237067474
1.6650441064025903 0.2556440805517024
1.7278759594743862 0.25392070451839094
1.7907078125461822 0.2511956512033811
1.853539665617978 0.24747561835867116
1.9163715186897736 0.2427711278519763
1.9792033717615696 0.23709657135722975
2.0420352248333655 0.2304702462257184
2.104867077905162 0.22291437907510794
2.1676989309769574 0.2144551344533954
2.230530784048753 0.20512260583575193
2.2933626371205493 0.19495078620455367
2.356194490192345 0.18397751555438246
2.4190263432641403 0.17224440285912104
2.4818581963359367 0.15979672033858283
2.5446900494077322 0.14668326826455513
2.607521902479528 0.13295620904357858
2.670353755551324 0.11867086989484293
2.7331856086231197 0.10388551409057738
2.796017461694916 0.08866108142384725
2.8588493147667116 0.07306089929206
2.9216811678385075 0.05715036650871575
2.9845130209103035 0.040996612654685925
3.047344873982099 0.02466813642707126
3.1101767270538954 0.008234427013211872
3.173008580125691 -0.008234427013211872
3.2358404331974873 -0.02466813642707126
3.2986722862692828 -0.040996612654685925
3.3615041393410787 -0.05715036650871575
3.4243359924128747 -0.07306089929206
3.48716784548467 -0.08866108142384725
3.549999698556466 -0.10388551409057731
3.612831551628262 -0.11867086989484293
3.675663404700058 -0.13295620904357858
3.7384952577718535 -0.14668326826455513
3.8013271108436495 -0.15979672033858283
3.8641589639154454 -0.17224440285912093
3.9269908169872414 -0.18397751555438246
3.989822670059038 -0.19495078620455386
4.052654523130833 -0.20512260583575193
4.115486376202629 -0.2144551344533954
4.178318229274425 -0.22291437907510814
4.241150082346222 -0.23047024622571854
4.303981935418017 -0.23709657135722978
4.366813788489813 -0.2427711278519763
4.429645641561608 -0.24747561835867116
4.4924774946334045 -0.2511956512033811
4.5553093477052 -0.25392070451839094
4.618141200776996 -0.25564408055170257
4.680973053848792 -0.2563628523706748
4.743804906920587 -0.2560778048685641
4.806636759992383 -0.2547933716366913
4.869468613064179 -0.25251756889220633
4.932300466135976 -0.24926192726634147
4.995132319207771 -0.2450414218745162
5.057964172279567 -0.2398744007207343
5.120796025351362 -0.23378251114636278
5.183627878423159 -0.2267906237282436
5.246459731494955 -0.21892675277231968
5.3092915845667505 -0.2102219723440617
5.372123437638546 -0.20071032663168964
5.434955290710342 -0.19042873335631672
5.497787143782137 -0.17941687892659086
5.560618996853934 -0.1677171040839642
5.62345084992573 -0.15537427889621114
5.686282702997525 -0.14243566612694952
5.749114556069321 -0.12895077223155144
5.811946409141116 -0.11497118549690863
5.874778262212914 -0.10055040114448838
5.937610115284709 -0.08574363354200944
6.000441968356505 -0.07060761600698987
6.0632738214283 -0.05520038902289979
6.126105674500097 -0.03958107801302196
6.188937527571893 -0.023809662116186053
6.2517693806436885 -0.007946735670819851