0.031415926535897934 0.0070205313421765085
0.0942477796076938 0.021039232886516483
0.15707963267948966 0.03499088768954099
0.21991148575128552 0.04883091996941486
0.2827433388230814 0.06251493627517783
0.34557519189487723 0.07599879701790124
0.4084070449666731 0.08923868677149589
0.47123889803846897 0.102191183229953
0.5340707511102649 0.11481332487662012
0.5969026041820606 0.1270626776166344
0.6597344572538566 0.13889740083975038
0.7225663103256523 0.15027631361044516
0.7853981633974483 0.16115896191761775
0.8482300164692442 0.17150568814894557
0.91106186954104 0.18127770417599942
0.9738937226128359 0.1904371696360306
1.0367255756846319 0.19894727716497262
1.0995574287564276 0.2067723464634214
1.1623892818282235 0.21387792915269252
1.2252211349000193 0.22023092639098937
1.2880529879718152 0.2257997211598744
1.350884841043611 0.23055432698862457
1.413716694115407 0.23446655464944086
1.4765485471872026 0.23751019802185944
1.5393804002589986 0.23966123988382595
1.6022122533307945 0.240898077835994
1.6650441064025903 0.2412017699043943
1.7278759594743862 0.24055629859836242
1.7907078125461822 0.23894885133424862
1.853539665617978 0.236370114185696
1.9163715186897736 0.23281457490964536
1.9792033717615696 0.22828083015256137
2.0420352248333655 0.22277189070006248
2.104867077905162 0.21629547763896204
2.1676989309769574 0.20886430140391885
2.230530784048753 0.20049631493671308
2.2933626371205493 0.19121493165251685
2.356194490192345 0.18104919864194197
2.4190263432641403 0.17003391559352324
2.4818581963359367 0.1582096903436071
2.5446900494077322 0.14562292278138392
2.607521902479528 0.13232571007072852
2.670353755551324 0.11837566779109211
2.7331856086231197 0.10383566361636946
2.796017461694916 0.08877346248762015
2.8588493147667116 0.07326128481205142
2.9216811678385075 0.05737528193397601
2.9845130209103035 0.041194935853387876
3.047344873982099 0.024802392783596246
3.1101767270538954 0.008281742508052014
3.173008580125691 -0.008281742508052014
3.2358404331974873 -0.024802392783596246
3.2986722862692828 -0.041194935853387876
3.3615041393410787 -0.05737528193397601
3.4243359924128747 -0.07326128481205142
3.48716784548467 -0.08877346248762015
3.549999698556466 -0.10383566361636933
3.612831551628262 -0.11837566779109211
3.675663404700058 -0.13232571007072852
3.7384952577718535 -0.14562292278138386
3.8013271108436495 -0.1582096903436071
3.8641589639154454 -0.1700339155935231
3.9269908169872414 -0.18104919864194197
3.989822670059038 -0.19121493165251707
4.052654523130833 -0.20049631493671308
4.115486376202629 -0.20886430140391885
4.178318229274425 -0.21629547763896215
4.241150082346222 -0.22277189070006242
4.303981935418017 -0.22828083015256137
4.366813788489813 -0.23281457490964536
4.429645641561608 -0.23637011418569592
4.4924774946334045 -0.23894885133424862
4.5553093477052 -0.24055629859836242
4.618141200776996 -0.24120176990439435
4.680973053848792 -0.2408980778359939
4.743804906920587 -0.23966123988382598
4.806636759992383 -0.23751019802185933
4.869468613064179 -0.23446655464944086
4.932300466135976 -0.23055432698862446
4.995132319207771 -0.2257997211598744
5.057964172279567 -0.22023092639098937
5.120796025351362 -0.21387792915269258
5.183627878423159 -0.2067723464634214
5.246459731494955 -0.19894727716497257
5.3092915845667505 -0.1904371696360306
5.372123437638546 -0.18127770417599942
5.434955290710342 -0.17150568814894568
5.497787143782137 -0.16115896191761792
5.560618996853934 -0.15027631361044505
5.62345084992573 -0.13889740083975038
5.686282702997525 -0.1270626776166344
5.749114556069321 -0.11481332487662019
5.811946409141116 -0.10219118322995323
5.874778262212914 -0.08923868677149581
5.937610115284709 -0.07599879701790124
6.000441968356505 -0.06251493627517783
6.0632738214283 -0.04883091996941493
6.126105674500097 -0.03499088768954099
6.188937527571893 -0.021039232886516355
6.2517693806436885 -0.0070205313421765085