0.031415926535897934 0.006159053016551925
0.0942477796076938 0.018458765803162833
0.15707963267948966 0.03070331230675253
0.21991148575128552 0.04285595985955733
0.2827433388230814 0.05488004308854692
0.34557519189487723 0.06673899091542566
0.4084070449666731 0.0783963537666472
0.47123889803846897 0.08981583123271827
0.5340707511102649 0.100961300544485
0.5969026041820606 0.11179684638437018
0.6597344572538566 0.12228679271865124
0.7225663103256523 0.1323957375181194
0.7853981633974483 0.14208859142336083
0.8482300164692442 0.15133062160125368
0.91106186954104 0.1600875022240491
0.9738937226128359 0.1683253731738226
1.0367255756846319 0.17601090872453187
1.0995574287564276 0.18311139807192853
1.1623892818282235 0.18959483965799453
1.2252211349000193 0.19543005126041252
1.2880529879718152 0.20058679777741784
1.350884841043611 0.20503593852238322
1.413716694115407 0.2087495956389057
1.4765485471872026 0.2117013449447562
1.5393804002589986 0.21386643010175602
1.6022122533307945 0.2152220004803553
1.6650441064025903 0.21574737243732367
1.7278759594743862 0.21542431295144338
1.7907078125461822 0.2142373436697529
1.853539665617978 0.21217406241656464
1.9163715186897736 0.20922547812788223
1.9792033717615696 0.20538635402245795
2.0420352248333655 0.20065555264460902
2.104867077905162 0.1950363752597302
2.1676989309769574 0.1885368870071136
2.230530784048753 0.18117021827979773
2.2933626371205493 0.1729548320767913
2.356194490192345 0.1639147466300874
2.4190263432641403 0.1540797025159246
2.4818581963359367 0.1434852637774561
2.5446900494077322 0.13217284336151613
2.607521902479528 0.12018964443312762
2.670353755551324 0.10758851088051555
2.7331856086231197 0.09442768253413503
2.796017461694916 0.08077045323736604
2.8588493147667116 0.0666847328339231
2.9216811678385075 0.05224251725826174
2.9845130209103035 0.037519274087226676
3.047344873982099 0.02259325397521769
3.1101767270538954 0.007544741187708898
3.173008580125691 -0.007544741187708898
3.2358404331974873 -0.02259325397521769
3.2986722862692828 -0.037519274087226676
3.3615041393410787 -0.05224251725826174
3.4243359924128747 -0.0666847328339231
3.48716784548467 -0.08077045323736604
3.549999698556466 -0.09442768253413485
3.612831551628262 -0.10758851088051555
3.675663404700058 -0.12018964443312762
3.7384952577718535 -0.13217284336151597
3.8013271108436495 -0.1434852637774561
3.8641589639154454 -0.1540797025159245
3.9269908169872414 -0.1639147466300874
3.989822670059038 -0.17295483207679138
4.052654523130833 -0.18117021827979773
4.115486376202629 -0.1885368870071136
4.178318229274425 -0.19503637525973017
4.241150082346222 -0.2006555526446089
4.303981935418017 -0.20538635402245803
4.366813788489813 -0.20922547812788223
4.429645641561608 -0.21217406241656464
4.4924774946334045 -0.21423734366975292
4.5553093477052 -0.21542431295144338
4.618141200776996 -0.21574737243732361
4.680973053848792 -0.21522200048035534
4.743804906920587 -0.21386643010175602
4.806636759992383 -0.21170134494475618
4.869468613064179 -0.2087495956389057
4.932300466135976 -0.20503593852238317
4.995132319207771 -0.20058679777741784
5.057964172279567 -0.19543005126041252
5.120796025351362 -0.18959483965799453
5.183627878423159 -0.18311139807192853
5.246459731494955 -0.17601090872453176
5.3092915845667505 -0.1683253731738226
5.372123437638546 -0.1600875022240491
5.434955290710342 -0.15133062160125385
5.497787143782137 -0.14208859142336097
5.560618996853934 -0.1323957375181194
5.62345084992573 -0.12228679271865124
5.686282702997525 -0.11179684638437018
5.749114556069321 -0.10096130054448513
5.811946409141116 -0.08981583123271844
5.874778262212914 -0.0783963537666471
5.937610115284709 -0.06673899091542566
6.000441968356505 -0.05488004308854692
6.0632738214283 -0.04285595985955741
6.126105674500097 -0.03070331230675253
6.188937527571893 -0.018458765803162667
6.2517693806436885 -0.006159053016551925