0.031415926535897934 0.007563961799748819
0.0942477796076938 0.0226518453645035
0.15707963267948966 0.03761995133343095
0.21991148575128552 0.052389564546298756
0.2827433388230814 0.06688365687328675
0.34557519189487723 0.08102752677089622
0.4084070449666731 0.09474940449059578
0.47123889803846897 0.10798101439956104
0.5340707511102649 0.120658086783065
0.5969026041820606 0.1327208125621613
0.6597344572538566 0.14411423555083974
0.7225663103256523 0.15478857816282174
0.7853981633974483 0.16469949782602122
0.8482300164692442 0.1738082727371606
0.91106186954104 0.18208191695429365
0.9738937226128359 0.18949322614595193
1.0367255756846319 0.19602075655903237
1.0995574287564276 0.2016487409032508
1.1623892818282235 0.20636694585199017
1.2252211349000193 0.2101704767067295
1.2880529879718152 0.21305953544975803
1.350884841043611 0.21503913890846388
1.413716694115407 0.21611880407131864
1.4765485471872026 0.21631220773394913
1.5393804002589986 0.21563682762219796
1.6022122533307945 0.21411357195147349
1.6650441064025903 0.21176640405565156
1.7278759594743862 0.208621968274909
1.7907078125461822 0.20470922275270975
1.853539665617978 0.20005908418108403
1.9163715186897736 0.19470408887355647
1.9792033717615696 0.1886780738588023
2.0420352248333655 0.1820158809957082
2.104867077905162 0.174753086430073
2.1676989309769574 0.16692575705999751
2.230530784048753 0.15857023506343162
2.2933626371205493 0.1497229509767001
2.356194490192345 0.14042026530347984
2.4190263432641403 0.1306983381832708
2.4818581963359367 0.12059302625804402
2.5446900494077322 0.11013980554444414
2.607521902479528 0.09937371884392615
2.670353755551324 0.08832934600036783
2.7331856086231197 0.07704079513886396
2.796017461694916 0.06554171288479083
2.8588493147667116 0.053865311462710154
2.9216811678385075 0.04204441050409514
2.9845130209103035 0.03011149134531196
3.047344873982099 0.018098761567211557
3.1101767270538954 0.006038227510225208
3.173008580125691 -0.006038227510225208
3.2358404331974873 -0.018098761567211557
3.2986722862692828 -0.03011149134531196
3.3615041393410787 -0.04204441050409514
3.4243359924128747 -0.053865311462710154
3.48716784548467 -0.06554171288479083
3.549999698556466 -0.07704079513886389
3.612831551628262 -0.08832934600036783
3.675663404700058 -0.09937371884392615
3.7384952577718535 -0.11013980554444405
3.8013271108436495 -0.12059302625804402
3.8641589639154454 -0.13069833818327073
3.9269908169872414 -0.14042026530347984
3.989822670059038 -0.14972295097670033
4.052654523130833 -0.15857023506343162
4.115486376202629 -0.16692575705999751
4.178318229274425 -0.17475308643007317
4.241150082346222 -0.18201588099570828
4.303981935418017 -0.18867807385880248
4.366813788489813 -0.19470408887355647
4.429645641561608 -0.20005908418108403
4.4924774946334045 -0.2047092227527098
4.5553093477052 -0.208621968274909
4.618141200776996 -0.2117664040556516
4.680973053848792 -0.21411357195147349
4.743804906920587 -0.21563682762219785
4.806636759992383 -0.2163122077339492
4.869468613064179 -0.21611880407131864
4.932300466135976 -0.2150391389084638
4.995132319207771 -0.2130595354497581
5.057964172279567 -0.21017047670672948
5.120796025351362 -0.20636694585199017
5.183627878423159 -0.2016487409032508
5.246459731494955 -0.19602075655903228
5.3092915845667505 -0.18949322614595193
5.372123437638546 -0.18208191695429365
5.434955290710342 -0.1738082727371606
5.497787143782137 -0.16469949782602142
5.560618996853934 -0.15478857816282166
5.62345084992573 -0.14411423555083974
5.686282702997525 -0.1327208125621613
5.749114556069321 -0.12065808678306511
5.811946409141116 -0.10798101439956143
5.874778262212914 -0.09474940449059566
5.937610115284709 -0.08102752677089622
6.000441968356505 -0.06688365687328675
6.0632738214283 -0.05238956454629887
6.126105674500097 -0.03761995133343095
6.188937527571893 -0.022651845364503292
6.2517693806436885 -0.007563961799748819