0.031415926535897934 0.00757473146793512
0.0942477796076938 0.022696569430291115
0.15707963267948966 0.03773562727560773
0.21991148575128552 0.052637033442071914
0.2827433388230814 0.06734638627219222
0.34557519189487723 0.08180993634422454
0.4084070449666731 0.09597476342495052
0.47123889803846897 0.10978894685570005
0.5340707511102649 0.12320172842648755
0.5969026041820606 0.13616366707044647
0.6597344572538566 0.1486267850118634
0.7225663103256523 0.16054470531458379
0.7853981633974483 0.17187278109143295
0.8482300164692442 0.18256821693755096
0.91106186954104 0.19259018342941717
0.9738937226128359 0.20189992577571117
1.0367255756846319 0.21046086790583968
1.0995574287564276 0.21823871342790926
1.1623892818282235 0.22520154497252592
1.2252211349000193 0.23131992345597668
1.2880529879718152 0.2365669887417232
1.350884841043611 0.24091856305016948
1.413716694115407 0.24435325826272136
1.4765485471872026 0.24685258798866874
1.5393804002589986 0.24840108491594576
1.6022122533307945 0.2489864235551634
1.6650441064025903 0.24859954801865675
1.7278759594743862 0.24723480396322112
1.7907078125461822 0.24489007327983883
1.853539665617978 0.24156690955157975
1.9163715186897736 0.23727067173990346
1.9792033717615696 0.23201065301987503
2.0420352248333655 0.22580020118812166
2.104867077905162 0.21865682663673006
2.1676989309769574 0.21060229354516827
2.230530784048753 0.2016626897136832
2.2933626371205493 0.19186847036687846
2.356194490192345 0.18125447131382888
2.4190263432641403 0.1698598870755084
2.4818581963359367 0.15772820999037102
2.5446900494077322 0.14490712688675406
2.607521902479528 0.13144837066082377
2.670353755551324 0.11740752500705849
2.7331856086231197 0.10284378159220119
2.796017461694916 0.08781965011223347
2.8588493147667116 0.07240062288685183
2.9216811678385075 0.056654796882670194
2.9845130209103035 0.040652457266474304
3.047344873982099 0.02446562772315567
3.1101767270538954 0.008167593780482783
3.173008580125691 -0.008167593780482783
3.2358404331974873 -0.02446562772315567
3.2986722862692828 -0.040652457266474304
3.3615041393410787 -0.056654796882670194
3.4243359924128747 -0.07240062288685183
3.48716784548467 -0.08781965011223347
3.549999698556466 -0.10284378159220119
3.612831551628262 -0.11740752500705849
3.675663404700058 -0.13144837066082377
3.7384952577718535 -0.14490712688675406
3.8013271108436495 -0.15772820999037102
3.8641589639154454 -0.16985988707550834
3.9269908169872414 -0.18125447131382888
3.989822670059038 -0.19186847036687862
4.052654523130833 -0.2016626897136832
4.115486376202629 -0.21060229354516827
4.178318229274425 -0.21865682663673
4.241150082346222 -0.22580020118812177
4.303981935418017 -0.2320106530198751
4.366813788489813 -0.23727067173990346
4.429645641561608 -0.24156690955157956
4.4924774946334045 -0.2448900732798389
4.5553093477052 -0.24723480396322112
4.618141200776996 -0.24859954801865666
4.680973053848792 -0.2489864235551633
4.743804906920587 -0.24840108491594576
4.806636759992383 -0.24685258798866871
4.869468613064179 -0.24435325826272136
4.932300466135976 -0.24091856305016954
4.995132319207771 -0.2365669887417232
5.057964172279567 -0.23131992345597668
5.120796025351362 -0.2252015449725261
5.183627878423159 -0.21823871342790926
5.246459731494955 -0.21046086790583954
5.3092915845667505 -0.20189992577571117
5.372123437638546 -0.19259018342941717
5.434955290710342 -0.18256821693755104
5.497787143782137 -0.17187278109143317
5.560618996853934 -0.16054470531458376
5.62345084992573 -0.1486267850118634
5.686282702997525 -0.13616366707044647
5.749114556069321 -0.12320172842648769
5.811946409141116 -0.10978894685570025
5.874778262212914 -0.09597476342495052
5.937610115284709 -0.08180993634422454
6.000441968356505 -0.06734638627219222
6.0632738214283 -0.05263703344207208
6.126105674500097 -0.03773562727560773
6.188937527571893 -0.02269656943029096
6.2517693806436885 -0.00757473146793512