0.031415926535897934 0.00817127200235839
0.0942477796076938 0.0244396226996218
0.15707963267948966 0.04048685332971135
0.21991148575128552 0.05617036408276155
0.2827433388230814 0.07135459428273863
0.34557519189487723 0.08591348594458617
0.4084070449666731 0.09973261854214281
0.47123889803846897 0.11271095231644901
0.5340707511102649 0.12476213758255458
0.5969026041820606 0.13581536881761566
0.6597344572538566 0.14581578338952825
0.7225663103256523 0.15472442429132807
0.7853981633974483 0.1625178030867951
0.8482300164692442 0.16918711265191536
0.91106186954104 0.17473714875651905
0.9738937226128359 0.17918500494834916
1.0367255756846319 0.18255860675968613
1.0995574287564276 0.184895149383005
1.1623892818282235 0.18623949826066363
1.2252211349000193 0.18664260520669643
1.2880529879718152 0.1861599844551823
1.350884841043611 0.18485028410292773
1.413716694115407 0.18277397939631837
1.4765485471872026 0.17999220570354374
1.5393804002589986 0.17656574118894408
1.6022122533307945 0.17255414241519634
1.6650441064025903 0.16801503047518884
1.7278759594743862 0.16300352083418385
1.7907078125461822 0.1575717868021409
1.853539665617978 0.15176874435786228
1.9163715186897736 0.145639844777257
1.9792033717615696 0.13922696102571336
2.0420352248333655 0.13256835400363176
2.104867077905162 0.1256987053354565
2.1676989309769574 0.11864920433072505
2.230530784048753 0.11144767790322573
2.2933626371205493 0.10411875351363846
2.356194490192345 0.09668404652396102
2.4190263432641403 0.08916236465905068
2.4818581963359367 0.08156992351857158
2.5446900494077322 0.0739205682423803
2.607521902479528 0.06622599748622511
2.670353755551324 0.05849598680390324
2.7331856086231197 0.050738609354863844
2.796017461694916 0.042960452565652715
2.8588493147667116 0.03516682997577882
2.9216811678385075 0.027361988001660877
2.9845130209103035 0.019549307765199336
3.047344873982099 0.011731502465182633
3.1101767270538954 0.003910811028517081
3.173008580125691 -0.003910811028517081
3.2358404331974873 -0.011731502465182633
3.2986722862692828 -0.019549307765199336
3.3615041393410787 -0.027361988001660877
3.4243359924128747 -0.03516682997577882
3.48716784548467 -0.042960452565652715
3.549999698556466 -0.05073860935486378
3.612831551628262 -0.05849598680390324
3.675663404700058 -0.06622599748622511
3.7384952577718535 -0.0739205682423803
3.8013271108436495 -0.08156992351857158
3.8641589639154454 -0.08916236465905068
3.9269908169872414 -0.09668404652396102
3.989822670059038 -0.10411875351363856
4.052654523130833 -0.11144767790322573
4.115486376202629 -0.11864920433072505
4.178318229274425 -0.12569870533545643
4.241150082346222 -0.1325683540036318
4.303981935418017 -0.1392269610257134
4.366813788489813 -0.145639844777257
4.429645641561608 -0.15176874435786228
4.4924774946334045 -0.15757178680214098
4.5553093477052 -0.16300352083418385
4.618141200776996 -0.16801503047518895
4.680973053848792 -0.17255414241519634
4.743804906920587 -0.17656574118894403
4.806636759992383 -0.17999220570354357
4.869468613064179 -0.18277397939631837
4.932300466135976 -0.1848502841029278
4.995132319207771 -0.1861599844551823
5.057964172279567 -0.18664260520669648
5.120796025351362 -0.1862394982606636
5.183627878423159 -0.184895149383005
5.246459731494955 -0.1825586067596861
5.3092915845667505 -0.17918500494834916
5.372123437638546 -0.17473714875651905
5.434955290710342 -0.16918711265191527
5.497787143782137 -0.16251780308679512
5.560618996853934 -0.15472442429132796
5.62345084992573 -0.14581578338952825
5.686282702997525 -0.13581536881761566
5.749114556069321 -0.12476213758255461
5.811946409141116 -0.11271095231644927
5.874778262212914 -0.09973261854214271
5.937610115284709 -0.08591348594458617
6.000441968356505 -0.07135459428273863
6.0632738214283 -0.05617036408276164
6.126105674500097 -0.04048685332971135
6.188937527571893 -0.024439622699621667
6.2517693806436885 -0.00817127200235839