0.031415926535897934 0.009870323063666748
0.0942477796076938 0.029553105256215285
0.15707963267948966 0.049062866454151845
0.21991148575128552 0.06828615322599482
0.2827433388230814 0.08711232231914645
0.34557519189487723 0.10543460388193332
0.4084070449666731 0.12315110498350376
0.47123889803846897 0.14016573803540341
0.5340707511102649 0.156389059996535
0.5969026041820606 0.1717390098261064
0.6597344572538566 0.18614153353223295
0.7225663103256523 0.19953108832888436
0.7853981633974483 0.21185101982666393
0.8482300164692442 0.22305380879201922
0.91106186954104 0.23310118674703895
0.9738937226128359 0.24196412246604063
1.0367255756846319 0.24962268416409675
1.0995574287564276 0.25606578477063213
1.1623892818282235 0.26129082004445264
1.2252211349000193 0.2653032113296246
1.2880529879718152 0.2681158664033593
1.350884841043611 0.2697485730751222
1.413716694115407 0.2702273409304086
1.4765485471872026 0.2695837068661761
1.5393804002589986 0.26785401985400137
1.6022122533307945 0.26507871972870783
1.6650441064025903 0.2613016237889111
1.7278759594743862 0.2565692336790038
1.7907078125461822 0.250930073474898
1.853539665617978 0.2444340681966389
1.9163715186897736 0.2371319701964676
1.9792033717615696 0.22907483909206255
2.0420352248333655 0.22031357919386577
2.104867077905162 0.2108985367641195
2.1676989309769574 0.2008791579831112
2.230530784048753 0.1903037072125739
2.2933626371205493 0.17921904405302655
2.356194490192345 0.16767045679630785
2.4190263432641403 0.155701549172904
2.4818581963359367 0.14335417677476153
2.5446900494077322 0.13066842918146976
2.607521902479528 0.11768265361050288
2.670353755551324 0.10443351582787992
2.7331856086231197 0.09095609407042723
2.796017461694916 0.0772840018213936
2.8588493147667116 0.06344953542499074
2.9216811678385075 0.04948384270185367
2.9845130209103035 0.03541710891782259
3.047344873982099 0.02127875664665289
3.1101767270538954 0.00709765623961968
3.173008580125691 -0.00709765623961968
3.2358404331974873 -0.02127875664665289
3.2986722862692828 -0.03541710891782259
3.3615041393410787 -0.04948384270185367
3.4243359924128747 -0.06344953542499074
3.48716784548467 -0.0772840018213936
3.549999698556466 -0.09095609407042717
3.612831551628262 -0.10443351582787992
3.675663404700058 -0.11768265361050288
3.7384952577718535 -0.1306684291814696
3.8013271108436495 -0.14335417677476153
3.8641589639154454 -0.15570154917290388
3.9269908169872414 -0.16767045679630785
3.989822670059038 -0.1792190440530267
4.052654523130833 -0.1903037072125739
4.115486376202629 -0.2008791579831112
4.178318229274425 -0.21089853676411957
4.241150082346222 -0.22031357919386585
4.303981935418017 -0.22907483909206255
4.366813788489813 -0.2371319701964676
4.429645641561608 -0.2444340681966389
4.4924774946334045 -0.250930073474898
4.5553093477052 -0.2565692336790038
4.618141200776996 -0.2613016237889112
4.680973053848792 -0.2650787197287078
4.743804906920587 -0.26785401985400126
4.806636759992383 -0.2695837068661761
4.869468613064179 -0.2702273409304086
4.932300466135976 -0.2697485730751221
4.995132319207771 -0.2681158664033593
5.057964172279567 -0.26530321132962464
5.120796025351362 -0.26129082004445264
5.183627878423159 -0.25606578477063213
5.246459731494955 -0.24962268416409666
5.3092915845667505 -0.24196412246604063
5.372123437638546 -0.23310118674703895
5.434955290710342 -0.22305380879201928
5.497787143782137 -0.21185101982666413
5.560618996853934 -0.19953108832888433
5.62345084992573 -0.18614153353223295
5.686282702997525 -0.1717390098261064
5.749114556069321 -0.15638905999653493
5.811946409141116 -0.1401657380354037
5.874778262212914 -0.1231511049835038
5.937610115284709 -0.10543460388193332
6.000441968356505 -0.08711232231914645
6.0632738214283 -0.06828615322599504
6.126105674500097 -0.049062866454151845
6.188937527571893 -0.029553105256215195
6.2517693806436885 -0.009870323063666748