0.031415926535897934 0.002907695940461235
0.0942477796076938 0.00871348581184502
0.15707963267948966 0.014490484791280985
0.21991148575128552 0.020219549507849568
0.2827433388230814 0.02588161278325527
0.34557519189487723 0.031457714829571985
0.4084070449666731 0.036929035182628016
0.47123889803846897 0.0422769256014973
0.5340707511102649 0.04748294417791594
0.5969026041820606 0.05252889091374016
0.6597344572538566 0.05739684503859872
0.7225663103256523 0.06206920435234902
0.7853981633974483 0.06652872688626661
0.8482300164692442 0.07075857518148707
0.91106186954104 0.0747423634813031
0.9738937226128359 0.07846420812372817
1.0367255756846319 0.08190878140045368
1.0995574287564276 0.08506136911617995
1.1623892818282235 0.08790793203665662
1.2252211349000193 0.09043517135311696
1.2880529879718152 0.09263059821396184
1.350884841043611 0.09448260728064832
1.413716694115407 0.09598055415340749
1.4765485471872026 0.0971148363837952
1.5393804002589986 0.09787697764602646
1.6022122533307945 0.09825971447916024
1.6650441064025903 0.09825708483996162
1.7278759594743862 0.09786451752509434
1.7907078125461822 0.09707892133555616
1.853539665617978 0.0958987726713655
1.9163715186897736 0.09432420006672025
1.9792033717615696 0.0923570640123468
2.0420352248333655 0.09000103027033322
2.104867077905162 0.08726163477561699
2.1676989309769574 0.08414633814581333
2.230530784048753 0.08066456779524454
2.2933626371205493 0.07682774567719977
2.356194490192345 0.07264929976670731
2.4190263432641403 0.06814465754885186
2.4818581963359367 0.06333121999714657
2.5446900494077322 0.05822831481229856
2.607521902479528 0.05285712804059351
2.670353755551324 0.04724061359667126
2.7331856086231197 0.04140338066809284
2.796017461694916 0.03537155946629512
2.8588493147667116 0.029172646295124838
2.9216811678385075 0.022835329416955374
2.9845130209103035 0.016389297688921587
3.047344873982099 0.009865034399158845
3.1101767270538954 0.0032935991368075465
3.173008580125691 -0.0032935991368075465
3.2358404331974873 -0.009865034399158845
3.2986722862692828 -0.016389297688921587
3.3615041393410787 -0.022835329416955374
3.4243359924128747 -0.029172646295124838
3.48716784548467 -0.03537155946629512
3.549999698556466 -0.04140338066809278
3.612831551628262 -0.04724061359667126
3.675663404700058 -0.05285712804059351
3.7384952577718535 -0.05822831481229856
3.8013271108436495 -0.06333121999714657
3.8641589639154454 -0.06814465754885175
3.9269908169872414 -0.07264929976670731
3.989822670059038 -0.07682774567719985
4.052654523130833 -0.08066456779524454
4.115486376202629 -0.08414633814581333
4.178318229274425 -0.08726163477561706
4.241150082346222 -0.09000103027033328
4.303981935418017 -0.09235706401234678
4.366813788489813 -0.09432420006672025
4.429645641561608 -0.0958987726713655
4.4924774946334045 -0.09707892133555614
4.5553093477052 -0.09786451752509434
4.618141200776996 -0.09825708483996166
4.680973053848792 -0.09825971447916011
4.743804906920587 -0.09787697764602646
4.806636759992383 -0.0971148363837952
4.869468613064179 -0.09598055415340749
4.932300466135976 -0.09448260728064833
4.995132319207771 -0.09263059821396184
5.057964172279567 -0.09043517135311696
5.120796025351362 -0.08790793203665664
5.183627878423159 -0.08506136911617995
5.246459731494955 -0.08190878140045356
5.3092915845667505 -0.07846420812372817
5.372123437638546 -0.0747423634813031
5.434955290710342 -0.07075857518148716
5.497787143782137 -0.06652872688626665
5.560618996853934 -0.062069204352348986
5.62345084992573 -0.05739684503859872
5.686282702997525 -0.05252889091374016
5.749114556069321 -0.04748294417791608
5.811946409141116 -0.042276925601497255
5.874778262212914 -0.03692903518262811
5.937610115284709 -0.031457714829571985
6.000441968356505 -0.02588161278325527
6.0632738214283 -0.020219549507849575
6.126105674500097 -0.014490484791280985
6.188937527571893 -0.008713485811845017
6.2517693806436885 -0.002907695940461235