0.031415926535897934 0.0069459885481048525
0.0942477796076938 0.02081677503474605
0.15707963267948966 0.03462401447481598
0.21991148575128552 0.048325424589661735
0.2827433388230814 0.0618788460926667
0.34557519189487723 0.07524229069026682
0.4084070449666731 0.08837398806556258
0.47123889803846897 0.10123243180355192
0.5340707511102649 0.11377642439542186
0.5969026041820606 0.12596512166764443
0.6597344572538566 0.1377580772142483
0.7225663103256523 0.149115287661026
0.7853981633974483 0.15999723985126746
0.8482300164692442 0.17036496130574494
0.91106186954104 0.18018007556616786
0.9738937226128359 0.1894048642715069
1.0367255756846319 0.19800233802996853
1.0995574287564276 0.20593631832476192
1.1623892818282235 0.21317153281719792
1.2252211349000193 0.21967372647343228
1.2880529879718152 0.22540979092821503
1.350884841043611 0.2303479143968289
1.413716694115407 0.234457754241649
1.4765485471872026 0.23771063397953887
1.5393804002589986 0.2400797660690619
1.6022122533307945 0.24154050123273552
1.6650441064025903 0.24207060434302496
1.7278759594743862 0.24165055602969684
1.7907078125461822 0.24026387815461706
1.853539665617978 0.2378974801595805
1.9163715186897736 0.23454202204361865
1.9792033717615696 0.23019228839884778
2.0420352248333655 0.22484756656969712
2.104867077905162 0.21851202065204775
2.1676989309769574 0.2111950517799933
2.230530784048753 0.2029116340316419
2.2933626371205493 0.19368261440142542
2.356194490192345 0.18353496471747888
2.4190263432641403 0.17250197320942978
2.4818581963359367 0.1606233637266331
2.5446900494077322 0.1479453314267035
2.607521902479528 0.1345204851341234
2.670353755551324 0.12040768851514398
2.7331856086231197 0.105671794700518
2.796017461694916 0.09038327194717478
2.8588493147667116 0.07461772126141947
2.9216811678385075 0.05845529047263325
2.9845130209103035 0.04197999288227716
3.047344873982099 0.025278942134008536
3.1101767270538954 0.00844151816610626
3.173008580125691 -0.00844151816610626
3.2358404331974873 -0.025278942134008536
3.2986722862692828 -0.04197999288227716
3.3615041393410787 -0.05845529047263325
3.4243359924128747 -0.07461772126141947
3.48716784548467 -0.09038327194717478
3.549999698556466 -0.10567179470051795
3.612831551628262 -0.12040768851514398
3.675663404700058 -0.1345204851341234
3.7384952577718535 -0.1479453314267034
3.8013271108436495 -0.1606233637266331
3.8641589639154454 -0.17250197320942956
3.9269908169872414 -0.18353496471747888
3.989822670059038 -0.19368261440142556
4.052654523130833 -0.2029116340316419
4.115486376202629 -0.2111950517799933
4.178318229274425 -0.2185120206520479
4.241150082346222 -0.2248475665696972
4.303981935418017 -0.2301922883988479
4.366813788489813 -0.23454202204361865
4.429645641561608 -0.23789748015958057
4.4924774946334045 -0.24026387815461706
4.5553093477052 -0.24165055602969684
4.618141200776996 -0.2420706043430248
4.680973053848792 -0.24154050123273552
4.743804906920587 -0.2400797660690619
4.806636759992383 -0.23771063397953882
4.869468613064179 -0.234457754241649
4.932300466135976 -0.2303479143968288
4.995132319207771 -0.22540979092821503
5.057964172279567 -0.21967372647343236
5.120796025351362 -0.21317153281719795
5.183627878423159 -0.20593631832476192
5.246459731494955 -0.19800233802996844
5.3092915845667505 -0.1894048642715069
5.372123437638546 -0.18018007556616786
5.434955290710342 -0.17036496130574488
5.497787143782137 -0.15999723985126765
5.560618996853934 -0.14911528766102586
5.62345084992573 -0.1377580772142483
5.686282702997525 -0.12596512166764443
5.749114556069321 -0.113776424395422
5.811946409141116 -0.10123243180355225
5.874778262212914 -0.08837398806556251
5.937610115284709 -0.07524229069026682
6.000441968356505 -0.0618788460926667
6.0632738214283 -0.04832542458966187
6.126105674500097 -0.03462401447481598
6.188937527571893 -0.020816775034745914
6.2517693806436885 -0.0069459885481048525