0.031415926535897934 0.0074190577272177155
0.0942477796076938 0.022209446323618348
0.15707963267948966 0.03685720720883657
0.21991148575128552 0.05126908766441918
0.2827433388230814 0.06535454725065831
0.34557519189487723 0.07902677085129846
0.4084070449666731 0.09220361181130915
0.47123889803846897 0.10480844797463518
0.5340707511102649 0.11677093547278655
0.5969026041820606 0.12802764755459786
0.6597344572538566 0.13852258853244
0.7225663103256523 0.1482075759826185
0.7853981633974483 0.1570424875915539
0.8482300164692442 0.16499537238251877
0.91106186954104 0.17204242937632705
0.9738937226128359 0.17816785991387007
1.0367255756846319 0.18336360278097585
1.0995574287564276 0.18762896381850241
1.1623892818282235 0.19097015378181312
1.2252211349000193 0.1933997497661028
1.2880529879718152 0.19493609649758412
1.350884841043611 0.1956026641952175
1.413716694115407 0.19542737955290546
1.4765485471872026 0.19444194572401136
1.5393804002589986 0.19268116607704003
1.6022122533307945 0.19018228501787046
1.6650441064025903 0.18698435743421957
1.7278759594743862 0.18312765640922882
1.7907078125461822 0.17865312686725332
1.853539665617978 0.17360189084206154
1.9163715186897736 0.16801480816964096
1.9792033717615696 0.16193209466422057
2.0420352248333655 0.15539299828097944
2.104867077905162 0.14843553243084978
2.1676989309769574 0.14109626450613566
2.230530784048753 0.13341015680202786
2.2933626371205493 0.12541045636984297
2.356194490192345 0.11712862989620008
2.4190263432641403 0.1085943394460034
2.4818581963359367 0.09983545481013412
2.5446900494077322 0.09087809823365661
2.607521902479528 0.08174671743956026
2.670353755551324 0.07246418308015402
2.7331856086231197 0.06305190701872075
2.796017461694916 0.05352997814598255
2.8588493147667116 0.043917312750136085
2.9216811678385075 0.03423181676934897
2.9845130209103035 0.024490557548097723
3.047344873982099 0.014709942982555612
3.1101767270538954 0.004905906166702407
3.173008580125691 -0.004905906166702407
3.2358404331974873 -0.014709942982555612
3.2986722862692828 -0.024490557548097723
3.3615041393410787 -0.03423181676934897
3.4243359924128747 -0.043917312750136085
3.48716784548467 -0.05352997814598255
3.549999698556466 -0.06305190701872075
3.612831551628262 -0.07246418308015402
3.675663404700058 -0.08174671743956026
3.7384952577718535 -0.09087809823365661
3.8013271108436495 -0.09983545481013412
3.8641589639154454 -0.10859433944600334
3.9269908169872414 -0.11712862989620008
3.989822670059038 -0.1254104563698431
4.052654523130833 -0.13341015680202786
4.115486376202629 -0.14109626450613566
4.178318229274425 -0.1484355324308499
4.241150082346222 -0.1553929982809796
4.303981935418017 -0.1619320946642208
4.366813788489813 -0.16801480816964096
4.429645641561608 -0.17360189084206154
4.4924774946334045 -0.17865312686725332
4.5553093477052 -0.18312765640922882
4.618141200776996 -0.18698435743421968
4.680973053848792 -0.1901822850178704
4.743804906920587 -0.19268116607704008
4.806636759992383 -0.19444194572401136
4.869468613064179 -0.19542737955290546
4.932300466135976 -0.19560266419521752
4.995132319207771 -0.19493609649758412
5.057964172279567 -0.1933997497661028
5.120796025351362 -0.19097015378181317
5.183627878423159 -0.18762896381850241
5.246459731494955 -0.18336360278097572
5.3092915845667505 -0.17816785991387007
5.372123437638546 -0.17204242937632705
5.434955290710342 -0.1649953723825188
5.497787143782137 -0.15704248759155404
5.560618996853934 -0.14820757598261847
5.62345084992573 -0.13852258853244
5.686282702997525 -0.12802764755459786
5.749114556069321 -0.11677093547278669
5.811946409141116 -0.1048084479746353
5.874778262212914 -0.09220361181130915
5.937610115284709 -0.07902677085129846
6.000441968356505 -0.06535454725065831
6.0632738214283 -0.05126908766441918
6.126105674500097 -0.03685720720883657
6.188937527571893 -0.022209446323618185
6.2517693806436885 -0.0074190577272177155