0.031415926535897934 0.003730208195004632
0.0942477796076938 0.011177022676538844
0.15707963267948966 0.01858307205263905
0.21991148575128552 0.02592131488599456
0.2827433388230814 0.03316491234136711
0.34557519189487723 0.0402873085448786
0.4084070449666731 0.047262310292042496
0.47123889803846897 0.05406416596008639
0.5340707511102649 0.06066764350852731
0.5969026041820606 0.06704810748368971
0.6597344572538566 0.07318159497622592
0.7225663103256523 0.07904489051393396
0.7853981633974483 0.08461559990330263
0.8482300164692442 0.0898722230603016
0.91106186954104 0.0947942258920295
0.9738937226128359 0.09936211130405599
1.0367255756846319 0.10355748941197827
1.0995574287564276 0.10736314702835285
1.1623892818282235 0.11076311647660095
1.2252211349000193 0.11374274375085863
1.2880529879718152 0.11628875599465355
1.350884841043611 0.11838932821172923
1.413716694115407 0.12003414904985416
1.4765485471872026 0.12121448541408182
1.5393804002589986 0.12192324557127575
1.6022122533307945 0.12215504030493543
1.6650441064025903 0.12190624157115817
1.7278759594743862 0.12117503799617281
1.7907078125461822 0.11996148644697915
1.853539665617978 0.11826755880330475
1.9163715186897736 0.11609718296574281
1.9792033717615696 0.11345627705612359
2.0420352248333655 0.11035277570648064
2.104867077905162 0.10679664729685728
2.1676989309769574 0.1027999009937435
2.230530784048753 0.09837658246373622
2.2933626371205493 0.09354275719387557
2.356194490192345 0.0883164804429037
2.4190263432641403 0.08271775297718464
2.4818581963359367 0.07676846191065462
2.5446900494077322 0.07049230616801876
2.607521902479528 0.06391470632109822
2.670353755551324 0.05706269880493987
2.7331856086231197 0.04996481479686251
2.796017461694916 0.04265094433067116
2.8588493147667116 0.03515218651148829
2.9216811678385075 0.0275006869850634
2.9845130209103035 0.019729464089725375
3.047344873982099 0.011872225370152072
3.1101767270538954 0.003963176351145635
3.173008580125691 -0.003963176351145635
3.2358404331974873 -0.011872225370152072
3.2986722862692828 -0.019729464089725375
3.3615041393410787 -0.0275006869850634
3.4243359924128747 -0.03515218651148829
3.48716784548467 -0.04265094433067116
3.549999698556466 -0.04996481479686251
3.612831551628262 -0.05706269880493987
3.675663404700058 -0.06391470632109822
3.7384952577718535 -0.07049230616801869
3.8013271108436495 -0.07676846191065462
3.8641589639154454 -0.08271775297718471
3.9269908169872414 -0.0883164804429037
3.989822670059038 -0.09354275719387567
4.052654523130833 -0.09837658246373622
4.115486376202629 -0.1027999009937435
4.178318229274425 -0.1067966472968575
4.241150082346222 -0.1103527757064808
4.303981935418017 -0.11345627705612354
4.366813788489813 -0.11609718296574281
4.429645641561608 -0.1182675588033046
4.4924774946334045 -0.11996148644697911
4.5553093477052 -0.12117503799617281
4.618141200776996 -0.12190624157115837
4.680973053848792 -0.12215504030493549
4.743804906920587 -0.12192324557127575
4.806636759992383 -0.12121448541408178
4.869468613064179 -0.12003414904985416
4.932300466135976 -0.11838932821172934
4.995132319207771 -0.1162887559946535
5.057964172279567 -0.11374274375085867
5.120796025351362 -0.11076311647660085
5.183627878423159 -0.10736314702835285
5.246459731494955 -0.10355748941197815
5.3092915845667505 -0.09936211130405599
5.372123437638546 -0.0947942258920295
5.434955290710342 -0.08987222306030157
5.497787143782137 -0.08461559990330263
5.560618996853934 -0.07904489051393403
5.62345084992573 -0.07318159497622592
5.686282702997525 -0.06704810748368971
5.749114556069321 -0.06066764350852722
5.811946409141116 -0.0540641659600864
5.874778262212914 -0.04726231029204257
5.937610115284709 -0.0402873085448786
6.000441968356505 -0.03316491234136711
6.0632738214283 -0.02592131488599456
6.126105674500097 -0.01858307205263905
6.188937527571893 -0.011177022676538835
6.2517693806436885 -0.003730208195004632