0.031415926535897934 0.006642900988670647
0.0942477796076938 0.019910711509747204
0.15707963267948966 0.03312454696648676
0.21991148575128552 0.04624842144882321
0.2827433388230814 0.05924634451537589
0.34557519189487723 0.07208231800311626
0.4084070449666731 0.08472033165243255
0.47123889803846897 0.0971243574821517
0.5340707511102649 0.1092583430486627
0.5969026041820606 0.12108620396141641
0.6597344572538566 0.13257181630028408
0.7225663103256523 0.14367900988434879
0.7853981633974483 0.15437156367164834
0.8482300164692442 0.1646132049193466
0.91106186954104 0.17436761409674018
0.9738937226128359 0.18359843791121247
1.0367255756846319 0.19226931316984958
1.0995574287564276 0.20034390454527903
1.1623892818282235 0.20778595962953142
1.2252211349000193 0.21455938492800733
1.2880529879718152 0.22062834664788897
1.350884841043611 0.2259574002495697
1.413716694115407 0.2305116527310437
1.4765485471872026 0.23425696147616887
1.5393804002589986 0.23716017318882324
1.6022122533307945 0.2391894059256938
1.6650441064025903 0.2403143765009014
1.7278759594743862 0.24050677453876895
1.7907078125461822 0.23974068317526318
1.853539665617978 0.23799304484156736
1.9163715186897736 0.23524416870550666
1.9792033717615696 0.23147827421619355
2.0420352248333655 0.2266840628341329
2.104867077905162 0.22085530749861748
2.1676989309769574 0.21399144678061977
2.230530784048753 0.20609816811619086
2.2933626371205493 0.19718796216454396
2.356194490192345 0.18728062836198037
2.4190263432641403 0.1764037103383028
2.4818581963359367 0.1645928392199669
2.5446900494077322 0.15189196314440265
2.607521902479528 0.1383534427013156
2.670353755551324 0.12403799459604248
2.7331856086231197 0.10901446962270969
2.796017461694916 0.09335945597988161
2.8588493147667116 0.07715670490107177
2.9216811678385075 0.06049638225246911
2.9845130209103035 0.04347415682854698
3.047344873982099 0.026190143143945948
3.1101767270538954 0.00874772313163935
3.173008580125691 -0.00874772313163935
3.2358404331974873 -0.026190143143945948
3.2986722862692828 -0.04347415682854698
3.3615041393410787 -0.06049638225246911
3.4243359924128747 -0.07715670490107177
3.48716784548467 -0.09335945597988161
3.549999698556466 -0.10901446962270955
3.612831551628262 -0.12403799459604248
3.675663404700058 -0.1383534427013156
3.7384952577718535 -0.1518919631444025
3.8013271108436495 -0.1645928392199669
3.8641589639154454 -0.17640371033830263
3.9269908169872414 -0.18728062836198037
3.989822670059038 -0.19718796216454412
4.052654523130833 -0.20609816811619086
4.115486376202629 -0.21399144678061977
4.178318229274425 -0.2208553074986175
4.241150082346222 -0.22668406283413295
4.303981935418017 -0.2314782742161936
4.366813788489813 -0.23524416870550666
4.429645641561608 -0.23799304484156728
4.4924774946334045 -0.23974068317526315
4.5553093477052 -0.24050677453876895
4.618141200776996 -0.2403143765009012
4.680973053848792 -0.2391894059256937
4.743804906920587 -0.23716017318882324
4.806636759992383 -0.23425696147616884
4.869468613064179 -0.2305116527310437
4.932300466135976 -0.22595740024956978
4.995132319207771 -0.22062834664788897
5.057964172279567 -0.2145593849280074
5.120796025351362 -0.20778595962953134
5.183627878423159 -0.20034390454527903
5.246459731494955 -0.19226931316984935
5.3092915845667505 -0.18359843791121247
5.372123437638546 -0.17436761409674018
5.434955290710342 -0.1646132049193466
5.497787143782137 -0.15437156367164834
5.560618996853934 -0.14367900988434862
5.62345084992573 -0.13257181630028408
5.686282702997525 -0.12108620396141641
5.749114556069321 -0.10925834304866296
5.811946409141116 -0.09712435748215192
5.874778262212914 -0.08472033165243242
5.937610115284709 -0.07208231800311626
6.000441968356505 -0.05924634451537589
6.0632738214283 -0.04624842144882342
6.126105674500097 -0.03312454696648676
6.188937527571893 -0.019910711509747003
6.2517693806436885 -0.006642900988670647