0.031415926535897934 0.010150541182177777
0.0942477796076938 0.030359296004565713
0.15707963267948966 0.05029281348768853
0.21991148575128552 0.06977336342512601
0.2827433388230814 0.08863166320216022
0.34557519189487723 0.10670987684827934
0.4084070449666731 0.12386425440829309
0.47123889803846897 0.13996733673486547
0.5340707511102649 0.1549096697479766
0.5969026041820606 0.1686009932514734
0.6597344572538566 0.18097089140108355
0.7225663103256523 0.19196891367196497
0.7853981633974483 0.20156419548469204
0.8482300164692442 0.20974462543452407
0.91106186954104 0.21651562044582467
0.9738937226128359 0.22189858052686573
1.0367255756846319 0.22592910082796785
1.0995574287564276 0.22865502042962318
1.1623892818282235 0.23013438502839406
1.2252211349000193 0.23043339501565027
1.2880529879718152 0.2296244021000258
1.350884841043611 0.2277840074420125
1.413716694115407 0.2249913030909703
1.4765485471872026 0.22132628712257615
1.5393804002589986 0.21686847193564077
1.6022122533307945 0.21169569520153309
1.6650441064025903 0.2058831343272975
1.7278759594743862 0.19950251819941972
1.7907078125461822 0.19262152448527006
1.853539665617978 0.18530334683683478
1.9163715186897736 0.1776064138362414
1.9792033717615696 0.1695842402598589
2.0420352248333655 0.1612853910040684
2.104867077905162 0.15275353859081753
2.1676989309769574 0.1440275963438217
2.230530784048753 0.1351419109063109
2.2933626371205493 0.12612649959501843
2.356194490192345 0.11700732001883661
2.4190263432641403 0.10780656132986549
2.4818581963359367 0.09854294834237838
2.5446900494077322 0.0892320514984545
2.607521902479528 0.07988659724461146
2.670353755551324 0.07051677479469469
2.7331856086231197 0.0611305364856979
2.796017461694916 0.051733889989083404
2.8588493147667116 0.04233118153039299
2.9216811678385075 0.0329253700078277
2.9845130209103035 0.023518292500991304
3.047344873982099 0.014110922139169386
3.1101767270538954 0.004703619668498041
3.173008580125691 -0.004703619668498041
3.2358404331974873 -0.014110922139169386
3.2986722862692828 -0.023518292500991304
3.3615041393410787 -0.0329253700078277
3.4243359924128747 -0.04233118153039299
3.48716784548467 -0.051733889989083404
3.549999698556466 -0.061130536485697724
3.612831551628262 -0.07051677479469469
3.675663404700058 -0.07988659724461146
3.7384952577718535 -0.0892320514984545
3.8013271108436495 -0.09854294834237838
3.8641589639154454 -0.10780656132986542
3.9269908169872414 -0.11700732001883661
3.989822670059038 -0.12612649959501845
4.052654523130833 -0.1351419109063109
4.115486376202629 -0.1440275963438217
4.178318229274425 -0.15275353859081764
4.241150082346222 -0.16128539100406855
4.303981935418017 -0.1695842402598589
4.366813788489813 -0.1776064138362414
4.429645641561608 -0.18530334683683478
4.4924774946334045 -0.1926215244852702
4.5553093477052 -0.19950251819941972
4.618141200776996 -0.20588313432729738
4.680973053848792 -0.21169569520153314
4.743804906920587 -0.21686847193564068
4.806636759992383 -0.22132628712257613
4.869468613064179 -0.2249913030909703
4.932300466135976 -0.22778400744201235
4.995132319207771 -0.22962440210002588
5.057964172279567 -0.23043339501565027
5.120796025351362 -0.2301343850283942
5.183627878423159 -0.22865502042962318
5.246459731494955 -0.22592910082796763
5.3092915845667505 -0.22189858052686573
5.372123437638546 -0.21651562044582467
5.434955290710342 -0.20974462543452405
5.497787143782137 -0.20156419548469223
5.560618996853934 -0.19196891367196475
5.62345084992573 -0.18097089140108355
5.686282702997525 -0.1686009932514734
5.749114556069321 -0.15490966974797682
5.811946409141116 -0.13996733673486572
5.874778262212914 -0.12386425440829305
5.937610115284709 -0.10670987684827934
6.000441968356505 -0.08863166320216022
6.0632738214283 -0.06977336342512622
6.126105674500097 -0.05029281348768853
6.188937527571893 -0.030359296004565522
6.2517693806436885 -0.010150541182177777