0.031415926535897934 0.003043193265785854
0.0942477796076938 0.009118226885868708
0.15707963267948966 0.015159238455499154
0.21991148575128552 0.02114366879758512
0.2827433388230814 0.02704914170601062
0.34557519189487723 0.032853536512621725
0.4084070449666731 0.038535060047094505
0.47123889803846897 0.044072317835776385
0.5340707511102649 0.049444384398792604
0.5969026041820606 0.05463087251926488
0.6597344572538566 0.05961200137357653
0.7225663103256523 0.06436866342628153
0.7853981633974483 0.06888249000653851
0.8482300164692442 0.07313591549388322
0.91106186954104 0.07711224004877251
0.9738937226128359 0.08079569082678627
1.0367255756846319 0.08417148161389282
1.0995574287564276 0.08722587081313712
1.1623892818282235 0.08994621770009245
1.2252211349000193 0.09232103684515688
1.2880529879718152 0.09434005057532374
1.350884841043611 0.09599423931662567
1.413716694115407 0.0972758896216154
1.4765485471872026 0.09817863964476749
1.5393804002589986 0.09869752178365207
1.6022122533307945 0.09882900215647408
1.6650441064025903 0.09857101653865386
1.7278759594743862 0.09792300233432637
1.7907078125461822 0.09688592611490679
1.853539665617978 0.0954623062182691
1.9163715186897736 0.09365622987072392
1.9792033717615696 0.0914733642719804
2.0420352248333655 0.08892096107263339
2.104867077905162 0.08600785367627584
2.1676989309769574 0.08274444681568638
2.230530784048753 0.07914269788591229
2.2933626371205493 0.07521608956729288
2.356194490192345 0.07097959333884993
2.4190263432641403 0.06644962356682267
2.4818581963359367 0.06164398195359224
2.5446900494077322 0.05658179224742842
2.607521902479528 0.05128342524134252
2.670353755551324 0.04577041422726083
2.7331856086231197 0.040065361216587776
2.796017461694916 0.03419183438646831
2.8588493147667116 0.028174257358795893
2.9216811678385075 0.02203779106216687
2.9845130209103035 0.015808209061459067
3.047344873982099 0.009511767361485712
3.1101767270538954 0.003175069796555938
3.173008580125691 -0.003175069796555938
3.2358404331974873 -0.009511767361485712
3.2986722862692828 -0.015808209061459067
3.3615041393410787 -0.02203779106216687
3.4243359924128747 -0.028174257358795893
3.48716784548467 -0.03419183438646831
3.549999698556466 -0.040065361216587776
3.612831551628262 -0.04577041422726083
3.675663404700058 -0.05128342524134252
3.7384952577718535 -0.05658179224742835
3.8013271108436495 -0.06164398195359224
3.8641589639154454 -0.06644962356682252
3.9269908169872414 -0.07097959333884993
3.989822670059038 -0.07521608956729292
4.052654523130833 -0.07914269788591229
4.115486376202629 -0.08274444681568638
4.178318229274425 -0.0860078536762759
4.241150082346222 -0.08892096107263346
4.303981935418017 -0.09147336427198045
4.366813788489813 -0.09365622987072392
4.429645641561608 -0.0954623062182691
4.4924774946334045 -0.0968859261149068
4.5553093477052 -0.09792300233432637
4.618141200776996 -0.09857101653865391
4.680973053848792 -0.09882900215647403
4.743804906920587 -0.09869752178365208
4.806636759992383 -0.09817863964476763
4.869468613064179 -0.0972758896216154
4.932300466135976 -0.09599423931662561
4.995132319207771 -0.09434005057532374
5.057964172279567 -0.09232103684515701
5.120796025351362 -0.08994621770009228
5.183627878423159 -0.08722587081313712
5.246459731494955 -0.0841714816138928
5.3092915845667505 -0.08079569082678627
5.372123437638546 -0.07711224004877251
5.434955290710342 -0.07313591549388333
5.497787143782137 -0.06888249000653855
5.560618996853934 -0.0643686634262815
5.62345084992573 -0.05961200137357653
5.686282702997525 -0.05463087251926488
5.749114556069321 -0.04944438439879263
5.811946409141116 -0.044072317835776455
5.874778262212914 -0.038535060047094435
5.937610115284709 -0.032853536512621725
6.000441968356505 -0.02704914170601062
6.0632738214283 -0.021143668797585155
6.126105674500097 -0.015159238455499154
6.188937527571893 -0.009118226885868596
6.2517693806436885 -0.003043193265785854