0.031415926535897934 0.003959316832321909
0.0942477796076938 0.011833902425266257
0.15707963267948966 0.019577489714104696
0.21991148575128552 0.027106509420436548
0.2827433388230814 0.0343428424832831
0.34557519189487723 0.04121562767509145
0.4084070449666731 0.04766273188144105
0.47123889803846897 0.053631832306308046
0.5340707511102649 0.05908108691884735
0.5969026041820606 0.0639793959383805
0.6597344572538566 0.06830628072574511
0.7225663103256523 0.07205142537234488
0.7853981633974483 0.07521393954348526
0.8482300164692442 0.0778014084664682
0.91106186954104 0.07982879772212431
0.9738937226128359 0.08131727754094306
1.0367255756846319 0.08229302474342885
1.0995574287564276 0.0827860515172731
1.1623892818282235 0.08282910005435246
1.2252211349000193 0.08245663167891583
1.2880529879718152 0.08170392926323167
1.350884841043611 0.08060632298763687
1.413716694115407 0.07919854217206526
1.4765485471872026 0.07751419010815479
1.5393804002589986 0.07558533452976979
1.6022122533307945 0.07344220344773786
1.6650441064025903 0.07111297435297886
1.7278759594743862 0.06862364404458358
1.7907078125461822 0.06599796634720209
1.853539665617978 0.06325744554177325
1.9163715186897736 0.06042137426690718
1.9792033717615696 0.05750690580696518
2.0420352248333655 0.05452915194962611
2.104867077905162 0.05150129888191782
2.1676989309769574 0.04843473483617393
2.230530784048753 0.045339184354204407
2.2933626371205493 0.0422228450842479
2.356194490192345 0.039092523949133304
2.4190263432641403 0.03595377032318215
2.4818581963359367 0.03281100453405681
2.5446900494077322 0.029667640572580117
2.607521902479528 0.026526202359598454
2.670353755551324 0.023388433296409255
2.7331856086231197 0.020255399126482485
2.796017461694916 0.017127584373029203
2.8588493147667116 0.01400498280036568
2.9216811678385075 0.010887182486779522
2.9845130209103035 0.007773446201301324
3.047344873982099 0.004662787853643581
3.1101767270538954 0.0015540458416211664
3.173008580125691 -0.0015540458416211664
3.2358404331974873 -0.004662787853643581
3.2986722862692828 -0.007773446201301324
3.3615041393410787 -0.010887182486779522
3.4243359924128747 -0.01400498280036568
3.48716784548467 -0.017127584373029203
3.549999698556466 -0.020255399126482353
3.612831551628262 -0.023388433296409255
3.675663404700058 -0.026526202359598454
3.7384952577718535 -0.029667640572580117
3.8013271108436495 -0.03281100453405681
3.8641589639154454 -0.03595377032318215
3.9269908169872414 -0.039092523949133304
3.989822670059038 -0.04222284508424802
4.052654523130833 -0.045339184354204407
4.115486376202629 -0.04843473483617393
4.178318229274425 -0.05150129888191782
4.241150082346222 -0.05452915194962611
4.303981935418017 -0.05750690580696531
4.366813788489813 -0.06042137426690718
4.429645641561608 -0.06325744554177325
4.4924774946334045 -0.06599796634720215
4.5553093477052 -0.06862364404458358
4.618141200776996 -0.071112974352979
4.680973053848792 -0.07344220344773786
4.743804906920587 -0.07558533452976979
4.806636759992383 -0.07751419010815479
4.869468613064179 -0.07919854217206526
4.932300466135976 -0.08060632298763687
4.995132319207771 -0.08170392926323167
5.057964172279567 -0.08245663167891583
5.120796025351362 -0.08282910005435246
5.183627878423159 -0.0827860515172731
5.246459731494955 -0.08229302474342885
5.3092915845667505 -0.08131727754094306
5.372123437638546 -0.07982879772212431
5.434955290710342 -0.07780140846646827
5.497787143782137 -0.0752139395434854
5.560618996853934 -0.07205142537234488
5.62345084992573 -0.06830628072574511
5.686282702997525 -0.0639793959383805
5.749114556069321 -0.059081086918847454
5.811946409141116 -0.05363183230630803
5.874778262212914 -0.047662731881440934
5.937610115284709 -0.04121562767509145
6.000441968356505 -0.0343428424832831
6.0632738214283 -0.027106509420436548
6.126105674500097 -0.019577489714104696
6.188937527571893 -0.011833902425266137
6.2517693806436885 -0.003959316832321909