0.031415926535897934 0.0077758164277866165
0.0942477796076938 0.023296255878183087
0.15707963267948966 0.03872325208566965
0.21991148575128552 0.05399496515725855
0.2827433388230814 0.06905023521615025
0.34557519189487723 0.08382884770034224
0.4084070449666731 0.09827179210650677
0.47123889803846897 0.11232151251934408
0.5340707511102649 0.12592214841650523
0.5969026041820606 0.13901976441191402
0.6597344572538566 0.15156256779034316
0.7225663103256523 0.1635011128873448
0.7853981633974483 0.17478849157487247
0.8482300164692442 0.18538050931792147
0.91106186954104 0.1952358464652843
0.9738937226128359 0.2043162046225361
1.0367255756846319 0.21258643812276556
1.0995574287564276 0.22001467075625616
1.1623892818282235 0.22657239804113025
1.2252211349000193 0.23223457541071768
1.2880529879718152 0.23697969275894104
1.350884841043611 0.24078983582222172
1.413716694115407 0.24365073488617472
1.4765485471872026 0.24555180128951618
1.5393804002589986 0.2464861521588302
1.6022122533307945 0.24645062374953913
1.6650441064025903 0.24544577369461276
1.7278759594743862 0.24347587237771592
1.7907078125461822 0.2405488835563966
1.853539665617978 0.236676434268495
1.9163715186897736 0.23187377396608638
1.9792033717615696 0.22615972274071153
2.0420352248333655 0.21955660843576688
2.104867077905162 0.21209019239065827
2.1676989309769574 0.20378958352999504
2.230530784048753 0.19468714050230218
2.2933626371205493 0.18481836158827467
2.356194490192345 0.17422176213938997
2.4190263432641403 0.1629387393737346
2.4818581963359367 0.15101342444624455
2.5446900494077322 0.1384925218233222
2.607521902479528 0.12542513612424178
2.670353755551324 0.11186258674033815
2.7331856086231197 0.09785821070345314
2.796017461694916 0.08346715444271244
2.8588493147667116 0.06874615523825227
2.9216811678385075 0.053753313346647555
2.9845130209103035 0.03854785593011561
3.047344873982099 0.023189894064936056
3.1101767270538954 0.007740174229107917
3.173008580125691 -0.007740174229107917
3.2358404331974873 -0.023189894064936056
3.2986722862692828 -0.03854785593011561
3.3615041393410787 -0.053753313346647555
3.4243359924128747 -0.06874615523825227
3.48716784548467 -0.08346715444271244
3.549999698556466 -0.09785821070345314
3.612831551628262 -0.11186258674033815
3.675663404700058 -0.12542513612424178
3.7384952577718535 -0.13849252182332214
3.8013271108436495 -0.15101342444624455
3.8641589639154454 -0.16293873937373443
3.9269908169872414 -0.17422176213938997
3.989822670059038 -0.18481836158827492
4.052654523130833 -0.19468714050230218
4.115486376202629 -0.20378958352999504
4.178318229274425 -0.21209019239065838
4.241150082346222 -0.21955660843576688
4.303981935418017 -0.22615972274071153
4.366813788489813 -0.23187377396608638
4.429645641561608 -0.23667643426849508
4.4924774946334045 -0.2405488835563966
4.5553093477052 -0.24347587237771592
4.618141200776996 -0.24544577369461276
4.680973053848792 -0.2464506237495391
4.743804906920587 -0.24648615215883024
4.806636759992383 -0.24555180128951615
4.869468613064179 -0.24365073488617472
4.932300466135976 -0.24078983582222172
4.995132319207771 -0.23697969275894087
5.057964172279567 -0.23223457541071768
5.120796025351362 -0.22657239804113039
5.183627878423159 -0.22001467075625616
5.246459731494955 -0.21258643812276554
5.3092915845667505 -0.2043162046225361
5.372123437638546 -0.1952358464652843
5.434955290710342 -0.18538050931792152
5.497787143782137 -0.17478849157487247
5.560618996853934 -0.16350111288734478
5.62345084992573 -0.15156256779034316
5.686282702997525 -0.13901976441191402
5.749114556069321 -0.12592214841650537
5.811946409141116 -0.11232151251934425
5.874778262212914 -0.09827179210650668
5.937610115284709 -0.08382884770034224
6.000441968356505 -0.06905023521615025
6.0632738214283 -0.05399496515725865
6.126105674500097 -0.03872325208566965
6.188937527571893 -0.02329625587818299
6.2517693806436885 -0.0077758164277866165