0.031415926535897934 0.009962278423360605
0.0942477796076938 0.029808060073350177
0.15707963267948966 0.04941874876361696
0.21991148575128552 0.06864169239207672
0.2827433388230814 0.08733024195283676
0.34557519189487723 0.10534593326942426
0.4084070449666731 0.12256045824171714
0.47123889803846897 0.13885737804287326
0.5340707511102649 0.15413353957669526
0.5969026041820606 0.1683001667083944
0.6597344572538566 0.1812836089090666
0.7225663103256523 0.1930257415360974
0.7853981633974483 0.20348402349319294
0.8482300164692442 0.21263122894603537
0.91106186954104 0.22045487960737267
0.9738937226128359 0.22695641240548647
1.0367255756846319 0.23215012376652283
1.0995574287564276 0.23606193605224846
1.1623892818282235 0.23872803381729893
1.2252211349000193 0.24019341754069493
1.2880529879718152 0.24051042052961757
1.350884841043611 0.23973723107741238
1.413716694115407 0.23793645704357672
1.4765485471872026 0.23517376421016145
1.5393804002589986 0.23151661345973967
1.6022122533307945 0.22703311539223758
1.6650441064025903 0.22179101477994145
1.7278759594743862 0.21585681151611744
1.7907078125461822 0.20929501963563807
1.853539665617978 0.20216756169694028
1.9163715186897736 0.19453329236869413
1.9792033717615696 0.18644764246050619
2.0420352248333655 0.17796237282906596
2.104867077905162 0.16912542650154197
2.1676989309769574 0.15998086688881202
2.230530784048753 0.15056889000469187
2.2933626371205493 0.14092589905510286
2.356194490192345 0.13108463050983094
2.4190263432641403 0.1210743217258491
2.4818581963359367 0.11092091127412232
2.5446900494077322 0.1006472642640571
2.607521902479528 0.09027341610740354
2.670353755551324 0.07981682927525148
2.7331856086231197 0.06929265864774298
2.796017461694916 0.058714022015805015
2.8588493147667116 0.04809227315484138
2.9216811678385075 0.03743727564522295
2.9845130209103035 0.026757676261300527
3.047344873982099 0.016061177290237618
3.1101767270538954 0.005354807576759559
3.173008580125691 -0.005354807576759559
3.2358404331974873 -0.016061177290237618
3.2986722862692828 -0.026757676261300527
3.3615041393410787 -0.03743727564522295
3.4243359924128747 -0.04809227315484138
3.48716784548467 -0.058714022015805015
3.549999698556466 -0.06929265864774291
3.612831551628262 -0.07981682927525148
3.675663404700058 -0.09027341610740354
3.7384952577718535 -0.10064726426405696
3.8013271108436495 -0.11092091127412232
3.8641589639154454 -0.12107432172584895
3.9269908169872414 -0.13108463050983094
3.989822670059038 -0.14092589905510286
4.052654523130833 -0.15056889000469187
4.115486376202629 -0.15998086688881202
4.178318229274425 -0.16912542650154203
4.241150082346222 -0.17796237282906607
4.303981935418017 -0.18644764246050635
4.366813788489813 -0.19453329236869413
4.429645641561608 -0.20216756169694025
4.4924774946334045 -0.2092950196356381
4.5553093477052 -0.21585681151611744
4.618141200776996 -0.22179101477994145
4.680973053848792 -0.22703311539223758
4.743804906920587 -0.23151661345973967
4.806636759992383 -0.23517376421016148
4.869468613064179 -0.23793645704357672
4.932300466135976 -0.23973723107741235
4.995132319207771 -0.24051042052961755
5.057964172279567 -0.24019341754069484
5.120796025351362 -0.23872803381729904
5.183627878423159 -0.23606193605224846
5.246459731494955 -0.23215012376652283
5.3092915845667505 -0.22695641240548647
5.372123437638546 -0.22045487960737267
5.434955290710342 -0.21263122894603534
5.497787143782137 -0.2034840234931931
5.560618996853934 -0.19302574153609736
5.62345084992573 -0.1812836089090666
5.686282702997525 -0.1683001667083944
5.749114556069321 -0.1541335395766954
5.811946409141116 -0.13885737804287362
5.874778262212914 -0.12256045824171688
5.937610115284709 -0.10534593326942426
6.000441968356505 -0.08733024195283676
6.0632738214283 -0.06864169239207672
6.126105674500097 -0.04941874876361696
6.188937527571893 -0.02980806007335001
6.2517693806436885 -0.009962278423360605