0.031415926535897934 0.0026350924833532085
0.0942477796076938 0.007894508850183828
0.15707963267948966 0.013121668061984247
0.21991148575128552 0.01829522719651117
0.2827433388230814 0.0233940850534685
0.34557519189487723 0.028397476755877584
0.4084070449666731 0.033285066291868434
0.47123889803846897 0.038037036447585146
0.5340707511102649 0.042634175610219247
0.5969026041820606 0.04705796095366638
0.6597344572538566 0.05129063755733231
0.7225663103256523 0.05531529305048935
0.7853981633974483 0.05911592741956456
0.8482300164692442 0.06267751766303319
0.91106186954104 0.06598607702740873
0.9738937226128359 0.06902870860737333
1.0367255756846319 0.07179365314260674
1.0995574287564276 0.07427033089262504
1.1623892818282235 0.07644937751827144
1.2252211349000193 0.07832267394377972
1.2880529879718152 0.07988337021606352
1.350884841043611 0.08112590341759426
1.413716694115407 0.08204600972559299
1.4765485471872026 0.08264073074298163
1.5393804002589986 0.08290841425547098
1.6022122533307945 0.0828487095941922
1.6650441064025903 0.08246255780440888
1.7278759594743862 0.08175217683814166
1.7907078125461822 0.0807210420021263
1.853539665617978 0.0793738619025938
1.9163715186897736 0.07771655013515269
1.9792033717615696 0.07575619297182692
2.0420352248333655 0.0735010132983718
2.104867077905162 0.07096033105366494
2.1676989309769574 0.06814452041958095
2.230530784048753 0.06506496400462967
2.2933626371205493 0.06173400425810452
2.356194490192345 0.05816489234384822
2.4190263432641403 0.054371734694293676
2.4818581963359367 0.0503694374564723
2.5446900494077322 0.046173649032415214
2.607521902479528 0.04180070090706875
2.670353755551324 0.037267546947684915
2.7331856086231197 0.03259170134980295
2.796017461694916 0.027791175396575506
2.8588493147667116 0.022884413190431704
2.9216811678385075 0.017890226509005257
2.9845130209103035 0.012827728930998551
3.047344873982099 0.00771626937225272
3.1101767270538954 0.002575365167804559
3.173008580125691 -0.002575365167804559
3.2358404331974873 -0.00771626937225272
3.2986722862692828 -0.012827728930998551
3.3615041393410787 -0.017890226509005257
3.4243359924128747 -0.022884413190431704
3.48716784548467 -0.027791175396575506
3.549999698556466 -0.03259170134980283
3.612831551628262 -0.037267546947684915
3.675663404700058 -0.04180070090706875
3.7384952577718535 -0.04617364903241511
3.8013271108436495 -0.0503694374564723
3.8641589639154454 -0.05437173469429358
3.9269908169872414 -0.05816489234384822
3.989822670059038 -0.06173400425810466
4.052654523130833 -0.06506496400462967
4.115486376202629 -0.06814452041958095
4.178318229274425 -0.07096033105366498
4.241150082346222 -0.0735010132983719
4.303981935418017 -0.07575619297182705
4.366813788489813 -0.07771655013515269
4.429645641561608 -0.07937386190259373
4.4924774946334045 -0.08072104200212624
4.5553093477052 -0.08175217683814166
4.618141200776996 -0.0824625578044089
4.680973053848792 -0.0828487095941923
4.743804906920587 -0.082908414255471
4.806636759992383 -0.0826407307429816
4.869468613064179 -0.08204600972559299
4.932300466135976 -0.08112590341759422
4.995132319207771 -0.07988337021606347
5.057964172279567 -0.07832267394377969
5.120796025351362 -0.07644937751827147
5.183627878423159 -0.07427033089262504
5.246459731494955 -0.07179365314260663
5.3092915845667505 -0.06902870860737333
5.372123437638546 -0.06598607702740873
5.434955290710342 -0.06267751766303324
5.497787143782137 -0.05911592741956464
5.560618996853934 -0.05531529305048929
5.62345084992573 -0.05129063755733231
5.686282702997525 -0.04705796095366638
5.749114556069321 -0.042634175610219316
5.811946409141116 -0.03803703644758518
5.874778262212914 -0.03328506629186841
5.937610115284709 -0.028397476755877584
6.000441968356505 -0.0233940850534685
6.0632738214283 -0.01829522719651125
6.126105674500097 -0.013121668061984247
6.188937527571893 -0.007894508850183769
6.2517693806436885 -0.0026350924833532085