0.031415926535897934 0.004349143678658576
0.0942477796076938 0.013035324668896123
0.15707963267948966 0.021685180798078192
0.21991148575128552 0.03027447649624914
0.2827433388230814 0.03877894841954614
0.34557519189487723 0.047174295808542495
0.4084070449666731 0.055436172379204784
0.47123889803846897 0.06354018027536885
0.5340707511102649 0.07146186667735806
0.5969026041820606 0.07917672373876308
0.6597344572538566 0.08666019261056247
0.7225663103256523 0.09388767240632415
0.7853981633974483 0.10083453506124557
0.8482300164692442 0.10747614713778376
0.91106186954104 0.11378789972735215
0.9738937226128359 0.11974524768613568
1.0367255756846319 0.12532375951776914
1.0995574287564276 0.1304991792698919
1.1623892818282235 0.13524750183812356
1.2252211349000193 0.1395450630616518
1.2880529879718152 0.1433686459406304
1.350884841043611 0.146695604197719
1.413716694115407 0.1495040042349109
1.4765485471872026 0.15177278629311877
1.5393804002589986 0.15348194529735795
1.6022122533307945 0.15461273145777557
1.6650441064025903 0.15514787019141535
1.7278759594743862 0.15507180032986012
1.7907078125461822 0.15437092888626983
1.853539665617978 0.1530338998795612
1.9163715186897736 0.1510518738675311
1.9792033717615696 0.14841881394558115
2.0420352248333655 0.1451317730520556
2.104867077905162 0.14119117652153476
2.1676989309769574 0.1366010929876545
2.230530784048753 0.13136948600745715
2.2933626371205493 0.12550843821469734
2.356194490192345 0.11903433946646536
2.4190263432641403 0.11196803038072839
2.4818581963359367 0.10433489292069324
2.5446900494077322 0.09616488030332507
2.607521902479528 0.08749247951654844
2.670353755551324 0.0783566011254455
2.7331856086231197 0.0688003928115434
2.796017461694916 0.05887097517519771
2.8588493147667116 0.04861910066753223
2.9216811678385075 0.038098739010380245
2.9845130209103035 0.02736659499595387
3.047344873982099 0.0164815670058265
3.1101767270538954 0.005504156820373079
3.173008580125691 -0.005504156820373079
3.2358404331974873 -0.0164815670058265
3.2986722862692828 -0.02736659499595387
3.3615041393410787 -0.038098739010380245
3.4243359924128747 -0.04861910066753223
3.48716784548467 -0.05887097517519771
3.549999698556466 -0.06880039281154343
3.612831551628262 -0.0783566011254455
3.675663404700058 -0.08749247951654844
3.7384952577718535 -0.09616488030332497
3.8013271108436495 -0.10433489292069324
3.8641589639154454 -0.11196803038072818
3.9269908169872414 -0.11903433946646536
3.989822670059038 -0.12550843821469757
4.052654523130833 -0.13136948600745715
4.115486376202629 -0.1366010929876545
4.178318229274425 -0.14119117652153493
4.241150082346222 -0.14513177305205563
4.303981935418017 -0.1484188139455811
4.366813788489813 -0.1510518738675311
4.429645641561608 -0.1530338998795612
4.4924774946334045 -0.1543709288862697
4.5553093477052 -0.15507180032986012
4.618141200776996 -0.15514787019141527
4.680973053848792 -0.15461273145777557
4.743804906920587 -0.15348194529735804
4.806636759992383 -0.15177278629311883
4.869468613064179 -0.1495040042349109
4.932300466135976 -0.146695604197719
4.995132319207771 -0.1433686459406304
5.057964172279567 -0.1395450630616518
5.120796025351362 -0.13524750183812373
5.183627878423159 -0.1304991792698919
5.246459731494955 -0.125323759517769
5.3092915845667505 -0.11974524768613568
5.372123437638546 -0.11378789972735215
5.434955290710342 -0.10747614713778379
5.497787143782137 -0.10083453506124565
5.560618996853934 -0.09388767240632402
5.62345084992573 -0.08666019261056247
5.686282702997525 -0.07917672373876308
5.749114556069321 -0.07146186667735817
5.811946409141116 -0.06354018027536897
5.874778262212914 -0.055436172379204784
5.937610115284709 -0.047174295808542495
6.000441968356505 -0.03877894841954614
6.0632738214283 -0.03027447649624914
6.126105674500097 -0.021685180798078192
6.188937527571893 -0.013035324668896116
6.2517693806436885 -0.004349143678658576