0.031415926535897934 0.004222665568002774
0.0942477796076938 0.012654400722646656
0.15707963267948966 0.02104536804558351
0.21991148575128552 0.02936845605939439
0.2827433388230814 0.037596654034761444
0.34557519189487723 0.04570309258059981
0.4084070449666731 0.05366108458446198
0.47123889803846897 0.06144416668576469
0.5340707511102649 0.06902614152213542
0.5969026041820606 0.0763811210552539
0.6597344572538566 0.08348357135436144
0.7225663103256523 0.0903083592900879
0.7853981633974483 0.09683080166501713
0.8482300164692442 0.10302671737674714
0.91106186954104 0.10887248327006976
0.9738937226128359 0.1143450943830502
1.0367255756846319 0.1194222293227975
1.0995574287564276 0.12408232151605145
1.1623892818282235 0.12830463706283482
1.2252211349000193 0.1320693598739328
1.2880529879718152 0.13535768469068643
1.350884841043611 0.13815191846482153
1.413716694115407 0.1404355904136908
1.4765485471872026 0.14219357086019885
1.5393804002589986 0.1434121987157786
1.6022122533307945 0.14407941716953132
1.6650441064025903 0.1441849168092385
1.7278759594743862 0.1437202850247002
1.7907078125461822 0.1426791601374367
1.853539665617978 0.14105738827247402
1.9163715186897736 0.13885318054973936
1.9792033717615696 0.136067267739331
2.0420352248333655 0.13270304911394368
2.104867077905162 0.12876673186272247
2.1676989309769574 0.12426745712506357
2.230530784048753 0.11921740848257725
2.2933626371205493 0.11363189863449501
2.356194490192345 0.10752942999668694
2.4190263432641403 0.10093172512461612
2.4818581963359367 0.09386372317898069
2.5446900494077322 0.08635353913646092
2.607521902479528 0.0784323830965334
2.670353755551324 0.07013443783999483
2.7331856086231197 0.06149669373787739
2.796017461694916 0.05255874116404074
2.8588493147667116 0.043362521695625156
2.9216811678385075 0.033952040550318134
2.9845130209103035 0.024373043860429648
3.047344873982099 0.014672665470768542
3.1101767270538954 0.004899048920279221
3.173008580125691 -0.004899048920279221
3.2358404331974873 -0.014672665470768542
3.2986722862692828 -0.024373043860429648
3.3615041393410787 -0.033952040550318134
3.4243359924128747 -0.043362521695625156
3.48716784548467 -0.05255874116404074
3.549999698556466 -0.06149669373787739
3.612831551628262 -0.07013443783999483
3.675663404700058 -0.0784323830965334
3.7384952577718535 -0.08635353913646082
3.8013271108436495 -0.09386372317898069
3.8641589639154454 -0.10093172512461601
3.9269908169872414 -0.10752942999668694
3.989822670059038 -0.11363189863449508
4.052654523130833 -0.11921740848257725
4.115486376202629 -0.12426745712506357
4.178318229274425 -0.12876673186272256
4.241150082346222 -0.13270304911394384
4.303981935418017 -0.13606726773933098
4.366813788489813 -0.13885318054973936
4.429645641561608 -0.14105738827247388
4.4924774946334045 -0.1426791601374367
4.5553093477052 -0.1437202850247002
4.618141200776996 -0.1441849168092386
4.680973053848792 -0.14407941716953138
4.743804906920587 -0.14341219871577854
4.806636759992383 -0.142193570860199
4.869468613064179 -0.1404355904136908
4.932300466135976 -0.13815191846482142
4.995132319207771 -0.13535768469068657
5.057964172279567 -0.13206935987393284
5.120796025351362 -0.12830463706283493
5.183627878423159 -0.12408232151605145
5.246459731494955 -0.11942222932279743
5.3092915845667505 -0.1143450943830502
5.372123437638546 -0.10887248327006976
5.434955290710342 -0.10302671737674717
5.497787143782137 -0.0968308016650171
5.560618996853934 -0.09030835929008779
5.62345084992573 -0.08348357135436144
5.686282702997525 -0.0763811210552539
5.749114556069321 -0.06902614152213536
5.811946409141116 -0.06144416668576486
5.874778262212914 -0.0536610845844619
5.937610115284709 -0.04570309258059981
6.000441968356505 -0.037596654034761444
6.0632738214283 -0.029368456059394452
6.126105674500097 -0.02104536804558351
6.188937527571893 -0.012654400722646652
6.2517693806436885 -0.004222665568002774