0.031415926535897934 0.007892692469751637
0.0942477796076938 0.023652138992321457
0.15707963267948966 0.03933383170908723
0.21991148575128552 0.054886138833425836
0.2827433388230814 0.0702577321767446
0.34557519189487723 0.08539770366316211
0.4084070449666731 0.10025567722135215
0.47123889803846897 0.11478191515277215
0.5340707511102649 0.12892741837179036
0.5969026041820606 0.1426440202553267
0.6597344572538566 0.15588447421661483
0.7225663103256523 0.1686025355174769
0.7853981633974483 0.18075303824316036
0.8482300164692442 0.19229196876990398
0.91106186954104 0.2031765374442089
0.9738937226128359 0.21336525055050343
1.0367255756846319 0.22281798495676794
1.0995574287564276 0.23149606808217055
1.1623892818282235 0.23936236601362565
1.2252211349000193 0.24638138269649615
1.2880529879718152 0.2525193731260548
1.350884841043611 0.25774447335900014
1.413716694115407 0.262026849937486
1.4765485471872026 0.2653388709622055
1.5393804002589986 0.26765530055841075
1.6022122533307945 0.2689535178442158
1.6650441064025903 0.26921376073250475
1.7278759594743862 0.2684193939791121
1.7907078125461822 0.2665571998392859
1.853539665617978 0.26361768852731154
1.9163715186897736 0.25959542441421
1.9792033717615696 0.2544893625783986
2.0420352248333655 0.2483031889865132
2.104867077905162 0.24104565627852687
2.1676989309769574 0.23273090592416346
2.230530784048753 0.22337876647535548
2.2933626371205493 0.21301501683601765
2.356194490192345 0.20167160298088896
2.4190263432641403 0.18938679645145298
2.4818581963359367 0.17620528330180624
2.5446900494077322 0.16217817300864112
2.607521902479528 0.14736291822393435
2.670353755551324 0.1318231381365341
2.7331856086231197 0.11562834058859377
2.796017461694916 0.09885354090032888
2.8588493147667116 0.08157877849401761
2.9216811678385075 0.06388853574727034
2.9845130209103035 0.04587106689355442
3.047344873982099 0.02761764805623349
3.1101767270538954 0.009221762477729946
3.173008580125691 -0.009221762477729946
3.2358404331974873 -0.02761764805623349
3.2986722862692828 -0.04587106689355442
3.3615041393410787 -0.06388853574727034
3.4243359924128747 -0.08157877849401761
3.48716784548467 -0.09885354090032888
3.549999698556466 -0.1156283405885937
3.612831551628262 -0.1318231381365341
3.675663404700058 -0.14736291822393435
3.7384952577718535 -0.16217817300864104
3.8013271108436495 -0.17620528330180624
3.8641589639154454 -0.18938679645145295
3.9269908169872414 -0.20167160298088896
3.989822670059038 -0.21301501683601792
4.052654523130833 -0.22337876647535548
4.115486376202629 -0.23273090592416346
4.178318229274425 -0.24104565627852695
4.241150082346222 -0.2483031889865133
4.303981935418017 -0.25448936257839855
4.366813788489813 -0.25959542441421
4.429645641561608 -0.2636176885273114
4.4924774946334045 -0.266557199839286
4.5553093477052 -0.2684193939791121
4.618141200776996 -0.26921376073250475
4.680973053848792 -0.26895351784421573
4.743804906920587 -0.26765530055841064
4.806636759992383 -0.2653388709622056
4.869468613064179 -0.262026849937486
4.932300466135976 -0.25774447335899997
4.995132319207771 -0.2525193731260548
5.057964172279567 -0.2463813826964962
5.120796025351362 -0.23936236601362565
5.183627878423159 -0.23149606808217055
5.246459731494955 -0.22281798495676786
5.3092915845667505 -0.21336525055050343
5.372123437638546 -0.2031765374442089
5.434955290710342 -0.1922919687699042
5.497787143782137 -0.18075303824316064
5.560618996853934 -0.1686025355174769
5.62345084992573 -0.15588447421661483
5.686282702997525 -0.1426440202553267
5.749114556069321 -0.12892741837179061
5.811946409141116 -0.11478191515277239
5.874778262212914 -0.10025567722135192
5.937610115284709 -0.08539770366316211
6.000441968356505 -0.0702577321767446
6.0632738214283 -0.054886138833425954
6.126105674500097 -0.03933383170908723
6.188937527571893 -0.02365213899232134
6.2517693806436885 -0.007892692469751637