0.031415926535897934 0.0026067668299879243
0.0942477796076938 0.007809996315512154
0.15707963267948966 0.012982354624222005
0.21991148575128552 0.018103398604512672
0.2827433388230814 0.023152890894838157
0.34557519189487723 0.028110880927065204
0.4084070449666731 0.032957784631059764
0.47123889803846897 0.03767446248892011
0.5340707511102649 0.04224229560124088
0.5969026041820606 0.046643259444186416
0.6597344572538566 0.05085999501458592
0.7225663103256523 0.05487587708033423
0.7853981633974483 0.05867507927465275
0.8482300164692442 0.06224263579480505
0.91106186954104 0.06556449948821937
0.9738937226128359 0.06862759613126511
1.0367255756846319 0.07141987472775273
1.0995574287564276 0.07393035367527082
1.1623892818282235 0.07614916266744876
1.2252211349000193 0.07806758021894318
1.2880529879718152 0.07967806671722588
1.350884841043611 0.08097429292105493
1.413716694115407 0.08195116383981724
1.4765485471872026 0.08260483794082567
1.5393804002589986 0.08293274164326012
1.6022122533307945 0.0829335790679589
1.6650441064025903 0.08260733702193361
1.7278759594743862 0.08195528520557005
1.7907078125461822 0.08097997163930232
1.853539665617978 0.07968521331541495
1.9163715186897736 0.07807608208986537
1.9792033717615696 0.07615888583891019
2.0420352248333655 0.07394114491616897
2.104867077905162 0.07143156395776773
2.1676989309769574 0.06863999909659455
2.230530784048753 0.06557742066156881
2.2933626371205493 0.062255871454264006
2.356194490192345 0.058688420713196764
2.4190263432641403 0.05488911389554543
2.4818581963359367 0.05087291842681988
2.5446900494077322 0.046655665590855204
2.607521902479528 0.042253988755154646
2.670353755551324 0.03768525814972365
2.7331856086231197 0.03296751244071427
2.796017461694916 0.028119387363033363
2.8588493147667116 0.023160041698087518
2.9216811678385075 0.018109080903615273
2.9845130209103035 0.012986478721626851
3.047344873982099 0.007812497107428809
3.1101767270538954 0.0026076048371558537
3.173008580125691 -0.0026076048371558537
3.2358404331974873 -0.007812497107428809
3.2986722862692828 -0.012986478721626851
3.3615041393410787 -0.018109080903615273
3.4243359924128747 -0.023160041698087518
3.48716784548467 -0.028119387363033363
3.549999698556466 -0.03296751244071427
3.612831551628262 -0.03768525814972365
3.675663404700058 -0.042253988755154646
3.7384952577718535 -0.04665566559085506
3.8013271108436495 -0.05087291842681988
3.8641589639154454 -0.05488911389554543
3.9269908169872414 -0.058688420713196764
3.989822670059038 -0.06225587145426407
4.052654523130833 -0.06557742066156881
4.115486376202629 -0.06863999909659455
4.178318229274425 -0.07143156395776777
4.241150082346222 -0.07394114491616902
4.303981935418017 -0.0761588858389103
4.366813788489813 -0.07807608208986537
4.429645641561608 -0.07968521331541496
4.4924774946334045 -0.08097997163930228
4.5553093477052 -0.08195528520557005
4.618141200776996 -0.08260733702193376
4.680973053848792 -0.08293357906795888
4.743804906920587 -0.08293274164326007
4.806636759992383 -0.08260483794082561
4.869468613064179 -0.08195116383981724
4.932300466135976 -0.08097429292105487
4.995132319207771 -0.07967806671722584
5.057964172279567 -0.07806758021894328
5.120796025351362 -0.0761491626674487
5.183627878423159 -0.07393035367527082
5.246459731494955 -0.07141987472775285
5.3092915845667505 -0.06862759613126511
5.372123437638546 -0.06556449948821937
5.434955290710342 -0.062242635794805164
5.497787143782137 -0.05867507927465282
5.560618996853934 -0.05487587708033416
5.62345084992573 -0.05085999501458592
5.686282702997525 -0.046643259444186416
5.749114556069321 -0.042242295601241056
5.811946409141116 -0.03767446248892021
5.874778262212914 -0.03295778463105985
5.937610115284709 -0.028110880927065204
6.000441968356505 -0.023152890894838157
6.0632738214283 -0.018103398604512724
6.126105674500097 -0.012982354624222005
6.188937527571893 -0.007809996315511933
6.2517693806436885 -0.0026067668299879243