0.031415926535897934 0.004667901218186632
0.0942477796076938 0.013985551899389667
0.15707963267948966 0.02324881789723677
0.21991148575128552 0.032421677656980334
0.2827433388230814 0.041468460676301985
0.34557519189487723 0.05035398535288128
0.4084070449666731 0.05904369431415211
0.47123889803846897 0.06750378658703865
0.5340707511102649 0.07570134601949738
0.5969026041820606 0.08360446542764663
0.6597344572538566 0.09118236600994999
0.7225663103256523 0.0984055116409356
0.7853981633974483 0.10524571772880387
0.8482300164692442 0.1116762543915053
0.91106186954104 0.11767194377204895
0.9738937226128359 0.12320925137371448
1.0367255756846319 0.1282663713474803
1.0995574287564276 0.13282330570572692
1.1623892818282235 0.13686193746682912
1.2252211349000193 0.1403660977537819
1.2880529879718152 0.14332162687613778
1.350884841043611 0.14571642941834376
1.413716694115407 0.14754052333964524
1.4765485471872026 0.14878608306209412
1.5393804002589986 0.1494474764853486
1.6022122533307945 0.14952129582174065
1.6650441064025903 0.14900638209474606
1.7278759594743862 0.14790384309100663
1.7907078125461822 0.14621706450312702
1.853539665617978 0.14395171395043502
1.9163715186897736 0.1411157375205856
1.9792033717615696 0.13771934843912295
2.0420352248333655 0.13377500744948895
2.104867077905162 0.12929739447488328
2.1676989309769574 0.1243033711378172
2.230530784048753 0.11881193373475672
2.2933626371205493 0.11284415630296017
2.356194490192345 0.10642312347491707
2.4190263432641403 0.09957385289255131
2.4818581963359367 0.09232320704766715
2.5446900494077322 0.08469979452551517
2.607521902479528 0.07673386075263001
2.670353755551324 0.06845716848550654
2.7331856086231197 0.05990286841988469
2.796017461694916 0.05110536044771054
2.8588493147667116 0.04210014623613434
2.9216811678385075 0.03292367394600985
2.9845130209103035 0.023613176041992808
3.047344873982099 0.014206501268417765
3.1101767270538954 0.004741941970844656
3.173008580125691 -0.004741941970844656
3.2358404331974873 -0.014206501268417765
3.2986722862692828 -0.023613176041992808
3.3615041393410787 -0.03292367394600985
3.4243359924128747 -0.04210014623613434
3.48716784548467 -0.05110536044771054
3.549999698556466 -0.05990286841988463
3.612831551628262 -0.06845716848550654
3.675663404700058 -0.07673386075263001
3.7384952577718535 -0.08469979452551506
3.8013271108436495 -0.09232320704766715
3.8641589639154454 -0.09957385289255116
3.9269908169872414 -0.10642312347491707
3.989822670059038 -0.11284415630296019
4.052654523130833 -0.11881193373475672
4.115486376202629 -0.1243033711378172
4.178318229274425 -0.12929739447488348
4.241150082346222 -0.13377500744948914
4.303981935418017 -0.13771934843912303
4.366813788489813 -0.1411157375205856
4.429645641561608 -0.14395171395043496
4.4924774946334045 -0.14621706450312702
4.5553093477052 -0.14790384309100663
4.618141200776996 -0.14900638209474604
4.680973053848792 -0.1495212958217405
4.743804906920587 -0.1494474764853487
4.806636759992383 -0.14878608306209418
4.869468613064179 -0.14754052333964524
4.932300466135976 -0.14571642941834373
4.995132319207771 -0.14332162687613778
5.057964172279567 -0.14036609775378206
5.120796025351362 -0.13686193746682923
5.183627878423159 -0.13282330570572692
5.246459731494955 -0.12826637134748017
5.3092915845667505 -0.12320925137371448
5.372123437638546 -0.11767194377204895
5.434955290710342 -0.11167625439150543
5.497787143782137 -0.10524571772880409
5.560618996853934 -0.09840551164093556
5.62345084992573 -0.09118236600994999
5.686282702997525 -0.08360446542764663
5.749114556069321 -0.0757013460194974
5.811946409141116 -0.06750378658703875
5.874778262212914 -0.05904369431415197
5.937610115284709 -0.05035398535288128
6.000441968356505 -0.041468460676301985
6.0632738214283 -0.032421677656980376
6.126105674500097 -0.02324881789723677
6.188937527571893 -0.013985551899389518
6.2517693806436885 -0.004667901218186632