0.031415926535897934 0.008773179405211006
0.0942477796076938 0.026275134094740995
0.15707963267948966 0.04364420992680957
0.21991148575128552 0.06079292894275073
0.2827433388230814 0.07763546205476507
0.34557519189487723 0.09408826261926541
0.4084070449666731 0.11007067432614837
0.47123889803846897 0.12550550649539782
0.5340707511102649 0.14031957021721345
0.5969026041820606 0.15444416921411588
0.6597344572538566 0.16781553985037567
0.7225663103256523 0.18037523537000544
0.7853981633974483 0.1920704502096598
0.8482300164692442 0.20285428110217443
0.91106186954104 0.21268592264943348
0.9738937226128359 0.22153079608313278
1.0367255756846319 0.22936061102648914
1.0995574287564276 0.23615336119197888
1.1623892818282235 0.2418932560690886
1.2252211349000193 0.2465705917392048
1.2880529879718152 0.2501815649693012
1.350884841043611 0.25272803565078644
1.413716694115407 0.25421724343688973
1.4765485471872026 0.254661485068376
1.5393804002589986 0.25407775934630045
1.6022122533307945 0.2524873870019881
1.6650441064025903 0.24991561282562455
1.7278759594743862 0.2463911973500291
1.7907078125461822 0.24194600515609035
1.853539665617978 0.23661459648730332
1.9163715186897736 0.2304338283536304
1.9792033717615696 0.2234424706933699
2.0420352248333655 0.21568084247145441
2.104867077905162 0.20719047184960387
2.1676989309769574 0.19801378379315998
2.230530784048753 0.1881938177045266
2.2933626371205493 0.1777739769145369
2.356194490192345 0.1667978111381166
2.4190263432641403 0.15530883232311324
2.4818581963359367 0.14335036370123114
2.5446900494077322 0.1309654212942024
2.607521902479528 0.11819662663986887
2.670353755551324 0.10508614908210152
2.7331856086231197 0.09167567561326201
2.796017461694916 0.07800640596418702
2.8588493147667116 0.06411907039893117
2.9216811678385075 0.050053967483362695
2.9845130209103035 0.03585101895138611
3.047344873982099 0.02154983868326095
3.1101767270538954 0.007189812730863565
3.173008580125691 -0.007189812730863565
3.2358404331974873 -0.02154983868326095
3.2986722862692828 -0.03585101895138611
3.3615041393410787 -0.050053967483362695
3.4243359924128747 -0.06411907039893117
3.48716784548467 -0.07800640596418702
3.549999698556466 -0.09167567561326177
3.612831551628262 -0.10508614908210152
3.675663404700058 -0.11819662663986887
3.7384952577718535 -0.13096542129420236
3.8013271108436495 -0.14335036370123114
3.8641589639154454 -0.15530883232311302
3.9269908169872414 -0.1667978111381166
3.989822670059038 -0.17777397691453697
4.052654523130833 -0.1881938177045266
4.115486376202629 -0.19801378379315998
4.178318229274425 -0.2071904718496041
4.241150082346222 -0.21568084247145455
4.303981935418017 -0.22344247069337003
4.366813788489813 -0.2304338283536304
4.429645641561608 -0.2366145964873032
4.4924774946334045 -0.24194600515609044
4.5553093477052 -0.2463911973500291
4.618141200776996 -0.24991561282562455
4.680973053848792 -0.2524873870019882
4.743804906920587 -0.25407775934630045
4.806636759992383 -0.25466148506837594
4.869468613064179 -0.25421724343688973
4.932300466135976 -0.2527280356507863
4.995132319207771 -0.25018156496930116
5.057964172279567 -0.2465705917392047
5.120796025351362 -0.24189325606908868
5.183627878423159 -0.23615336119197888
5.246459731494955 -0.22936061102648905
5.3092915845667505 -0.22153079608313278
5.372123437638546 -0.21268592264943348
5.434955290710342 -0.20285428110217457
5.497787143782137 -0.19207045020966015
5.560618996853934 -0.18037523537000538
5.62345084992573 -0.16781553985037567
5.686282702997525 -0.15444416921411588
5.749114556069321 -0.14031957021721356
5.811946409141116 -0.12550550649539804
5.874778262212914 -0.11007067432614827
5.937610115284709 -0.09408826261926541
6.000441968356505 -0.07763546205476507
6.0632738214283 -0.06079292894275081
6.126105674500097 -0.04364420992680957
6.188937527571893 -0.026275134094740873
6.2517693806436885 -0.008773179405211006