0.031415926535897934 0.001877703630211153
0.0942477796076938 0.005626728147338252
0.15707963267948966 0.009356616052055716
0.21991148575128552 0.013054648415425443
0.2827433388230814 0.016708164834314646
0.34557519189487723 0.020304587454190844
0.4084070449666731 0.023831445601588792
0.47123889803846897 0.027276401196062276
0.5340707511102649 0.03062727510749378
0.5969026041820606 0.033872074619105776
0.6597344572538566 0.03699902214900411
0.7225663103256523 0.039996585373129286
0.7853981633974483 0.04285350887961595
0.8482300164692442 0.04555884746825441
0.91106186954104 0.04810200118850311
0.9738937226128359 0.05047275218482622
1.0367255756846319 0.05266130338858332
1.0995574287564276 0.05465831906089174
1.1623892818282235 0.056454967150542254
1.2252211349000193 0.058042963385024356
1.2880529879718152 0.059414616961004627
1.350884841043611 0.06056287764342582
1.413716694115407 0.06148138402015166
1.4765485471872026 0.06216451259248173
1.5393804002589986 0.06260742731183337
1.6022122533307945 0.06280612910070549
1.6650441064025903 0.06275750482323561
1.7278759594743862 0.06245937509911232
1.7907078125461822 0.06191054028641903
1.853539665617978 0.06111082389657396
1.9163715186897736 0.060061112650451776
1.9792033717615696 0.05876339234175415
2.0420352248333655 0.05722077864446907
2.104867077905162 0.05543754198852212
2.1676989309769574 0.053419125633947434
2.230530784048753 0.05117215610127739
2.2933626371205493 0.04870444516606918
2.356194490192345 0.04602498269966058
2.4190263432641403 0.04314391973677554
2.4818581963359367 0.04007254127302628
2.5446900494077322 0.03682322844032799
2.607521902479528 0.03340940987344761
2.670353755551324 0.029845502263061777
2.7331856086231197 0.02614684028563762
2.796017461694916 0.022329596303181792
2.8588493147667116 0.018410690430786598
2.9216811678385075 0.014407691770860697
2.9845130209103035 0.01033871180364754
3.047344873982099 0.00622229109788059
3.1101767270538954 0.0020772806572756574
3.173008580125691 -0.0020772806572756574
3.2358404331974873 -0.00622229109788059
3.2986722862692828 -0.01033871180364754
3.3615041393410787 -0.014407691770860697
3.4243359924128747 -0.018410690430786598
3.48716784548467 -0.022329596303181792
3.549999698556466 -0.02614684028563762
3.612831551628262 -0.029845502263061777
3.675663404700058 -0.03340940987344761
3.7384952577718535 -0.03682322844032799
3.8013271108436495 -0.04007254127302628
3.8641589639154454 -0.043143919736775574
3.9269908169872414 -0.04602498269966058
3.989822670059038 -0.04870444516606927
4.052654523130833 -0.05117215610127739
4.115486376202629 -0.053419125633947434
4.178318229274425 -0.05543754198852227
4.241150082346222 -0.05722077864446905
4.303981935418017 -0.05876339234175413
4.366813788489813 -0.060061112650451776
4.429645641561608 -0.061110823896573914
4.4924774946334045 -0.061910540286419104
4.5553093477052 -0.06245937509911232
4.618141200776996 -0.06275750482323561
4.680973053848792 -0.06280612910070549
4.743804906920587 -0.06260742731183339
4.806636759992383 -0.06216451259248182
4.869468613064179 -0.06148138402015166
4.932300466135976 -0.06056287764342582
4.995132319207771 -0.059414616961004627
5.057964172279567 -0.058042963385024474
5.120796025351362 -0.056454967150542275
5.183627878423159 -0.05465831906089174
5.246459731494955 -0.052661303388583276
5.3092915845667505 -0.05047275218482622
5.372123437638546 -0.04810200118850311
5.434955290710342 -0.04555884746825442
5.497787143782137 -0.042853508879615976
5.560618996853934 -0.03999658537312927
5.62345084992573 -0.03699902214900411
5.686282702997525 -0.033872074619105776
5.749114556069321 -0.030627275107493784
5.811946409141116 -0.02727640119606235
5.874778262212914 -0.023831445601588782
5.937610115284709 -0.020304587454190844
6.000441968356505 -0.016708164834314646
6.0632738214283 -0.013054648415425443
6.126105674500097 -0.009356616052055716
6.188937527571893 -0.005626728147338193
6.2517693806436885 -0.001877703630211153