0.031415926535897934 0.009641232883739078
0.0942477796076938 0.028878153297526535
0.15707963267948966 0.04797874151352388
0.21991148575128552 0.06685311895219584
0.2827433388230814 0.08541290977352219
0.34557519189487723 0.10357181897250421
0.4084070449666731 0.12124618788660488
0.47123889803846897 0.13835552124437892
0.5340707511102649 0.15482298031126474
0.5969026041820606 0.17057583719805683
0.6597344572538566 0.18554588598239274
0.7225663103256523 0.19966980694453726
0.7853981633974483 0.21288948092512344
0.8482300164692442 0.22515225156209467
0.91106186954104 0.23641113394335575
0.9738937226128359 0.24662496900595712
1.0367255756846319 0.2557585238066097
1.0995574287564276 0.26378253856624395
1.1623892818282235 0.2706737221375456
1.2252211349000193 0.27641469824390125
1.2880529879718152 0.2809939054770497
1.350884841043611 0.2844054546065857
1.413716694115407 0.2866489472369394
1.4765485471872026 0.2877292602385256
1.5393804002589986 0.2876563006739237
1.6022122533307945 0.286444736134506
1.6650441064025903 0.28411370549779025
1.7278759594743862 0.2806865151135955
1.7907078125461822 0.2761903253328286
1.853539665617978 0.2706558321135727
1.9163715186897736 0.2641169481839996
1.9792033717615696 0.25661048792078056
2.0420352248333655 0.24817585972623246
2.104867077905162 0.23885476926911783
2.1676989309769574 0.2286909365044569
2.230530784048753 0.21772982891827702
2.2933626371205493 0.2060184129646271
2.356194490192345 0.19360492518414793
2.4190263432641403 0.18053866402470026
2.4818581963359367 0.1668698029323573
2.5446900494077322 0.15264922485157637
2.607521902479528 0.13792837787132045
2.670353755551324 0.122759151382845
2.7331856086231197 0.10719377177714479
2.796017461694916 0.09128471640703789
2.8588493147667116 0.07508464427104787
2.9216811678385075 0.05864634164343631
2.9845130209103035 0.04202268067628528
3.047344873982099 0.025266588834400968
3.1101767270538954 0.00843102689086547
3.173008580125691 -0.00843102689086547
3.2358404331974873 -0.025266588834400968
3.2986722862692828 -0.04202268067628528
3.3615041393410787 -0.05864634164343631
3.4243359924128747 -0.07508464427104787
3.48716784548467 -0.09128471640703789
3.549999698556466 -0.10719377177714462
3.612831551628262 -0.122759151382845
3.675663404700058 -0.13792837787132045
3.7384952577718535 -0.1526492248515762
3.8013271108436495 -0.1668698029323573
3.8641589639154454 -0.18053866402470015
3.9269908169872414 -0.19360492518414793
3.989822670059038 -0.2060184129646272
4.052654523130833 -0.21772982891827702
4.115486376202629 -0.2286909365044569
4.178318229274425 -0.23885476926911806
4.241150082346222 -0.24817585972623252
4.303981935418017 -0.25661048792078067
4.366813788489813 -0.2641169481839996
4.429645641561608 -0.2706558321135727
4.4924774946334045 -0.27619032533282883
4.5553093477052 -0.2806865151135955
4.618141200776996 -0.2841137054977902
4.680973053848792 -0.286444736134506
4.743804906920587 -0.2876563006739236
4.806636759992383 -0.2877292602385254
4.869468613064179 -0.2866489472369394
4.932300466135976 -0.2844054546065856
4.995132319207771 -0.28099390547704967
5.057964172279567 -0.2764146982439011
5.120796025351362 -0.27067372213754554
5.183627878423159 -0.26378253856624395
5.246459731494955 -0.25575852380660963
5.3092915845667505 -0.24662496900595712
5.372123437638546 -0.23641113394335575
5.434955290710342 -0.2251522515620947
5.497787143782137 -0.21288948092512372
5.560618996853934 -0.19966980694453718
5.62345084992573 -0.18554588598239274
5.686282702997525 -0.17057583719805683
5.749114556069321 -0.15482298031126487
5.811946409141116 -0.13835552124437916
5.874778262212914 -0.12124618788660467
5.937610115284709 -0.10357181897250421
6.000441968356505 -0.08541290977352219
6.0632738214283 -0.066853118952196
6.126105674500097 -0.04797874151352388
6.188937527571893 -0.028878153297526413
6.2517693806436885 -0.009641232883739078