0.031415926535897934 0.0021700752034054787
0.0942477796076938 0.006501884309629625
0.15707963267948966 0.010808699504478235
0.21991148575128552 0.015073958056108476
0.2827433388230814 0.019281246724171593
0.34557519189487723 0.023414360914368458
0.4084070449666731 0.027457363195978163
0.47123889803846897 0.03139464100726788
0.5340707511102649 0.035210963378438535
0.5969026041820606 0.03889153650712365
0.6597344572538566 0.04242205802715936
0.7225663103256523 0.045788769817153435
0.7853981633974483 0.048978509201008325
0.8482300164692442 0.05197875839774883
0.91106186954104 0.05477769208251746
0.9738937226128359 0.05736422292421078
1.0367255756846319 0.05972804496778674
1.0995574287564276 0.06185967473061014
1.1623892818282235 0.06375048988231276
1.2252211349000193 0.06539276537647894
1.2880529879718152 0.06677970690014949
1.350884841043611 0.06790548150377339
1.413716694115407 0.068765245270101
1.4765485471872026 0.06935516787585198
1.5393804002589986 0.06967245389521737
1.6022122533307945 0.06971536068974145
1.6650441064025903 0.06948321272538681
1.7278759594743862 0.06897641215507405
1.7907078125461822 0.06819644550426048
1.853539665617978 0.06714588629866008
1.9163715186897736 0.06582839347754328
1.9792033717615696 0.06424870544362117
2.0420352248333655 0.06241262961173767
2.104867077905162 0.06032702733377203
2.1676989309769574 0.057999794096544356
2.230530784048753 0.05543983491321653
2.2933626371205493 0.052657034856707474
2.356194490192345 0.04966222471584483
2.4190263432641403 0.04646714179108616
2.4818581963359367 0.04308438588625123
2.5446900494077322 0.03952737059525689
2.607521902479528 0.03581027002766705
2.670353755551324 0.03194796116317621
2.7331856086231197 0.027955962072049402
2.796017461694916 0.02385036628510135
2.8588493147667116 0.01964777364201478
2.9216811678385075 0.015365217989671665
2.9845130209103035 0.011020092141704328
3.047344873982099 0.006630070545747005
3.1101767270538954 0.0022130301350005064
3.173008580125691 -0.0022130301350005064
3.2358404331974873 -0.006630070545747005
3.2986722862692828 -0.011020092141704328
3.3615041393410787 -0.015365217989671665
3.4243359924128747 -0.01964777364201478
3.48716784548467 -0.02385036628510135
3.549999698556466 -0.027955962072049326
3.612831551628262 -0.03194796116317621
3.675663404700058 -0.03581027002766705
3.7384952577718535 -0.03952737059525689
3.8013271108436495 -0.04308438588625123
3.8641589639154454 -0.04646714179108608
3.9269908169872414 -0.04966222471584483
3.989822670059038 -0.05265703485670746
4.052654523130833 -0.05543983491321653
4.115486376202629 -0.057999794096544356
4.178318229274425 -0.060327027333771946
4.241150082346222 -0.062412629611737575
4.303981935418017 -0.06424870544362113
4.366813788489813 -0.06582839347754328
4.429645641561608 -0.06714588629866008
4.4924774946334045 -0.06819644550426054
4.5553093477052 -0.06897641215507405
4.618141200776996 -0.06948321272538678
4.680973053848792 -0.0697153606897415
4.743804906920587 -0.0696724538952174
4.806636759992383 -0.06935516787585204
4.869468613064179 -0.068765245270101
4.932300466135976 -0.06790548150377348
4.995132319207771 -0.06677970690014946
5.057964172279567 -0.06539276537647894
5.120796025351362 -0.0637504898823127
5.183627878423159 -0.06185967473061014
5.246459731494955 -0.05972804496778667
5.3092915845667505 -0.05736422292421078
5.372123437638546 -0.05477769208251746
5.434955290710342 -0.05197875839774888
5.497787143782137 -0.04897850920100817
5.560618996853934 -0.045788769817153394
5.62345084992573 -0.04242205802715936
5.686282702997525 -0.03889153650712365
5.749114556069321 -0.03521096337843851
5.811946409141116 -0.031394641007267854
5.874778262212914 -0.027457363195978173
5.937610115284709 -0.023414360914368458
6.000441968356505 -0.019281246724171593
6.0632738214283 -0.015073958056108578
6.126105674500097 -0.010808699504478235
6.188937527571893 -0.006501884309629683
6.2517693806436885 -0.0021700752034054787