0.031415926535897934 0.003353658950827836
0.0942477796076938 0.010031292729028349
0.15707963267948966 0.016620451782573733
0.21991148575128552 0.023064057222514995
0.2827433388230814 0.02930781351140057
0.34557519189487723 0.03530118010795715
0.4084070449666731 0.040998211264619
0.47123889803846897 0.04635823944576508
0.5340707511102649 0.051346386174873505
0.5969026041820606 0.05593389284454706
0.6597344572538566 0.06009827251584246
0.7225663103256523 0.06382329144686874
0.7853981633974483 0.06709879559604535
0.8482300164692442 0.06992040235594582
0.91106186954104 0.07228908115252641
0.9738937226128359 0.07421064829587905
1.0367255756846319 0.07569520171561558
1.0995574287564276 0.07675652016869583
1.1623892818282235 0.07741144943774458
1.2252211349000193 0.07767929523492895
1.2880529879718152 0.07758123927715473
1.350884841043611 0.07713979156357013
1.413716694115407 0.0763782884866367
1.4765485471872026 0.07532044321571521
1.5393804002589986 0.07398995192989707
1.6022122533307945 0.0724101570204067
1.6650441064025903 0.07060376636706263
1.7278759594743862 0.06859262621949258
1.7907078125461822 0.06639754405838216
1.853539665617978 0.06403815703421771
1.9163715186897736 0.06153284112976866
1.9792033717615696 0.058898656012608804
2.0420352248333655 0.05615132058006921
2.104867077905162 0.053305214399213034
2.1676989309769574 0.05037340056216506
2.230530784048753 0.04736766587231974
2.2933626371205493 0.04429857471633694
2.356194490192345 0.041175533433888016
2.4190263432641403 0.03800686245144315
2.4818581963359367 0.034799873883107894
2.5446900494077322 0.0315609527103422
2.607521902479528 0.02829564002685331
2.670353755551324 0.02500871717158542
2.7331856086231197 0.021704289870342917
2.796017461694916 0.018385871765648893
2.8588493147667116 0.015056466936549271
2.9216811678385075 0.011718651197513077
2.9845130209103035 0.008374652120951558
3.047344873982099 0.005026427853901177
3.1101767270538954 0.001675744898608087
3.173008580125691 -0.001675744898608087
3.2358404331974873 -0.005026427853901177
3.2986722862692828 -0.008374652120951558
3.3615041393410787 -0.011718651197513077
3.4243359924128747 -0.015056466936549271
3.48716784548467 -0.018385871765648893
3.549999698556466 -0.021704289870342917
3.612831551628262 -0.02500871717158542
3.675663404700058 -0.02829564002685331
3.7384952577718535 -0.031560952710342115
3.8013271108436495 -0.034799873883107894
3.8641589639154454 -0.03800686245144315
3.9269908169872414 -0.041175533433888016
3.989822670059038 -0.04429857471633694
4.052654523130833 -0.04736766587231974
4.115486376202629 -0.05037340056216506
4.178318229274425 -0.053305214399213034
4.241150082346222 -0.0561513205800693
4.303981935418017 -0.058898656012608804
4.366813788489813 -0.06153284112976866
4.429645641561608 -0.06403815703421771
4.4924774946334045 -0.06639754405838223
4.5553093477052 -0.06859262621949258
4.618141200776996 -0.07060376636706263
4.680973053848792 -0.0724101570204067
4.743804906920587 -0.07398995192989717
4.806636759992383 -0.07532044321571504
4.869468613064179 -0.0763782884866367
4.932300466135976 -0.07713979156357013
4.995132319207771 -0.07758123927715467
5.057964172279567 -0.07767929523492895
5.120796025351362 -0.07741144943774458
5.183627878423159 -0.07675652016869583
5.246459731494955 -0.07569520171561557
5.3092915845667505 -0.07421064829587905
5.372123437638546 -0.07228908115252641
5.434955290710342 -0.06992040235594582
5.497787143782137 -0.06709879559604544
5.560618996853934 -0.06382329144686874
5.62345084992573 -0.06009827251584246
5.686282702997525 -0.05593389284454706
5.749114556069321 -0.05134638617487359
5.811946409141116 -0.04635823944576515
5.874778262212914 -0.040998211264618924
5.937610115284709 -0.03530118010795715
6.000441968356505 -0.02930781351140057
6.0632738214283 -0.023064057222514995
6.126105674500097 -0.016620451782573733
6.188937527571893 -0.010031292729028349
6.2517693806436885 -0.003353658950827836