0.031415926535897934 0.008095957088652902
0.0942477796076938 0.024259599948944954
0.15707963267948966 0.040338510370783114
0.21991148575128552 0.056276471090954155
0.2827433388230814 0.07201766904206042
0.34557519189487723 0.08750685244413656
0.4084070449666731 0.1026894835596617
0.47123889803846897 0.11751188621999781
0.5340707511102649 0.1319213874740502
0.5969026041820606 0.14586645298797232
0.6597344572538566 0.1592968161278297
0.7225663103256523 0.17216360097411348
0.7853981633974483 0.1844194398359945
0.8482300164692442 0.19601858614206324
0.91106186954104 0.20691702387079902
0.9738937226128359 0.21707257493623938
1.0367255756846319 0.22644500615089314
1.0995574287564276 0.23499613753825127
1.1623892818282235 0.24268995385167008
1.2252211349000193 0.24949272116649346
1.2880529879718152 0.25537311034097193
1.350884841043611 0.2603023289833484
1.413716694115407 0.2642542633137494
1.4765485471872026 0.2672056309686444
1.5393804002589986 0.269136145363433
1.6022122533307945 0.27002869170867355
1.6650441064025903 0.26986951417421823
1.7278759594743862 0.26864841302307774
1.7907078125461822 0.2663589498070867
1.853539665617978 0.2629986579472541
1.9163715186897736 0.2585692552351453
1.9792033717615696 0.25307685401400476
2.0420352248333655 0.24653216405963735
2.104867077905162 0.23895068251465534
2.1676989309769574 0.23035286467114574
2.230530784048753 0.2207642689826687
2.2933626371205493 0.21021566945254797
2.356194490192345 0.19874312852463027
2.4190263432641403 0.18638802382296163
2.4818581963359367 0.17319702256857122
2.5446900494077322 0.15922199825524527
2.607521902479528 0.14451988519045578
2.670353755551324 0.12915246778744743
2.7331856086231197 0.11318610300040967
2.796017461694916 0.0966913759827213
2.8588493147667116 0.0797426908609716
2.9216811678385075 0.06241780038602942
2.9845130209103035 0.04479728006984229
3.047344873982099 0.026963954161722592
3.1101767270538954 0.009002282380083788
3.173008580125691 -0.009002282380083788
3.2358404331974873 -0.026963954161722592
3.2986722862692828 -0.04479728006984229
3.3615041393410787 -0.06241780038602942
3.4243359924128747 -0.0797426908609716
3.48716784548467 -0.0966913759827213
3.549999698556466 -0.11318610300040967
3.612831551628262 -0.12915246778744743
3.675663404700058 -0.14451988519045578
3.7384952577718535 -0.1592219982552452
3.8013271108436495 -0.17319702256857122
3.8641589639154454 -0.18638802382296166
3.9269908169872414 -0.19874312852463027
3.989822670059038 -0.21021566945254822
4.052654523130833 -0.2207642689826687
4.115486376202629 -0.23035286467114574
4.178318229274425 -0.23895068251465548
4.241150082346222 -0.24653216405963746
4.303981935418017 -0.2530768540140047
4.366813788489813 -0.2585692552351453
4.429645641561608 -0.262998657947254
4.4924774946334045 -0.2663589498070867
4.5553093477052 -0.26864841302307774
4.618141200776996 -0.2698695141742183
4.680973053848792 -0.2700286917086736
4.743804906920587 -0.26913614536343294
4.806636759992383 -0.2672056309686446
4.869468613064179 -0.2642542633137494
4.932300466135976 -0.2603023289833484
4.995132319207771 -0.2553731103409718
5.057964172279567 -0.24949272116649346
5.120796025351362 -0.2426899538516702
5.183627878423159 -0.23499613753825127
5.246459731494955 -0.22644500615089314
5.3092915845667505 -0.21707257493623938
5.372123437638546 -0.20691702387079902
5.434955290710342 -0.19601858614206336
5.497787143782137 -0.18441943983599487
5.560618996853934 -0.17216360097411343
5.62345084992573 -0.1592968161278297
5.686282702997525 -0.14586645298797232
5.749114556069321 -0.13192138747405038
5.811946409141116 -0.11751188621999802
5.874778262212914 -0.1026894835596616
5.937610115284709 -0.08750685244413656
6.000441968356505 -0.07201766904206042
6.0632738214283 -0.05627647109095424
6.126105674500097 -0.040338510370783114
6.188937527571893 -0.024259599948944784
6.2517693806436885 -0.008095957088652902