0.031415926535897934 0.008784584883505187
0.0942477796076938 0.026317040814203538
0.15707963267948966 0.04373954335120374
0.21991148575128552 0.060979415437444236
0.2827433388230814 0.07796491140713784
0.34557519189487723 0.09462557685842386
0.4084070449666731 0.1108925961862013
0.47123889803846897 0.1266991247270592
0.5340707511102649 0.1419806028028034
0.5969026041820606 0.15667504933315035
0.6597344572538566 0.17072333310865687
0.7225663103256523 0.18406942025793116
0.7853981633974483 0.19666059689441995
0.8482300164692442 0.20844766637368414
0.91106186954104 0.21938512101900992
0.9738937226128359 0.22943128856970837
1.0367255756846319 0.23854845396248897
1.0995574287564276 0.2467029573637755
1.1623892818282235 0.2538652696238608
1.2252211349000193 0.2600100465186801
1.2880529879718152 0.2651161632802744
1.350884841043611 0.26916673099335164
1.413716694115407 0.27214909645533464
1.4765485471872026 0.27405482706520384
1.5393804002589986 0.2748796822280237
1.6022122533307945 0.2746235726441634
1.6650441064025903 0.27329050870257093
1.7278759594743862 0.27088853902427135
1.7907078125461822 0.2674296800139684
1.853539665617978 0.2629298370826519
1.9163715186897736 0.25740871801054477
1.9792033717615696 0.2508897387351248
2.0420352248333655 0.24339992168019634
2.104867077905162 0.23496978659499787
2.1676989309769574 0.22563323375206296
2.230530784048753 0.21542741926279343
2.2933626371205493 0.20439262221306878
2.356194490192345 0.19257210329904115
2.4190263432641403 0.18001195465569317
2.4818581963359367 0.16676094061660807
2.5446900494077322 0.15287032922047356
2.607521902479528 0.1383937143846954
2.670353755551324 0.1233868287948653
2.7331856086231197 0.1079073477055137
2.796017461694916 0.09201468400686677
2.8588493147667116 0.0757697750780074
2.9216811678385075 0.05923486211250149
2.9845130209103035 0.042473262761857436
3.047344873982099 0.02554913808896855
3.1101767270538954 0.008527254952359642
3.173008580125691 -0.008527254952359642
3.2358404331974873 -0.02554913808896855
3.2986722862692828 -0.042473262761857436
3.3615041393410787 -0.05923486211250149
3.4243359924128747 -0.0757697750780074
3.48716784548467 -0.09201468400686677
3.549999698556466 -0.10790734770551362
3.612831551628262 -0.1233868287948653
3.675663404700058 -0.1383937143846954
3.7384952577718535 -0.15287032922047344
3.8013271108436495 -0.16676094061660807
3.8641589639154454 -0.180011954655693
3.9269908169872414 -0.19257210329904115
3.989822670059038 -0.20439262221306892
4.052654523130833 -0.21542741926279343
4.115486376202629 -0.22563323375206296
4.178318229274425 -0.23496978659499804
4.241150082346222 -0.24339992168019642
4.303981935418017 -0.2508897387351248
4.366813788489813 -0.25740871801054477
4.429645641561608 -0.26292983708265205
4.4924774946334045 -0.2674296800139684
4.5553093477052 -0.27088853902427135
4.618141200776996 -0.273290508702571
4.680973053848792 -0.2746235726441633
4.743804906920587 -0.27487968222802367
4.806636759992383 -0.2740548270652038
4.869468613064179 -0.27214909645533464
4.932300466135976 -0.26916673099335164
4.995132319207771 -0.2651161632802743
5.057964172279567 -0.26001004651868004
5.120796025351362 -0.25386526962386086
5.183627878423159 -0.2467029573637755
5.246459731494955 -0.23854845396248894
5.3092915845667505 -0.22943128856970837
5.372123437638546 -0.21938512101900992
5.434955290710342 -0.20844766637368423
5.497787143782137 -0.19666059689442011
5.560618996853934 -0.18406942025793108
5.62345084992573 -0.17072333310865687
5.686282702997525 -0.15667504933315035
5.749114556069321 -0.14198060280280353
5.811946409141116 -0.12669912472705944
5.874778262212914 -0.11089259618620126
5.937610115284709 -0.09462557685842386
6.000441968356505 -0.07796491140713784
6.0632738214283 -0.060979415437444395
6.126105674500097 -0.04373954335120374
6.188937527571893 -0.026317040814203326
6.2517693806436885 -0.008784584883505187