0.031415926535897934 0.0049118382534228
0.0942477796076938 0.014719684821213686
0.15707963267948966 0.024480067187434548
0.21991148575128552 0.03416142788609203
0.2827433388230814 0.04373233728894153
0.34557519189487723 0.05316154445043323
0.4084070449666731 0.06241802775339107
0.47123889803846897 0.07147104542499606
0.5340707511102649 0.08029018608176021
0.5969026041820606 0.08884541956478902
0.6597344572538566 0.09710714843913562
0.7225663103256523 0.10504626064926904
0.7853981633974483 0.1126341839419987
0.8482300164692442 0.1198429427835598
0.91106186954104 0.1266452186035513
0.9738937226128359 0.13301441428934355
1.0367255756846319 0.13892472392450222
1.0995574287564276 0.14435120880765828
1.1623892818282235 0.1492698807980174
1.2252211349000193 0.15365779400433902
1.2880529879718152 0.15749314576004286
1.350884841043611 0.16075538770281095
1.413716694115407 0.16342534759814614
1.4765485471872026 0.1654853623092341
1.5393804002589986 0.1669194220179799
1.6022122533307945 0.1677133254438005
1.6650441064025903 0.16785484538937379
1.7278759594743862 0.16733390347045934
1.7907078125461822 0.16614275236750448
1.853539665617978 0.1642761633808731
1.9163715186897736 0.16173161649374862
1.9792033717615696 0.1585094895654376
2.0420352248333655 0.15461324271509821
2.104867077905162 0.15004959343737093
2.1676989309769574 0.14482867754531517
2.230530784048753 0.1389641906924333
2.2933626371205493 0.13247350501478142
2.356194490192345 0.1253777553851892
2.4190263432641403 0.1177018899100805
2.4818581963359367 0.10947467964538987
2.5446900494077322 0.10072868307401638
2.607521902479528 0.09150016167581365
2.670353755551324 0.08182894392355804
2.7331856086231197 0.07175823623352523
2.796017461694916 0.06133438075332662
2.8588493147667116 0.05060656133651006
2.9216811678385075 0.0396264605766518
2.9845130209103035 0.02844787228895638
3.047344873982099 0.017126275266100582
3.1101767270538954 0.005718375428381441
3.173008580125691 -0.005718375428381441
3.2358404331974873 -0.017126275266100582
3.2986722862692828 -0.02844787228895638
3.3615041393410787 -0.0396264605766518
3.4243359924128747 -0.05060656133651006
3.48716784548467 -0.06133438075332662
3.549999698556466 -0.07175823623352508
3.612831551628262 -0.08182894392355804
3.675663404700058 -0.09150016167581365
3.7384952577718535 -0.10072868307401629
3.8013271108436495 -0.10947467964538987
3.8641589639154454 -0.1177018899100805
3.9269908169872414 -0.1253777553851892
3.989822670059038 -0.13247350501478145
4.052654523130833 -0.1389641906924333
4.115486376202629 -0.14482867754531517
4.178318229274425 -0.1500495934373709
4.241150082346222 -0.1546132427150983
4.303981935418017 -0.15850948956543762
4.366813788489813 -0.16173161649374862
4.429645641561608 -0.16427616338087306
4.4924774946334045 -0.16614275236750467
4.5553093477052 -0.16733390347045934
4.618141200776996 -0.16785484538937384
4.680973053848792 -0.1677133254438005
4.743804906920587 -0.16691942201797996
4.806636759992383 -0.16548536230923408
4.869468613064179 -0.16342534759814614
4.932300466135976 -0.16075538770281084
4.995132319207771 -0.1574931457600429
5.057964172279567 -0.15365779400433902
5.120796025351362 -0.14926988079801742
5.183627878423159 -0.14435120880765828
5.246459731494955 -0.13892472392450203
5.3092915845667505 -0.13301441428934355
5.372123437638546 -0.1266452186035513
5.434955290710342 -0.11984294278355985
5.497787143782137 -0.1126341839419989
5.560618996853934 -0.10504626064926907
5.62345084992573 -0.09710714843913562
5.686282702997525 -0.08884541956478902
5.749114556069321 -0.08029018608176021
5.811946409141116 -0.0714710454249962
5.874778262212914 -0.06241802775339091
5.937610115284709 -0.05316154445043323
6.000441968356505 -0.04373233728894153
6.0632738214283 -0.034161427886092166
6.126105674500097 -0.024480067187434548
6.188937527571893 -0.014719684821213623
6.2517693806436885 -0.0049118382534228