0.031415926535897934 0.010069798916010099
0.0942477796076938 0.030112124017745524
0.15707963267948966 0.04986462474134357
0.21991148575128552 0.06914066024562927
0.2827433388230814 0.08776320915336888
0.34557519189487723 0.1055682426258262
0.4084070449666731 0.12240765133741952
0.47123889803846897 0.13815163781348913
0.5340707511102649 0.15269051147697554
0.5969026041820606 0.16593585193855723
0.6597344572538566 0.17782103482400258
0.7225663103256523 0.18830114201715353
0.7853981633974483 0.19735230299125206
0.8482300164692442 0.20497053455062283
0.91106186954104 0.21117016182398976
0.9738937226128359 0.21598191319443183
1.0367255756846319 0.21945078593499823
1.0995574287564276 0.22163377799285044
1.1623892818282235 0.22259757534018226
1.2252211349000193 0.2224162745584132
1.2880529879718152 0.22116920795620343
1.350884841043611 0.2189389246796926
1.413716694115407 0.2158093670164478
1.4765485471872026 0.21186426733114075
1.5393804002589986 0.20718577850846673
1.6022122533307945 0.2018533399055255
1.6650441064025903 0.19594277190706216
1.7278759594743862 0.18952558531966732
1.7907078125461822 0.1826684869702564
1.853539665617978 0.17543305981383808
1.9163715186897736 0.16787559435882404
1.9792033717615696 0.16004704800297778
2.0420352248333655 0.15199310965152601
2.104867077905162 0.14375434848837704
2.1676989309769574 0.13536642774881202
2.230530784048753 0.12686036659183358
2.2933626371205493 0.11826283552705315
2.356194490192345 0.10959647318805574
2.4190263432641403 0.10088021447062478
2.4818581963359367 0.092129622109618
2.5446900494077322 0.08335721561735919
2.607521902479528 0.07457279313351962
2.670353755551324 0.06578374314064492
2.7331856086231197 0.056995344190030925
2.796017461694916 0.04821105177555984
2.8588493147667116 0.0394327723080365
2.9216811678385075 0.030661124800722767
2.9845130209103035 0.021895691399149285
3.047344873982099 0.013135258294504867
3.1101767270538954 0.004378048867428928
3.173008580125691 -0.004378048867428928
3.2358404331974873 -0.013135258294504867
3.2986722862692828 -0.021895691399149285
3.3615041393410787 -0.030661124800722767
3.4243359924128747 -0.0394327723080365
3.48716784548467 -0.04821105177555984
3.549999698556466 -0.05699534419003084
3.612831551628262 -0.06578374314064492
3.675663404700058 -0.07457279313351962
3.7384952577718535 -0.0833572156173591
3.8013271108436495 -0.092129622109618
3.8641589639154454 -0.1008802144706247
3.9269908169872414 -0.10959647318805574
3.989822670059038 -0.11826283552705322
4.052654523130833 -0.12686036659183358
4.115486376202629 -0.13536642774881202
4.178318229274425 -0.14375434848837723
4.241150082346222 -0.15199310965152596
4.303981935418017 -0.16004704800297787
4.366813788489813 -0.16787559435882404
4.429645641561608 -0.17543305981383817
4.4924774946334045 -0.18266848697025653
4.5553093477052 -0.18952558531966732
4.618141200776996 -0.19594277190706222
4.680973053848792 -0.20185333990552545
4.743804906920587 -0.20718577850846673
4.806636759992383 -0.21186426733114078
4.869468613064179 -0.2158093670164478
4.932300466135976 -0.21893892467969273
4.995132319207771 -0.22116920795620348
5.057964172279567 -0.22241627455841317
5.120796025351362 -0.22259757534018224
5.183627878423159 -0.22163377799285044
5.246459731494955 -0.21945078593499823
5.3092915845667505 -0.21598191319443183
5.372123437638546 -0.21117016182398976
5.434955290710342 -0.20497053455062286
5.497787143782137 -0.19735230299125214
5.560618996853934 -0.1883011420171535
5.62345084992573 -0.17782103482400258
5.686282702997525 -0.16593585193855723
5.749114556069321 -0.15269051147697563
5.811946409141116 -0.13815163781348933
5.874778262212914 -0.12240765133741933
5.937610115284709 -0.1055682426258262
6.000441968356505 -0.08776320915336888
6.0632738214283 -0.06914066024562937
6.126105674500097 -0.04986462474134357
6.188937527571893 -0.03011212401774545
6.2517693806436885 -0.010069798916010099