0.031415926535897934 0.0035518151581991125
0.0942477796076938 0.01064439227662702
0.15707963267948966 0.01770381979355069
0.21991148575128552 0.024708031413130254
0.2827433388230814 0.0316350114584277
0.34557519189487723 0.03846281605730168
0.4084070449666731 0.045169595303412684
0.47123889803846897 0.051733616721944375
0.5340707511102649 0.05813329040521014
0.5969026041820606 0.06434719622378898
0.6597344572538566 0.0703541135624411
0.7225663103256523 0.07613305407466364
0.7853981633974483 0.08166329799294895
0.8482300164692442 0.08692443457085829
0.91106186954104 0.09189640726490728
0.9738937226128359 0.09655956428569312
1.0367255756846319 0.10089471515516639
1.0995574287564276 0.10488319389679472
1.1623892818282235 0.10850692945380737
1.2252211349000193 0.11174852387397871
1.2880529879718152 0.11459133871389285
1.350884841043611 0.11701958999797275
1.413716694115407 0.119018451914923
1.4765485471872026 0.12057416924448482
1.5393804002589986 0.1216741782793965
1.6022122533307945 0.1223072357412777
1.6650441064025903 0.12246355488652404
1.7278759594743862 0.12213494766271703
1.7907078125461822 0.12131497141322962
1.853539665617978 0.1199990782456899
1.9163715186897736 0.11818476478931333
1.9792033717615696 0.1158717196799647
2.0420352248333655 0.11306196574568175
2.104867077905162 0.1097599935369635
2.1676989309769574 0.10597288257462277
2.230530784048753 0.10171040649354694
2.2933626371205493 0.09698511816325867
2.356194490192345 0.09181241088439332
2.4190263432641403 0.08621055191014892
2.4818581963359367 0.08020068483541355
2.5446900494077322 0.07380679784018325
2.607521902479528 0.06705565536793298
2.670353755551324 0.05997669155600836
2.7331856086231197 0.05260186459781142
2.796017461694916 0.044965472181239835
2.8588493147667116 0.037103929182373
2.9216811678385075 0.029055509859071252
2.9845130209103035 0.02086005784243583
3.047344873982099 0.012558668218949784
3.1101767270538954 0.004193346886756813
3.173008580125691 -0.004193346886756813
3.2358404331974873 -0.012558668218949784
3.2986722862692828 -0.02086005784243583
3.3615041393410787 -0.029055509859071252
3.4243359924128747 -0.037103929182373
3.48716784548467 -0.044965472181239835
3.549999698556466 -0.05260186459781133
3.612831551628262 -0.05997669155600836
3.675663404700058 -0.06705565536793298
3.7384952577718535 -0.07380679784018328
3.8013271108436495 -0.08020068483541355
3.8641589639154454 -0.08621055191014876
3.9269908169872414 -0.09181241088439332
3.989822670059038 -0.09698511816325882
4.052654523130833 -0.10171040649354694
4.115486376202629 -0.10597288257462277
4.178318229274425 -0.10975999353696358
4.241150082346222 -0.11306196574568177
4.303981935418017 -0.11587171967996476
4.366813788489813 -0.11818476478931333
4.429645641561608 -0.1199990782456899
4.4924774946334045 -0.12131497141322972
4.5553093477052 -0.12213494766271703
4.618141200776996 -0.12246355488652404
4.680973053848792 -0.12230723574127764
4.743804906920587 -0.1216741782793965
4.806636759992383 -0.12057416924448484
4.869468613064179 -0.119018451914923
4.932300466135976 -0.11701958999797281
4.995132319207771 -0.1145913387138928
5.057964172279567 -0.11174852387397871
5.120796025351362 -0.10850692945380733
5.183627878423159 -0.10488319389679472
5.246459731494955 -0.10089471515516622
5.3092915845667505 -0.09655956428569312
5.372123437638546 -0.09189640726490728
5.434955290710342 -0.0869244345708583
5.497787143782137 -0.08166329799294901
5.560618996853934 -0.07613305407466361
5.62345084992573 -0.0703541135624411
5.686282702997525 -0.06434719622378898
5.749114556069321 -0.05813329040521021
5.811946409141116 -0.05173361672194453
5.874778262212914 -0.045169595303412614
5.937610115284709 -0.03846281605730168
6.000441968356505 -0.0316350114584277
6.0632738214283 -0.024708031413130365
6.126105674500097 -0.01770381979355069
6.188937527571893 -0.01064439227662702
6.2517693806436885 -0.0035518151581991125