0.031415926535897934 0.009086689498889678
0.0942477796076938 0.027160505215581346
0.15707963267948966 0.04493805907868376
0.21991148575128552 0.062229830186318995
0.2827433388230814 0.07885791316215103
0.34557519189487723 0.09465995922094232
0.4084070449666731 0.10949246768468343
0.47123889803846897 0.12323331617298798
0.5340707511102649 0.13578346391552776
0.5969026041820606 0.1470678102654334
0.6597344572538566 0.1570352358104532
0.7225663103256523 0.1656578932466208
0.7853981633974483 0.17292984693434418
0.8482300164692442 0.17886518228670803
0.91106186954104 0.18349571833206307
0.9738937226128359 0.18686845936450905
1.0367255756846319 0.1890429157241556
1.0995574287564276 0.19008841114171635
1.1623892818282235 0.19008147672321551
1.2252211349000193 0.18910341156127097
1.2880529879718152 0.18723806899879153
1.350884841043611 0.1845699072961552
1.413716694115407 0.18118232504142245
1.4765485471872026 0.17715628587242296
1.5393804002589986 0.17256922435310554
1.6022122533307945 0.1674942152506891
1.6650441064025903 0.16199938183731447
1.7278759594743862 0.15614751486538878
1.7907078125461822 0.1499958721189165
1.853539665617978 0.14359612846650352
1.9163715186897736 0.13699444768671187
1.9792033717615696 0.13023164959392441
2.0420352248333655 0.12334344881136843
2.104867077905162 0.11636074463136457
2.1676989309769574 0.1093099445505621
2.230530784048753 0.10221330710958074
2.2933626371205493 0.0950892924941312
2.356194490192345 0.08795291190336456
2.4190263432641403 0.08081606892969571
2.4818581963359367 0.0736878881164694
2.5446900494077322 0.0665750274770688
2.607521902479528 0.059481973094285295
2.670353755551324 0.05241131500151251
2.7331856086231197 0.045364004410006785
2.796017461694916 0.03833959302185417
2.8588493147667116 0.03133645568765876
2.9216811678385075 0.0243519980599664
2.9845130209103035 0.017382851183444747
3.047344873982099 0.010425055172641291
3.1101767270538954 0.0034742342758819025
3.173008580125691 -0.0034742342758819025
3.2358404331974873 -0.010425055172641291
3.2986722862692828 -0.017382851183444747
3.3615041393410787 -0.0243519980599664
3.4243359924128747 -0.03133645568765876
3.48716784548467 -0.03833959302185417
3.549999698556466 -0.04536400441000673
3.612831551628262 -0.05241131500151251
3.675663404700058 -0.059481973094285295
3.7384952577718535 -0.06657502747706874
3.8013271108436495 -0.0736878881164694
3.8641589639154454 -0.0808160689296956
3.9269908169872414 -0.08795291190336456
3.989822670059038 -0.09508929249413137
4.052654523130833 -0.10221330710958074
4.115486376202629 -0.1093099445505621
4.178318229274425 -0.11636074463136477
4.241150082346222 -0.12334344881136852
4.303981935418017 -0.1302316495939244
4.366813788489813 -0.13699444768671187
4.429645641561608 -0.14359612846650344
4.4924774946334045 -0.1499958721189165
4.5553093477052 -0.15614751486538878
4.618141200776996 -0.1619993818373146
4.680973053848792 -0.16749421525068903
4.743804906920587 -0.17256922435310554
4.806636759992383 -0.177156285872423
4.869468613064179 -0.18118232504142245
4.932300466135976 -0.18456990729615516
4.995132319207771 -0.18723806899879153
5.057964172279567 -0.18910341156127097
5.120796025351362 -0.1900814767232156
5.183627878423159 -0.19008841114171635
5.246459731494955 -0.18904291572415544
5.3092915845667505 -0.18686845936450905
5.372123437638546 -0.18349571833206307
5.434955290710342 -0.17886518228670797
5.497787143782137 -0.1729298469343445
5.560618996853934 -0.16565789324662075
5.62345084992573 -0.1570352358104532
5.686282702997525 -0.1470678102654334
5.749114556069321 -0.13578346391552787
5.811946409141116 -0.1232333161729884
5.874778262212914 -0.10949246768468335
5.937610115284709 -0.09465995922094232
6.000441968356505 -0.07885791316215103
6.0632738214283 -0.062229830186318995
6.126105674500097 -0.04493805907868376
6.188937527571893 -0.027160505215581082
6.2517693806436885 -0.009086689498889678