0.031415926535897934 0.0016151326892646885
0.0942477796076938 0.004839311232411947
0.15707963267948966 0.008045249283629076
0.21991148575128552 0.011220853195750398
0.2827433388230814 0.014354129226334493
0.34557519189487723 0.017433223266500385
0.4084070449666731 0.02044646033635485
0.47123889803846897 0.02338238377967824
0.5340707511102649 0.026229794089855242
0.5969026041820606 0.028977787297977665
0.6597344572538566 0.031615792852499124
0.7225663103256523 0.03413361091767656
0.7853981633974483 0.03652144901516899
0.8482300164692442 0.03876995792946561
0.91106186954104 0.04087026679321568
0.9738937226128359 0.04281401726293811
1.0367255756846319 0.044593396688993335
1.0995574287564276 0.046201170176093695
1.1623892818282235 0.04763071142207753
1.2252211349000193 0.0488760322132608
1.2880529879718152 0.04993181044459142
1.350884841043611 0.050793416522253526
1.413716694115407 0.051456937995582736
1.4765485471872026 0.051919202254487616
1.5393804002589986 0.05217779711838011
1.6022122533307945 0.052231089133339875
1.6650441064025903 0.052078239386304084
1.7278759594743862 0.051719216638972075
1.7907078125461822 0.051154807580327546
1.853539665617978 0.050386623995684894
1.9163715186897736 0.04941710665242938
1.9792033717615696 0.04824952570856034
2.0420352248333655 0.046887977460126726
2.104867077905162 0.04533737725796717
2.1676989309769574 0.043603448443010714
2.230530784048753 0.04169270717287928
2.2933626371205493 0.03961244304060051
2.356194490192345 0.037370695418754436
2.4190263432641403 0.03497622549903008
2.4818581963359367 0.03243848403751307
2.5446900494077322 0.029767574859514867
2.607521902479528 0.026974214223656316
2.670353755551324 0.024069686192432053
2.7331856086231197 0.02106579420469712
2.796017461694916 0.017974809093428842
2.8588493147667116 0.01480941383871191
2.9216811678385075 0.011582645390115226
2.9845130209103035 0.00830783393344104
3.047344873982099 0.004998540013268447
3.1101767270538954 0.0016684899538632468
3.173008580125691 -0.0016684899538632468
3.2358404331974873 -0.004998540013268447
3.2986722862692828 -0.00830783393344104
3.3615041393410787 -0.011582645390115226
3.4243359924128747 -0.01480941383871191
3.48716784548467 -0.017974809093428842
3.549999698556466 -0.02106579420469712
3.612831551628262 -0.024069686192432053
3.675663404700058 -0.026974214223656316
3.7384952577718535 -0.02976757485951493
3.8013271108436495 -0.03243848403751307
3.8641589639154454 -0.034976225499030136
3.9269908169872414 -0.037370695418754436
3.989822670059038 -0.0396124430406005
4.052654523130833 -0.04169270717287928
4.115486376202629 -0.043603448443010714
4.178318229274425 -0.045337377257967146
4.241150082346222 -0.046887977460126774
4.303981935418017 -0.0482495257085604
4.366813788489813 -0.04941710665242938
4.429645641561608 -0.050386623995684825
4.4924774946334045 -0.051154807580327526
4.5553093477052 -0.051719216638972075
4.618141200776996 -0.05207823938630414
4.680973053848792 -0.05223108913333986
4.743804906920587 -0.05217779711838008
4.806636759992383 -0.05191920225448755
4.869468613064179 -0.051456937995582736
4.932300466135976 -0.050793416522253394
4.995132319207771 -0.049931810444591405
5.057964172279567 -0.04887603221326081
5.120796025351362 -0.04763071142207743
5.183627878423159 -0.046201170176093695
5.246459731494955 -0.04459339668899328
5.3092915845667505 -0.04281401726293811
5.372123437638546 -0.04087026679321568
5.434955290710342 -0.03876995792946563
5.497787143782137 -0.03652144901516908
5.560618996853934 -0.03413361091767665
5.62345084992573 -0.031615792852499124
5.686282702997525 -0.028977787297977665
5.749114556069321 -0.026229794089855218
5.811946409141116 -0.023382383779678217
5.874778262212914 -0.02044646033635488
5.937610115284709 -0.017433223266500385
6.000441968356505 -0.014354129226334493
6.0632738214283 -0.011220853195750578
6.126105674500097 -0.008045249283629076
6.188937527571893 -0.004839311232411847
6.2517693806436885 -0.0016151326892646885